500
25

4	145
84	110
10	56
53	60
142	60
131	80
41	94
30	76
114	73
20	17
8	91
80	137
130	50
124	134
91	133
101	55
60	25
9	67
136	113
143	111
111	34
139	92
11	80
118	108
107	141

14	34
74	1
62	77
21	7
50	22
6	7
71	66
54	12
70	21
63	83
17	72
72	85
13	30
18	7
55	60
14	76
46	69
17	86
70	9
39	29
43	53
33	48
34	15
18	56
70	51
65	21
17	47
61	65
58	77
42	33
34	68
56	13
22	53
72	4
70	62
33	19
55	35
10	32
74	70
76	66
67	21
35	52
76	54
64	54
15	53
20	87
30	90
60	77
9	65
15	26
56	61
60	70
34	26
70	60
74	52
19	66
53	17
38	23
74	74
73	74
65	18
56	81
46	40
33	4
18	72
12	48
40	15
10	2
73	50
53	43
71	33
12	59
18	45
53	83
42	64
19	24
21	52
45	12
60	6
35	77
13	58
10	80
73	64
58	51
17	14
15	7
65	15
7	57
46	76
45	50
75	52
65	55
73	54
22	17
36	52
29	80
14	5
59	83
38	86
69	24
40	13
76	18
17	36
5	44
43	2
26	81
31	11
16	79
45	39
9	12
65	8
36	58
28	39
75	2
38	42
36	25
26	56
19	86
25	26
18	67
25	83
21	33
57	24
36	14
69	83
32	39
32	76
21	4
34	43
10	28
71	3
15	2
39	63
23	12
2	9
49	4
56	41
17	63
37	15
65	28
12	44
6	26
17	57
9	49
72	11
42	21
27	24
1	88
9	66
39	37
72	87
68	55
49	83
76	35
16	43
46	48
46	82
51	73
25	88
22	61
51	21
54	67
74	73
67	1
62	36
34	45
40	82
57	81
11	66
50	23
74	66
60	68
53	75
23	75
70	29
70	44
67	41
59	12
36	48
73	18
76	47
52	78
28	78
67	53
44	3
11	1
23	68
5	71
49	23
25	34
16	29
54	11
14	4
62	1
38	37
24	90
73	21
28	66
63	68
15	52
57	40
11	35
8	89
32	14
61	38
54	77
27	30
6	32
52	42
75	86
76	6
52	34
60	38
17	20
60	37
25	1
69	37
8	86
5	83
24	44
1	50
13	51
36	51
73	11
31	87
39	74
33	70
66	58
44	75
72	73
46	66
10	82
24	5
6	55
45	86
5	82
66	43
26	13
8	42
75	60
76	28
14	50
53	16
27	13
56	55
69	68
18	86
36	26
14	21
5	22
133	140
89	144
76	112
91	138
93	85
141	90
90	84
147	137
99	122
119	148
83	87
131	93
144	75
105	110
92	143
104	149
92	137
128	118
131	98
143	108
101	98
77	117
77	82
119	131
76	94
137	122
76	76
75	78
101	140
118	96
103	82
113	146
119	141
111	119
87	89
145	93
125	142
116	80
149	131
102	128
117	135
91	137
135	106
89	75
81	82
107	84
113	105
148	82
106	86
94	110
95	144
99	78
134	76
80	82
117	142
135	108
97	94
106	91
135	110
129	87
106	125
128	123
117	96
137	129
104	77
104	135
117	150
105	78
134	101
118	128
150	98
118	134
120	88
115	80
141	127
81	121
129	117
87	101
105	122
106	76
117	115
148	124
100	120
122	78
92	104
134	75
120	148
90	125
104	102
98	78
95	124
111	137
92	75
124	100
96	122
89	111
76	148
76	75
107	129
88	79
88	117
123	120
117	97
121	142
146	138
91	123
136	108
92	88
97	138
94	105
133	81
108	81
84	140
123	136
103	108
103	87
83	74
138	140
127	81
100	121
107	121
100	141
98	126
76	107
102	103
102	115
79	80
87	145
111	115
148	150
87	82
79	77
138	141
85	106
127	139
145	146
115	119
75	85
136	124
143	78
103	88
81	131
141	116
123	135
138	85
142	114
93	133
110	147
109	103
114	124
95	147
140	134
85	78
139	124
87	96
101	126
106	127
88	88
84	116
135	128
106	97
130	75
79	83
132	120
110	74
133	102
107	79
131	135
94	85
104	100
141	141
127	75
88	99
137	149
103	113
107	118
115	102
107	101
74	122
80	125
108	108
86	80
139	80
113	132
139	139
147	135
116	77
89	97
97	141
89	119
74	108
132	81
97	147
125	102
79	105
140	147
147	110
121	125
96	113
97	99
87	81
77	92
133	93
134	84
133	115
138	101
143	114
109	79
119	114
75	143
82	97
149	118
98	111
81	110
115	118
83	106
122	80
99	98
129	95
93	141
134	131
80	104
77	150
84	90
106	87
101	138
105	124
140	142
109	74
130	138
132	113
78	125
114	118
129	97
130	89
149	129
77	110
94	88
104	98
132	95
109	98
106	137
84	88
137	150
139	117
132	147
119	83
140	109
112	125
114	88

70

1985
1985
1985
1985
882
882
882
882
882
882
176
176
176
176
176
176
176
176
176
176
176
176
176
176
176

12
12
19
17
12
17
17
14
14
15
20
12
20
19
16
18
20
13
16
11
19
19
16
18
15
17
20
13
19
17
20
17
18
20
18
12
15
15
13
20
11
16
15
19
16
20
20
12
14
18
20
17
13
20
19
18
14
13
18
17
14
16
18
16
14
19
16
14
16
16
14
13
13
15
16
12
19
17
14
13
16
14
13
16
13
13
18
16
18
18
17
16
13
17
15
20
16
11
11
11
17
15
17
14
13
20
12
17
18
13
19
20
11
15
13
19
12
12
17
16
11
16
18
13
12
17
18
13
18
16
15
18
20
11
15
19
15
12
13
14
12
19
16
11
13
12
15
16
18
15
17
18
15
18
14
16
13
19
19
20
14
16
19
12
19
18
15
16
18
14
19
11
20
15
16
15
17
17
17
12
19
14
11
14
14
12
15
18
18
18
17
13
15
18
17
13
18
18
15
13
18
13
16
20
16
16
17
15
15
18
14
12
19
18
20
15
14
15
17
20
20
20
13
16
15
15
20
19
14
18
16
19
20
11
18
15
16
13
13
13
16
20
11
17
19
13
19
20
17
18
13
20
15
16
17
12
11
14
19
20
15
19
17
19
19
16
14
18
15
15
19
11
12
18
20
17
20
11
18
18
16
11
15
11
14
17
16
16
16
17
11
16
20
11
14
11
12
20
12
16
16
18
18
19
14
20
14
20
17
17
14
20
16
12
11
19
18
16
17
17
13
17
17
16
20
16
20
19
12
13
19
19
19
15
15
18
15
13
11
12
11
17
14
11
16
13
17
17
11
20
17
14
19
15
17
14
17
11
14
17
16
16
18
16
18
18
19
18
18
17
12
12
17
15
13
14
13
20
13
15
17
17
20
18
13
19
11
18
20
20
19
17
13
13
18
14
17
13
14
20
17
12
17
11
13
12
17
20
20
19
20
20
20
19
19
13
15
13
16
16
20
16
13
19
15
12
20
14
18
17
20
19
11
20
20
19
19
15
18
14
19
19
16
16
17
20
15
20
13
12
17
13
11
19
11
18
15
13
19
13
16
11
11
18
12
13
13
18
11
20
14
12
20
16
20
19
17
19
17
15
17
16
20
12
19
17
11
16
16
14
11
12
15
12
11
12
16
11
11
18

401904
476498
384552
459632
218238
218240
229319
190021
204481
238049
59999
60711
56099
61390
64869
57377
64824
54688
60175
62107
62252
63366
65799
64043
65853

1000

0
