500
30

59	114
41	28
138	39
46	12
115	3
52	60
32	74
81	56
27	121
81	142
114	91
37	42
10	86
106	41
66	89
56	35
75	22
129	43
79	25
70	136
43	47
11	106
48	78
82	123
148	53
63	73
26	12
125	61
119	19
55	100

24	76
28	89
50	12
70	87
13	52
23	41
57	72
13	17
47	76
58	31
67	38
30	43
56	85
35	67
76	84
72	17
33	40
6	67
74	65
21	15
56	67
24	23
47	9
4	36
66	10
14	79
24	63
18	57
45	69
11	28
68	42
39	34
9	35
46	19
23	4
70	38
66	17
31	14
42	73
23	51
2	3
68	59
49	73
29	44
66	28
20	14
46	22
14	85
54	21
19	77
11	20
64	72
60	39
25	60
73	82
4	53
46	33
55	78
33	3
18	15
14	63
23	18
21	74
48	12
36	62
37	26
22	46
46	1
28	6
35	81
47	90
7	52
61	90
42	84
42	77
9	69
12	49
23	71
14	54
6	74
54	89
23	9
13	63
70	51
69	85
48	18
24	9
66	71
40	87
60	13
4	35
35	49
45	16
7	39
42	10
56	89
35	33
58	46
16	38
69	48
50	13
48	20
39	45
42	46
73	1
25	80
30	82
60	19
46	75
51	88
29	82
29	63
20	9
19	3
28	1
51	59
17	54
1	26
15	85
21	71
21	30
34	59
48	89
4	13
31	79
61	37
23	85
24	41
48	42
34	78
76	46
51	14
21	51
59	20
37	68
32	25
51	57
34	87
18	63
50	5
10	75
42	44
30	56
59	37
48	74
1	29
44	75
28	69
21	40
7	53
33	24
49	52
16	61
68	5
54	2
13	48
59	69
67	87
6	84
63	37
17	34
61	27
56	42
72	16
74	75
34	48
70	58
27	57
76	6
75	1
49	29
16	70
35	69
17	33
20	11
10	16
58	62
69	24
37	49
29	17
37	57
65	48
66	1
55	74
17	74
26	55
56	50
41	84
8	33
5	72
39	15
26	53
56	5
42	7
20	85
21	63
5	88
39	47
52	71
42	40
36	85
35	42
65	77
46	11
58	77
47	80
59	32
9	2
33	31
26	13
9	67
49	14
32	73
9	33
45	89
6	44
31	86
8	8
48	70
76	62
64	26
46	88
70	16
71	2
55	13
33	13
2	5
59	14
16	7
67	37
23	90
54	81
50	67
13	30
17	17
11	84
33	42
7	10
40	21
60	17
42	37
27	90
31	77
5	73
13	33
37	46
58	84
57	8
4	22
6	51
140	100
114	142
134	136
97	126
99	119
146	79
149	77
96	150
108	137
75	129
81	127
148	120
84	141
137	142
112	94
95	90
95	82
132	80
105	123
81	123
97	77
84	135
85	132
148	76
121	104
136	89
96	87
119	137
150	149
148	124
81	83
114	118
128	139
92	144
144	92
103	134
110	129
92	132
96	118
102	78
123	99
114	105
96	142
93	123
106	113
99	136
120	88
95	126
124	95
130	91
128	107
87	118
104	82
98	104
127	79
125	128
97	76
83	89
148	103
129	128
94	136
150	144
80	135
127	106
134	119
113	135
105	143
131	126
84	113
125	148
135	127
117	86
116	113
87	109
112	124
109	105
149	101
134	113
121	91
118	150
134	116
138	112
100	135
125	126
75	92
107	131
101	121
105	98
105	92
80	121
119	100
141	112
85	126
124	147
100	120
92	124
118	125
110	104
146	119
100	122
92	87
120	87
96	120
115	132
109	123
80	126
93	91
150	77
137	121
75	140
77	120
147	111
88	132
140	148
127	93
136	120
84	106
117	107
82	100
127	89
87	130
146	132
91	113
141	116
76	132
126	145
96	77
128	86
88	149
106	104
75	121
141	108
84	85
85	134
80	81
91	149
146	111
136	132
120	134
139	129
117	100
107	107
83	80
142	112
116	114
109	103
104	84
102	123
140	115
134	128
105	106
124	144
147	115
134	110
109	117
103	100
123	97
103	115
80	89
149	90
81	90
139	110
77	84
126	93
126	77
110	111
126	142
78	120
116	81
122	91
123	130
78	77
79	82
127	122
77	145
82	107
128	147
81	116
101	136
138	136
134	148
86	119
144	124
78	124
144	128
121	149
113	97
141	124
110	91
93	109
124	75
104	99
108	116
132	145
95	80
83	76
110	136
112	131
111	116
123	124
83	121
133	105
134	105
149	121
137	150
139	132
78	117
75	75
105	94
103	118
102	117
146	141
144	139
87	141
122	103
89	95
141	138
126	92
109	116
101	133
126	127
119	124
142	125
88	97
115	142
150	75
128	109
142	148
90	90
112	81
76	142
144	114
144	102
77	75
98	128
98	135
108	105
92	115
125	95
101	114
99	132
133	107
136	150
111	95
128	81
74	142
126	123
118	107
125	123
90	138

70

1340
1260
1300
1670
1450
1560
1700
1610
1490
1380
1420
1480
1420
1490
1450
1560
1670
1340
1380
1480
1610
1300
1700
1260
1300
1380
1490
1700
1610
1480

14
13
12
16
19
16
12
11
12
14
12
12
17
14
15
17
14
11
11
19
20
17
15
19
13
12
20
12
14
18
15
19
12
19
19
12
18
20
11
13
20
17
11
17
20
16
20
18
14
12
14
13
15
11
11
15
13
13
13
17
16
16
18
20
18
13
11
12
18
12
14
15
13
16
11
14
13
13
13
19
15
14
12
17
14
12
11
17
20
18
16
18
20
20
20
15
20
15
18
20
19
12
19
14
14
18
11
20
12
20
15
16
12
13
20
11
17
12
18
19
16
13
14
14
11
14
18
18
15
11
19
20
12
11
20
13
20
12
12
14
14
18
12
13
12
16
20
17
14
18
18
13
18
15
15
20
20
17
15
16
19
20
19
18
11
19
12
16
19
15
12
20
13
20
19
18
13
17
13
18
15
14
17
15
12
14
17
15
19
17
12
11
15
12
18
12
12
11
18
14
15
18
16
13
16
11
16
18
15
11
16
20
16
14
19
16
11
11
18
17
19
16
11
15
16
12
14
14
18
13
15
19
14
18
12
14
13
14
20
14
19
13
13
11
16
15
18
14
12
13
14
11
17
11
20
20
19
12
15
15
17
20
11
12
13
12
14
12
19
16
20
17
12
17
19
11
20
18
15
13
14
12
12
20
20
16
16
20
18
18
15
11
14
11
20
12
18
19
11
15
15
11
11
20
11
17
11
15
12
12
12
11
19
12
20
18
19
20
20
13
18
16
18
16
12
20
20
20
20
20
11
17
17
11
14
13
18
20
15
17
20
11
15
19
13
12
14
11
15
20
16
12
16
11
14
14
11
12
18
17
11
11
16
13
14
17
17
11
11
17
11
11
13
18
14
15
13
11
16
13
18
11
12
14
13
11
12
20
16
14
19
18
12
13
15
19
11
18
17
19
11
13
11
17
18
11
15
15
12
16
17
16
19
14
16
19
12
19
19
14
13
19
15
11
19
20
16
17
15
14
12
11
20
18
13
11
14
17
12
12
14
20
18
20
20
15
12
16
12
16
14
20
12
12
15
20
15
15
19
13
20
12
12
15
17
20
12
13
12
11
15
20
12
13
15
18
19
16
18
11
14
18
15
20
16
14
20
11
15
12
11
20
18
13
17
19
12
17
13
19

194
224
188
207
200
213
187
226
231
224
215
206
209
212
239
182
238
224
212
225
203
186
206
190
190
227
183
198
214
223

1000

0
