1000
50

812	238
501	629
621	470
258	697
876	873
801	772
271	30
498	380
12	868
147	802
629	641
538	610
258	737
156	206
256	44
766	691
313	244
157	746
274	221
240	929
298	27
249	267
394	581
780	309
771	85
971	956
832	678
587	342
439	481
211	973
368	499
0	16
883	7
823	195
901	186
309	278
186	233
267	834
249	214
468	529
288	359
222	632
908	607
401	181
238	335
598	136
58	655
547	329
800	566
977	482

702	299
130	42
117	54
182	927
785	930
49	986
314	242
259	278
949	60
330	798
213	813
758	805
238	666
110	894
485	589
194	235
868	966
916	125
837	295
566	394
163	688
875	6
695	177
911	954
286	709
3	902
609	502
682	695
950	825
238	707
251	269
151	888
4	762
110	268
195	91
245	731
833	773
739	988
27	792
689	153
884	331
855	754
419	585
587	485
36	762
838	976
596	463
248	198
615	521
0	61
32	55
279	21
284	286
692	706
395	587
84	935
318	104
494	532
32	936
177	763
474	643
407	388
318	278
90	331
757	864
920	282
274	834
696	705
165	941
457	365
180	912
141	170
204	328
811	921
299	68
63	666
489	458
411	567
227	747
679	903
80	278
85	22
817	326
162	913
846	696
248	724
810	148
737	275
257	861
76	769
19	930
451	374
233	954
123	202
226	98
249	239
179	729
956	92
413	558
769	877
280	75
449	494
300	715
911	328
117	968
192	206
195	733
447	500
870	907
955	923
843	150
37	246
991	127
597	534
214	910
245	326
889	702
737	883
42	81
472	350
598	419
90	712
404	621
280	166
951	747
820	61
689	42
535	635
752	680
794	682
759	112
409	652
688	920
981	982
11	907
911	299
517	544
709	763
11	58
620	385
854	145
88	242
732	866
965	197
909	986
991	745
281	837
656	481
726	58
273	215
497	460
892	883
116	144
277	37
89	145
149	87
331	832
470	616
330	23
2	788
299	191
745	213
392	585
570	359
87	670
809	969
162	882
300	872
97	726
996	906
21	59
202	754
299	225
315	317
480	572
100	673
99	767
71	116
308	767
399	333
298	230
897	316
748	757
773	330
780	874
237	733
586	374
58	762
391	390
621	391
876	899
794	906
64	24
345	432
688	811
139	794
960	695
125	33
390	449
482	599
346	484
448	353
116	297
778	727
27	8
784	317
10	759
64	935
30	720
233	137
733	958
433	336
61	692
214	79
280	860
908	101
182	868
915	852
542	626
738	824
751	729
860	328
223	729
725	943
108	828
943	761
415	592
533	586
53	32
172	982
200	698
498	335
900	72
705	949
76	667
733	13
489	578
438	626
875	331
599	413
883	235
43	926
166	186
774	170
199	44
996	818
166	786
495	598
103	679
395	387
335	617
810	131
867	914
702	879
264	125
966	956
202	92
709	59
567	484
90	951
891	797
327	259
309	102
330	284
793	905
69	683
918	234
134	698
44	66
991	891
91	983
387	495
523	623
878	960
846	167
863	36
569	550
290	232
859	137
759	75
39	219
143	830
758	871
102	295
801	128
468	558
51	205
893	252
600	588
289	294
129	813
83	15
332	122
305	949
706	252
508	620
815	59
701	908
826	869
136	747
443	533
23	911
388	659
126	303
796	289
144	898
341	417
226	311
808	304
822	16
884	2
16	842
910	22
90	261
230	954
889	175
249	752
355	530
21	690
899	68
189	214
160	260
200	689
693	209
714	777
189	221
104	325
101	32
846	287
148	963
803	186
909	800
45	971
371	604
971	315
797	869
279	282
167	217
855	105
936	901
829	104
268	803
552	597
259	152
870	216
181	971
945	54
548	649
378	530
505	424
278	784
539	562
52	837
879	86
249	61
179	96
31	766
219	824
658	442
575	508
741	768
222	779
950	994
706	142
877	194
802	252
186	319
65	118
88	127
520	342
246	8
13	247
82	242
792	986
19	330
98	899
325	851
207	674
139	839
160	672
856	289
676	323
795	706
587	438
412	531
782	4
305	735
995	810
12	666
130	978
710	686
51	92
145	24
129	123
976	853
792	107
153	898
364	351
238	715
640	635
859	725
227	715
934	834
887	855
855	144
755	62
186	73
26	671
151	115
153	915
456	362
630	346
599	470
99	692
722	923
601	416
892	206
15	175
909	281
81	674
583	392
934	176
309	226
98	680
161	734
309	896
220	956
495	352
227	708
308	887
934	202
938	708
996	210
458	430
177	242
939	315
218	766
291	285
324	873
535	505
820	948
807	104
320	838
917	779
863	22
214	739
809	858
663	522
301	746
7	963
59	997
867	812
964	19
963	939
160	327
214	108
871	768
816	984
335	452
217	836
883	150
363	422
10	121
217	112
381	333
431	617
474	570
951	164
392	502
23	30
172	155
470	345
411	444
971	782
830	268
953	978
188	767
936	136
123	871
771	162
262	753
368	612
297	298
894	300
178	863
332	140
728	812
797	20
901	868
908	146
372	443
826	38
691	240
353	438
966	862
291	256
848	175
789	32
757	28
307	900
239	953
305	221
569	617
254	161
567	361
230	885
448	368
245	313
595	595
712	66
161	143
552	414
213	684
44	710
962	762
747	60
706	818
193	859
212	30
356	457
119	62
155	830
453	458
807	703
337	568
888	70
617	376
800	57
205	277
965	937
928	842
408	603
899	673
615	582
891	168
974	932
286	840
927	801
308	812
767	286
214	269
174	881
231	720
486	358
959	90
943	748
769	825
973	996
64	781
854	210
171	802
894	675
283	985
247	911
938	921
894	720
881	26
379	436
490	573
972	827
190	890
610	499
54	326
266	265
737	104
46	0
572	487
123	200
74	678
370	577
775	312
331	878
916	155
729	869
677	840
639	554
711	956
152	62
808	768
288	95
293	725
249	216
586	346
838	837
128	710
68	149
604	493
13	826
760	983
325	136
934	666
342	515
417	391
319	188
131	762
183	170
274	136
223	962
974	771
604	338
976	990
526	477
756	192
941	982
692	124
894	857
256	42
585	367
873	737
958	812
165	695
260	945
185	292
676	902
886	802
798	61
796	231
622	526
676	905
3	857
378	469
114	262
937	997
30	882
331	213
91	142
609	536
704	938
98	87
228	306
525	416
427	542
274	77
165	754
67	45
757	878
924	976
906	244
111	84
737	58
51	993
820	64
667	678
437	511
687	188
295	155
858	865
223	782
281	259
752	101
821	121
858	321
930	696
338	552
93	949
289	761
45	857
292	990
820	170
233	955
406	411
935	65
325	812
83	105
293	119
62	7
268	786
64	167
763	796
675	185
147	922
890	741
104	326
203	708
707	330
888	157
276	26
540	380
246	217
349	575
794	766
833	57
706	954
78	891
971	38
779	76
81	68
766	947
643	617
193	803
815	887
545	359
680	905
282	235
897	37
834	307
633	651
911	0
651	600
166	807
106	219
1	33
64	272
728	9
866	999
878	128
230	701
172	151
252	115
497	373
273	233
741	843
208	767
327	63
868	784
773	273
258	157
377	660
950	15
300	204
763	295
245	993
711	7
727	231
849	934
977	804
401	402
83	154
101	300
635	469
103	673
955	326
406	446
805	114
698	234
437	617
356	610
87	824
681	763
79	98
116	858
280	26
79	763
780	749
876	778
240	78
640	642
842	78
930	745
658	624
917	696
879	190
154	26
860	288
482	549
718	215
824	86
647	530
743	774
143	238
607	528
289	910
660	339
528	385
24	71
274	909
723	707
5	99
886	121
207	135
409	424
287	843
765	90
872	148
818	798
803	179
303	765
3	47
0	723
402	399
872	790
500	358
983	701
977	17
987	990
923	99
155	314
64	738
218	152
9	866
590	590
771	5
843	155
774	255
186	734
68	188
162	117
770	67
325	819
331	706
742	381
367	62
430	243
700	518
107	413
740	586
119	470
606	264
171	637
757	385
249	439
550	157
848	346
827	554
912	601
588	884
199	462
7	545
418	811
520	812
523	226
232	590
265	542
793	341
697	415
482	140
220	579
629	739
623	279
132	545
415	1
783	385
502	218
266	396
43	507
84	441
755	350
103	456
409	872
162	532
756	639
689	551
36	410
890	639
560	817
360	701
524	306
245	342
678	451
250	394
788	570
544	96
752	428
266	648
795	521
378	83
138	552
235	423
849	664
605	857
472	146
200	375
97	419
965	410
638	833
345	206
408	805
449	991
608	190
149	356
33	545
43	337
77	457
621	990
899	369
94	409
490	56
995	489
600	23
339	958
472	754
439	314
385	950
451	809
744	462
139	401
648	64
762	435
476	852
437	692
419	57
411	781
243	461
346	854
598	908
547	912
637	897
284	477
887	549
677	407
552	163
565	123
656	132
368	271
235	575
455	884
31	629
186	613
471	331
287	560
92	588
444	780
163	431
955	422
891	651
432	900
554	886
172	572
452	180
448	954
345	135
929	656
523	178
738	357
467	225
347	999
624	24
351	202
465	707
175	533
384	118
567	932
67	579
603	320
149	370
237	485
162	569
982	466
356	176
456	822
513	70
517	680
493	962
378	928
376	953
864	498
864	604
925	353
409	236
498	834
214	485
520	709
455	774
359	237
431	759
777	345
489	875
437	266
31	367
656	191
421	783
188	600
682	436
947	478
363	984
646	764
882	523
478	926
410	931
207	335
567	238
457	914
578	710
688	457
471	667
270	364
524	825
307	460
92	558
458	58
587	929
987	618
502	791
463	887
363	898
764	497
761	646
318	625
194	540
283	483
618	266
486	296
547	807
288	427
536	228
682	650
733	451
499	851
601	114
455	692

150

1200
1200
1200
1200
1200
1200
1200
1200
1200
1200
1200
1200
1200
1200
1200
1200
1200
1200
1200
1200
1200
1200
1200
1200
1200
1200
1200
1200
1200
1200
1200
1200
1200
1200
1200
1200
1200
1200
1200
1200
1200
1200
1200
1200
1200
1200
1200
1200
1200
1200

15
12
18
13
15
15
19
19
20
20
14
19
20
13
13
13
13
20
10
13
20
11
15
17
11
10
20
16
18
15
10
11
16
17
15
11
19
18
11
12
16
13
19
11
12
19
10
13
16
10
20
20
14
12
19
19
14
18
16
16
13
10
12
11
18
20
15
15
18
10
15
14
12
11
10
20
19
13
14
16
15
16
11
12
20
17
15
19
15
17
13
13
13
11
13
16
16
18
13
16
19
12
13
12
14
17
14
15
13
13
16
18
18
11
17
18
15
15
10
14
17
17
17
16
10
18
15
16
18
13
16
15
11
11
11
20
13
19
15
17
16
19
17
10
11
11
18
13
10
12
12
18
13
16
19
13
14
19
16
20
16
13
12
17
15
19
18
13
20
14
20
15
12
20
16
12
13
18
16
17
13
16
14
16
14
20
11
13
15
19
12
16
13
15
11
14
18
13
11
14
19
10
13
17
16
13
17
17
18
11
14
13
17
18
20
17
17
12
19
15
12
17
17
11
15
16
13
10
10
12
18
18
17
18
13
15
14
18
14
15
18
12
12
19
20
10
15
12
10
12
13
13
10
14
14
13
18
15
11
11
16
17
17
10
10
10
13
11
17
17
19
15
12
16
12
12
18
20
19
16
11
20
19
20
16
19
14
20
10
13
13
16
16
11
15
16
10
11
18
13
10
15
17
18
18
12
11
20
13
11
11
12
13
15
16
17
17
17
17
18
12
20
17
14
16
13
19
17
12
12
19
15
16
18
10
11
10
16
14
14
18
20
15
18
10
12
19
19
10
16
18
15
16
14
18
11
10
11
17
19
17
15
10
12
15
17
11
10
11
18
11
12
17
17
14
15
12
17
15
14
12
16
11
11
19
14
17
19
10
12
10
20
11
14
17
13
14
14
17
17
12
13
13
12
10
16
19
11
14
20
11
17
12
16
10
20
20
16
12
13
15
16
19
11
14
18
18
16
15
16
16
17
14
18
13
12
17
11
16
12
10
15
13
14
19
19
10
18
14
13
15
11
20
18
16
17
10
13
11
18
13
17
16
19
10
19
14
20
19
15
12
13
12
14
19
17
20
11
10
10
10
18
12
19
10
12
18
17
17
20
11
15
20
15
11
13
16
10
14
10
18
17
13
17
15
16
13
15
19
20
16
11
16
11
14
19
12
13
15
17
16
10
18
11
19
14
10
14
12
20
17
20
17
12
19
11
20
17
17
18
17
12
12
17
12
17
17
10
14
15
15
17
12
17
16
10
20
11
18
10
11
16
16
17
11
12
18
19
19
17
18
17
11
11
10
12
12
20
15
13
19
13
16
18
14
18
20
14
11
18
20
11
19
12
20
12
17
19
10
13
10
12
14
10
14
15
11
13
10
12
12
13
19
15
19
18
18
12
11
17
10
15
10
18
20
19
19
14
20
17
20
16
15
11
10
12
12
19
20
14
15
16
14
18
14
14
12
17
14
15
15
11
16
19
10
13
17
18
13
17
13
11
17
14
19
19
13
10
18
19
17
19
15
15
19
10
15
10
10
19
13
20
15
11
14
14
13
14
14
10
14
14
13
17
12
18
11
10
15
10
11
15
18
16
18
10
15
13
13
15
15
11
14
17
10
11
14
12
10
12
12
13
19
15
11
14
20
15
18
11
19
12
13
11
19
16
17
15
10
19
10
20
12
19
19
19
18
18
15
15
18
11
20
13
18
13
20
20
11
11
19
15
19
14
20
10
15
17
19
14
19
12
19
18
16
10
19
11
20
13
18
10
15
18
11
12
20
10
20
20
15
14
17
11
11
10
12
20
19
15
12
17
20
20
13
10
14
13
14
18
15
10
18
12
11
14
20
16
10
16
12
19
20
18
17
17
15
13
19
14
17
13
19
15
20
16
14
12
13
12
14
11
15
15
20
11
11
13
13
19
18
14
11
17
15
12
13
16
12
16
11
18
14
12
18
12
16
15
10
11
10
20
13
15
15
20
14
15
15
10
16
13
10
14
16
19
12
11
10
13
14
16
17
15
11
15
11
20
10
16
11
16
17
10
18
14
18
11
15
14
19
14
20
15
13
10
16
13
18
19
15
17
11
13
11
15
16
11
12
16
12
11
14
19
19
12
17
12
20
13
16
20
15
12
13
14
14
19
13
16
13
14
14
19
16
10
20
13
20
14
15
19
19
20
15
12
18
10
10
20
20
19
10
15
12
14
20
11
20
13
10
13
19
13
18
13
13
19
12
14
13
12
17
18
15
16
13
10
13
16

3
3
2
4
3
3
3
3
3
4
4
3
2
3
2
2
2
3
2
4
2
4
2
4
2
2
2
3
2
3
2
4
2
2
3
3
3
4
4
3
2
3
2
4
2
4
3
2
2
3

0

1
