1000
50

450	895
157	68
376	973
707	576
501	235
558	696
337	741
358	324
980	232
377	749
816	376
53	252
971	96
172	182
907	629
696	297
816	371
756	409
843	497
339	946
665	310
369	15
466	757
988	306
841	556
424	84
586	231
897	95
995	348
842	501
408	61
828	483
658	272
368	909
611	744
685	416
647	202
981	63
886	239
899	182
755	935
167	524
170	632
178	925
179	564
750	994
312	885
216	545
137	629
113	599

25	5
195	227
613	283
903	200
377	925
489	304
231	193
556	131
954	516
610	900
677	167
746	266
140	130
370	980
917	126
911	113
696	557
666	872
342	155
585	916
743	620
867	451
88	2
728	178
721	597
443	109
423	846
931	71
466	13
595	682
377	244
593	928
4	162
544	233
924	357
274	24
708	275
553	812
838	83
691	245
811	508
660	762
375	921
216	41
522	182
679	83
732	97
1	327
883	574
946	56
958	8
396	166
599	791
606	802
938	450
107	251
719	19
543	299
952	494
431	682
573	991
353	708
142	158
65	269
786	569
379	303
743	540
763	490
717	435
987	455
910	366
578	790
183	43
83	155
949	315
161	120
582	937
73	32
889	84
959	236
762	254
712	43
691	190
138	233
126	176
768	570
732	118
372	702
668	27
836	20
471	308
827	522
475	814
804	25
410	859
521	184
892	67
448	933
555	177
338	279
987	331
838	502
512	692
767	278
989	463
935	297
673	55
197	26
807	13
266	127
691	544
732	188
73	276
709	337
9	296
343	881
876	452
325	101
462	37
862	484
437	132
92	197
482	992
432	201
789	342
710	477
601	90
418	87
582	0
444	88
770	327
833	98
559	282
95	63
227	87
350	694
639	182
896	103
863	101
564	156
863	501
394	291
929	337
335	295
159	291
425	730
719	554
639	200
476	831
143	292
999	243
504	709
724	219
948	401
991	543
831	660
538	139
649	314
142	182
85	118
532	43
607	978
365	193
895	99
346	119
666	225
58	85
446	946
761	112
448	220
610	710
658	93
247	86
818	143
565	982
318	212
986	71
894	537
518	245
170	147
632	799
894	97
0	283
729	493
881	634
824	115
570	158
421	165
32	102
963	434
897	377
871	509
826	655
990	654
481	289
394	824
818	395
165	323
496	233
784	535
622	886
809	223
69	118
682	159
617	916
262	231
391	692
950	331
961	476
151	325
863	599
981	426
678	199
347	772
675	372
498	56
893	373
613	257
869	16
593	933
603	248
463	917
669	360
125	148
47	321
513	996
972	159
489	198
498	129
642	835
573	106
121	184
475	274
467	690
592	808
229	294
697	373
667	489
196	303
453	54
758	661
776	501
700	358
849	91
464	62
204	37
475	666
539	150
727	331
589	794
575	741
508	27
931	628
870	149
770	542
915	613
597	878
892	380
556	57
510	989
857	51
42	53
636	238
593	793
36	102
953	461
415	697
666	47
582	85
93	90
535	299
850	228
235	266
738	406
384	999
93	138
323	118
396	174
532	739
830	648
799	547
353	330
828	372
403	966
918	243
410	812
953	246
166	20
111	79
480	61
181	267
400	206
996	538
404	884
341	107
23	45
651	983
627	137
292	30
397	46
763	118
391	320
344	762
588	986
904	105
756	660
689	565
303	120
912	241
767	428
997	504
26	178
669	89
604	122
188	21
40	59
955	3
522	254
814	12
381	944
304	0
372	237
777	4
145	225
505	246
721	473
503	757
378	137
430	975
355	935
645	932
574	893
701	461
384	932
752	367
23	273
224	250
756	233
709	6
131	192
940	653
755	440
677	271
58	319
359	135
815	264
227	144
949	236
483	241
121	2
170	303
786	591
988	651
24	123
345	851
729	200
172	82
359	197
236	188
343	758
407	908
967	610
417	160
942	149
66	54
832	419
769	20
705	67
759	155
975	141
927	406
765	486
190	101
764	582
841	541
350	325
744	541
787	254
122	36
923	137
937	305
366	291
82	203
987	440
259	182
627	301
536	211
896	144
208	110
649	689
0	306
689	63
548	713
444	887
57	253
941	90
421	107
202	127
92	292
154	127
572	674
286	242
453	86
778	20
695	626
882	491
727	631
350	776
651	271
396	736
190	125
985	297
919	552
518	145
334	869
560	295
453	926
886	562
309	96
399	225
684	578
955	652
365	854
526	122
937	161
971	411
516	324
861	418
170	184
357	798
333	888
318	76
817	582
589	998
360	133
429	132
805	165
804	262
497	78
269	318
804	69
375	124
376	220
96	165
81	47
614	764
837	471
721	459
765	113
827	630
527	282
551	924
653	748
661	702
867	153
569	119
838	253
481	136
461	870
547	788
110	200
374	700
747	196
639	959
931	88
446	30
515	244
850	403
83	295
873	581
636	790
708	381
544	746
937	53
169	13
536	298
972	481
683	610
85	133
552	841
550	2
974	87
16	269
667	259
972	624
907	204
16	198
338	38
591	689
319	97
638	68
355	970
921	265
155	306
356	838
920	106
286	182
715	80
820	383
757	302
382	789
351	177
696	504
441	687
500	820
862	350
419	923
887	579
650	302
915	23
572	787
861	263
786	125
906	650
835	44
782	374
845	438
876	432
444	244
674	323
272	86
358	110
523	972
997	240
796	413
904	221
261	16
712	187
499	828
20	133
881	273
773	314
593	132
87	211
75	209
144	63
835	477
29	91
64	167
563	17
703	334
985	136
703	181
408	701
522	169
686	607
584	716
396	109
414	976
971	473
420	967
917	551
543	808
922	218
358	132
391	319
82	281
640	315
466	726
17	138
877	95
465	869
349	728
390	221
457	15
472	959
964	91
932	564
343	131
455	174
264	240
346	672
994	411
406	962
846	360
676	264
388	717
603	217
728	445
975	342
403	925
968	437
262	198
441	269
959	235
926	144
986	23
405	99
600	23
821	77
992	447
845	105
473	799
83	137
420	332
918	32
619	890
572	848
935	646
203	48
732	555
493	989
42	301
601	276
478	243
574	72
770	513
954	43
601	837
358	816
877	363
944	593
174	121
812	568
823	12
872	455
416	932
672	597
129	256
666	852
642	88
790	623
363	848
933	478
421	316
989	80
864	540
711	542
990	606
503	200
283	271
100	104
581	856
288	280
400	35
401	932
390	72
367	866
117	208
687	198
467	813
795	132
822	407
559	888
608	106
585	794
145	201
984	437
528	96
676	134
715	225
574	908
809	275
572	896
639	128
743	499
145	330
494	189
427	39
443	763
703	595
89	39
486	702
963	223
838	200
440	296
687	271
590	165
92	99
94	139
509	45
361	820
68	213
888	333
690	205
151	140
770	498
975	209
981	298
651	215
699	319
571	954
828	504
554	890
21	238
408	83
448	58
884	583
667	37
804	503
598	306
6	267
397	679
964	186
702	214
901	149
62	81
47	182
921	646
964	455
298	323
787	60
794	514
462	87
850	10
310	173
892	152
899	588
881	661
164	56
666	405
515	294
78	52
435	56
404	296
954	426
430	38
956	334
85	100
595	727
847	452
800	161
877	456
362	756
434	719
95	229
658	98
915	504
362	48
808	417
763	535
412	221
771	495
927	131
86	66
634	717
237	84
505	56
341	93
522	889
117	278
458	190
644	846
308	201
577	710
574	150
991	325
386	698
346	56
167	120
166	268
406	888
906	74
727	167
921	510
548	241
899	521
892	410
976	193
561	929
736	278
560	971
324	140
468	46
479	799
148	35
882	524
960	656
515	83
660	773
750	463
859	461
64	327
896	38
955	216
960	103
466	888
23	249
957	536
797	579
823	44
951	500
415	68
432	310
549	979
304	286
31	239
30	293
606	963
934	159
827	413
468	325
638	28
956	582
162	314
126	35
971	239
825	73
903	227
464	44
330	587
397	585
192	429
506	628
518	634
389	502
414	477
223	462
116	577
2	677
146	764
401	416
866	693
61	643
24	713
70	453
145	524
304	425
731	908
208	551
44	391
153	692
55	786
12	832
793	892
182	741
305	631
185	639
746	729
360	381
844	866
952	700
709	764
895	852
473	571
464	537
756	705
119	549
186	967
252	422
649	557
442	497
365	652
298	611
463	606
689	760
375	499
208	963
593	481
60	415
440	393
694	915
85	851
999	848
538	450
729	721
331	621
131	638
181	869
735	984
219	433
403	543
664	653
728	966
11	990
298	655
998	858
154	766
452	557
862	883
973	876
105	930
926	675
707	843
726	760
60	899
168	580
189	685
89	746
373	505
419	598
15	341
206	769
333	596
564	481
230	434
724	727
313	583
364	547
482	593
202	563
620	546
486	526
326	474
547	510
4	772
338	570
401	522
33	555
225	367
67	955
876	679
388	643
199	490
786	743
155	728
174	823
517	386
33	732
648	451
819	926
782	724
962	703
500	657
627	658
144	709
836	707
783	780
21	580
484	486
82	767
221	647
979	842
801	961
58	349
304	558
589	408
256	690
567	465
789	995
275	937
448	621
154	779
641	629
876	705
360	419
230	956
306	594
28	385
962	728
140	620
408	567
421	442
192	768
308	579
16	933
847	745
90	758
443	464
284	794
526	533
346	460
842	854
795	667
509	338
293	774
310	471
106	350
581	371
101	821
191	832
141	771
421	392
960	810
17	514
81	979
68	546
80	890
231	953
65	685
644	358
291	978
52	368
807	785
367	466
646	435
367	410
29	563
787	993
54	712
292	365
90	383
730	769
201	942
658	440
248	596
919	724
184	709
318	694
42	627
964	675
162	548
409	592
322	975
818	802
564	458
510	498
71	565
647	519
806	876

150

600
600
600
600
600
600
600
600
600
600
600
600
600
600
600
600
600
600
600
600
600
600
600
600
600
600
600
600
600
600
600
600
600
600
600
600
600
600
600
600
600
600
600
600
600
600
600
600
600
600

18
10
17
19
11
13
17
12
15
11
10
19
18
17
10
20
20
10
15
14
13
12
15
11
10
15
15
14
10
16
13
17
20
20
18
19
19
18
17
19
18
18
20
17
18
12
19
18
17
20
14
13
12
18
10
10
20
18
15
16
17
19
15
12
14
15
17
20
11
15
13
12
13
16
13
20
16
17
20
17
19
18
14
20
15
18
13
11
18
13
17
15
13
17
14
16
13
20
12
18
19
13
16
19
19
12
15
19
10
13
15
19
12
12
12
20
10
18
15
12
15
18
16
15
18
19
12
13
11
10
11
16
11
17
19
12
15
18
20
19
14
20
13
14
15
10
14
17
17
20
19
18
20
20
20
13
20
15
20
11
17
15
15
10
13
12
19
15
19
19
14
11
17
19
18
15
12
20
13
14
13
16
13
11
13
16
16
19
20
10
14
16
11
13
14
12
18
16
16
18
19
12
10
18
13
12
16
20
14
13
15
11
20
11
19
19
20
18
17
16
16
15
14
10
19
16
20
13
19
14
15
20
19
15
20
12
13
11
12
19
12
19
17
16
10
15
15
16
20
16
19
20
19
18
13
14
19
12
11
13
17
10
12
20
16
11
18
16
16
14
18
11
16
20
15
17
16
13
11
13
20
20
13
12
11
14
13
16
16
13
14
11
17
17
13
16
13
11
18
16
12
20
19
20
11
10
12
11
19
18
11
14
20
16
13
12
12
15
11
15
18
13
13
14
20
12
15
20
16
16
11
18
15
18
20
16
20
14
15
10
14
18
15
16
17
13
12
15
13
20
19
10
11
19
19
19
10
19
17
14
11
16
12
19
12
12
11
19
10
20
19
10
20
16
19
12
14
10
12
19
15
10
17
14
17
20
17
13
17
17
17
18
15
13
14
11
14
17
16
18
13
19
14
18
11
16
20
13
19
17
20
13
20
16
16
13
18
20
18
12
13
19
19
18
14
20
19
10
13
13
12
16
16
12
20
11
13
13
10
12
12
19
15
16
16
18
13
20
13
10
18
12
14
13
11
15
13
18
17
19
14
17
14
11
14
19
13
20
18
20
17
12
10
13
18
13
13
10
12
19
15
16
10
12
17
10
14
17
18
18
19
14
19
11
17
18
10
17
19
15
11
14
16
10
10
19
15
15
14
20
19
14
12
11
15
12
16
20
14
17
11
11
15
16
11
20
18
18
19
12
13
12
12
12
13
14
18
13
13
20
16
14
10
10
16
13
15
15
18
14
19
11
15
12
14
12
14
18
11
14
20
17
19
16
11
17
15
16
16
10
12
12
16
15
14
12
11
20
12
11
19
19
10
14
19
15
13
20
14
14
11
11
11
15
13
13
17
13
20
10
13
13
18
13
15
14
19
11
10
10
14
17
13
19
19
16
17
20
12
18
12
15
15
16
13
13
12
19
20
17
14
11
16
16
19
15
11
12
17
14
12
15
20
20
19
12
10
11
14
17
13
17
10
13
14
15
20
14
15
15
18
19
13
15
13
20
16
17
13
12
13
11
16
10
16
17
18
17
16
10
12
13
15
14
12
16
14
10
12
15
17
16
20
17
11
12
20
16
14
10
13
14
13
15
14
12
20
10
10
17
10
19
19
19
14
15
16
18
11
16
19
11
16
12
12
20
15
17
11
17
12
20
19
18
14
15
17
16
19
12
17
13
10
13
16
11
17
17
17
15
11
12
11
14
15
12
17
19
18
10
11
12
18
15
20
14
13
20
20
20
15
15
19
20
14
15
19
17
14
19
12
13
18
17
15
16
18
13
10
12
17
16
17
16
19
16
18
20
18
12
14
15
15
12
17
18
17
12
12
19
20
18
19
12
20
11
13
16
16
11
11
20
13
10
18
12
18
18
17
20
13
11
12
18
11
15
17
10
20
17
11
15
13
11
11
15
14
10
11
14
12
11
18
11
13
19
10
12
10
18
19
18
12
20
19
11
16
11
18
14
17
16
18
18
13
11
14
11
20
19
12
16
12
18
13
17
13
12
11
13
19
10
10
18
18
15
20
11
10
19
19
13
19
20
18
11
11
18
20
14
16
17
20
17
16
17
19
20
11
19
17
16
10
16
10
14
11
16
13
18
19
13
17
14
13
10
19
13
13
16
12
17
18
19
19
15
20
19
13
12
10
18
13
14
15
19
16
15
18
18
11
19
17
10
13
14
18
12
11
14
19
12
20
13
15
14
16
13
18
18
11
18
16
18
18
13
16
12
16
12
20
20
13
20
20
13
19
15
15
12

32818
32879
27406
29497
25282
35186
24985
38861
23672
21154
25175
28295
38379
34622
27249
31059
34979
23937
23786
20069
27457
36413
23002
22828
24048
21136
24331
26225
38957
36570
29461
29749
22469
38842
38203
28762
30031
20133
39060
24559
28148
39127
31660
39661
39367
29574
31565
28830
35788
33964

0

1
