1000
50

444	703
189	633
707	249
645	855
615	884
116	981
840	981
520	16
583	116
598	334
528	488
672	65
787	788
449	392
361	968
788	67
474	63
783	614
160	556
208	266
551	201
475	425
663	63
9	839
74	455
11	308
102	370
532	657
821	762
286	968
545	326
224	342
418	662
662	934
149	628
170	485
942	645
177	336
520	420
994	635
321	372
886	572
751	930
729	118
857	618
928	81
331	839
287	969
293	580
687	19

527	835
557	8
250	251
837	543
490	660
321	322
883	787
84	90
461	310
183	5
398	370
416	993
353	959
397	611
405	554
723	756
153	282
393	690
533	634
196	920
868	912
230	86
53	886
174	267
296	474
877	383
801	332
520	207
366	99
38	888
591	618
767	337
93	24
283	223
693	386
310	365
337	475
125	959
768	223
177	234
56	670
4	296
10	962
484	669
535	543
347	703
835	782
736	554
71	509
891	85
75	20
377	637
166	763
952	486
152	455
867	598
289	25
467	452
108	122
143	580
564	89
281	413
245	711
447	612
12	610
838	82
687	826
232	304
527	21
320	972
156	985
583	67
369	98
103	796
164	677
927	146
287	984
250	45
271	523
420	145
960	548
884	702
847	796
819	138
438	908
77	110
429	476
73	435
789	529
428	866
676	499
456	447
411	57
155	991
111	474
957	743
364	745
907	923
91	933
510	297
50	82
51	251
307	99
985	378
764	88
360	381
51	134
707	305
662	843
874	115
907	304
845	642
515	195
806	806
163	208
780	373
509	318
610	68
110	779
321	748
320	531
330	393
381	180
32	136
453	481
155	98
870	462
153	284
881	493
41	858
242	245
574	303
382	358
749	827
900	447
656	886
498	153
814	464
424	989
928	287
596	301
770	489
108	577
526	137
299	33
4	4
160	878
73	126
472	777
195	230
190	34
116	528
435	350
631	993
528	231
872	708
291	565
429	462
215	995
602	461
593	324
381	985
807	204
925	668
786	511
531	292
576	213
895	652
230	237
995	525
741	661
274	341
506	932
955	625
152	101
141	236
649	363
530	723
729	41
190	322
315	19
125	313
571	566
712	908
375	99
127	182
561	999
263	315
2	989
222	347
509	596
3	323
359	976
71	921
452	179
890	333
698	434
920	654
750	491
454	1
758	476
728	116
919	345
441	925
742	12
423	332
559	936
161	344
17	624
310	140
612	324
504	968
60	108
857	818
896	127
841	683
539	917
430	855
197	68
98	336
521	746
537	283
694	277
183	165
734	278
707	824
899	351
220	103
618	875
629	413
687	509
678	960
380	659
617	750
321	706
955	198
731	672
163	900
638	346
783	372
378	411
241	290
192	261
725	548
351	352
380	614
24	758
298	583
684	921
329	196
529	628
373	700
862	344
119	552
163	204
56	492
517	220
895	440
66	637
626	447
344	995
429	768
584	233
514	668
550	55
96	36
179	708
319	899
193	572
774	474
296	781
21	102
657	522
407	603
865	984
891	639
162	832
520	906
68	621
988	808
802	348
896	153
225	792
422	68
209	311
340	141
385	514
547	150
500	567
145	570
9	514
69	77
829	370
228	924
864	941
149	481
800	699
805	150
848	111
328	153
263	310
355	37
259	914
337	919
779	776
694	317
453	995
943	339
572	495
350	801
201	574
739	119
260	196
462	166
448	664
286	368
196	226
674	183
703	782
297	170
512	414
151	210
475	862
123	485
432	825
970	408
310	802
968	413
723	339
805	468
294	540
14	916
178	444
591	253
927	920
475	863
312	99
518	621
210	283
494	3
63	911
278	39
234	889
743	478
639	168
260	862
85	733
808	183
650	995
598	965
334	849
82	342
674	278
558	727
911	401
313	831
105	146
57	928
627	406
990	318
785	419
804	824
909	292
664	414
743	849
685	155
186	529
269	374
21	679
41	214
94	562
108	230
943	520
220	86
463	495
503	577
700	536
684	284
821	154
716	295
927	219
966	991
774	742
460	836
648	582
892	334
350	204
993	834
136	171
939	126
966	527
220	775
375	606
44	861
635	483
559	797
744	424
128	804
343	131
50	666
917	808
868	696
147	415
541	358
451	762
979	566
563	470
730	924
570	237
137	814
678	174
506	233
642	134
602	370
960	46
645	627
432	619
885	152
425	379
223	558
630	115
87	770
373	209
793	84
570	342
260	373
824	425
223	80
132	203
299	364
41	348
836	419
647	28
925	132
383	671
410	488
984	606
746	889
890	298
755	920
820	240
717	466
282	250
191	251
760	522
618	662
599	258
479	394
333	160
145	571
919	847
371	517
26	818
775	818
1	877
972	432
697	443
316	746
894	245
872	730
413	987
35	602
139	186
396	657
517	245
120	538
856	925
29	467
924	423
812	554
282	806
669	439
496	275
204	401
782	546
935	141
89	689
737	568
226	250
125	539
728	88
350	355
245	928
684	358
166	544
334	907
948	898
750	470
597	984
884	724
242	925
564	790
280	337
346	533
435	456
742	844
495	440
147	735
204	834
930	970
229	551
16	644
330	444
353	793
577	859
523	515
480	926
16	128
565	540
844	962
107	652
354	316
375	320
996	598
836	544
749	259
725	193
4	377
875	541
470	634
934	292
231	282
555	489
541	957
277	716
663	903
39	910
577	269
223	530
827	395
98	515
900	713
277	447
604	216
586	688
713	456
475	145
226	101
285	779
532	873
373	493
560	592
476	79
672	431
900	239
738	205
464	434
346	258
362	453
349	757
984	799
843	958
915	662
853	345
962	314
755	871
285	540
412	558
190	314
702	726
214	320
533	993
797	79
711	339
884	908
432	301
303	883
712	610
479	429
836	266
964	803
760	752
245	43
142	403
556	821
217	742
861	582
408	451
820	626
439	388
88	728
917	589
838	71
672	433
716	733
278	863
344	89
265	849
785	857
790	835
678	758
371	843
863	38
41	297
685	527
145	94
181	779
182	173
528	942
410	95
572	727
485	326
73	290
737	137
631	684
930	586
926	305
110	594
929	301
197	928
395	54
634	59
583	869
927	757
173	562
836	5
715	244
81	647
389	128
46	618
399	30
591	567
108	384
521	158
568	780
195	409
824	485
780	726
364	876
839	546
518	87
679	579
436	130
608	836
290	450
464	843
928	204
984	862
803	838
557	475
46	214
140	996
299	993
687	310
454	858
307	985
189	799
634	96
946	993
518	378
888	821
935	81
507	346
423	73
201	96
303	22
138	289
686	788
745	371
854	546
377	28
161	775
680	701
663	40
798	689
218	147
956	445
891	338
971	405
725	315
377	549
446	823
600	121
958	992
53	524
637	5
628	927
110	445
875	41
67	124
951	265
954	662
982	761
977	133
426	43
227	14
296	823
336	979
33	245
626	874
273	679
694	500
842	195
371	929
306	171
50	189
745	542
544	454
413	927
877	217
685	965
348	31
912	32
279	776
828	11
753	980
117	381
110	498
958	272
692	539
513	400
124	436
744	317
537	658
253	416
127	231
570	933
690	678
660	482
282	662
925	677
122	154
588	952
471	297
50	20
335	411
620	628
85	856
847	151
971	229
674	815
302	316
45	770
88	342
583	575
236	75
31	35
428	283
270	707
687	968
276	920
659	445
171	210
217	121
813	571
461	381
149	809
594	428
565	102
689	692
123	390
279	66
655	608
2	605
151	475
849	342
279	968
741	488
81	248
94	689
397	136
916	281
689	240
308	393
74	375
410	682
706	811
966	279
404	720
512	223
542	60
711	483
204	82
742	371
389	507
274	189
12	758
866	897
358	648
287	8
463	376
924	812
706	949
48	116
442	30
243	326
428	743
157	740
520	116
60	286
9	936
808	596
800	225
727	259
80	719
504	110
732	829
344	681
785	611
859	869
609	951
172	79
882	826
713	131
518	672
487	590
836	395
740	722
644	397
886	934
989	18
365	28
579	846
498	519
368	575
617	958
24	548
447	794
266	743
793	280
431	830
985	967
986	543
965	492
893	182
561	47
858	33
453	573
184	102
767	493
378	565
633	77
714	826
666	422
703	475
611	801
573	343
500	600
42	849
396	665
955	256
146	49
720	464
936	710
257	107
948	439
384	630
370	706
717	926
349	91
861	824
629	80
312	445
272	844
188	913
280	348
173	143
817	502
364	774
767	702
958	392
620	758
953	890
864	709
340	484
56	436
835	128
650	894
893	513
58	530
519	46
175	299
299	610
254	690
672	499
106	742
519	478
440	104
41	305
27	343
375	755
520	813
585	844
849	44
524	410
823	532
107	907
42	281
248	467
780	394
217	441
418	416
668	830
756	751
199	325
305	828
330	772
33	401
261	495
670	740
351	471
94	10
203	901
82	194
7	983
135	716
139	509
969	572
736	28
177	278
766	263
768	923
213	116
529	452
287	701
238	500
757	929
789	585
737	335
457	555
867	954
411	206
29	690
460	79
778	313
365	944
443	796
821	164
63	783
78	838
991	966
486	297
306	792
752	777
224	224
3	697
987	272
873	386
631	892
808	611
961	937
149	126
525	310
84	236
210	174
921	513
945	990
13	861
313	530
656	142
349	812
189	853
558	689
648	814
397	618
375	611
495	199
377	478
724	46
518	774
563	303
464	98
374	486
539	774
458	509
872	717
72	449
552	845
123	275
145	351
194	40
299	825
737	798
231	815
826	819
453	350
158	40
91	302
351	53
37	810
905	317
678	646
754	361
568	717
320	261
289	375
327	513
875	475
932	466
958	822
924	658
632	398
439	473
392	332
378	193
92	436
284	960
97	162
823	538
910	770

300

600
600
600
600
600
600
600
600
600
600
600
600
600
600
600
600
600
600
600
600
600
600
600
600
600
600
600
600
600
600
600
600
600
600
600
600
600
600
600
600
600
600
600
600
600
600
600
600
600
600

10
20
19
13
19
13
14
14
16
18
13
13
20
11
11
16
16
20
20
15
10
13
17
14
13
12
14
18
20
13
19
13
11
12
19
14
12
14
11
11
16
14
18
16
20
18
14
12
13
10
16
15
16
18
18
20
20
11
13
10
12
19
12
13
10
20
11
14
20
20
14
10
10
11
19
19
12
10
17
16
18
13
14
13
16
15
14
15
17
13
20
16
10
12
19
15
14
13
19
20
13
16
18
16
19
10
16
10
14
17
11
15
15
11
10
15
16
10
12
17
17
15
17
19
11
15
19
16
20
10
15
18
17
12
12
16
14
20
12
16
18
16
18
15
17
10
13
12
18
12
16
14
10
15
16
15
13
14
17
15
16
12
18
16
19
16
10
19
12
17
18
13
19
18
20
14
14
19
19
19
16
12
19
12
10
12
20
20
16
16
18
14
19
14
15
20
18
14
18
10
16
13
17
18
12
11
15
19
11
12
14
17
13
14
17
10
15
11
18
18
16
12
13
11
11
13
13
12
13
19
13
10
16
12
11
12
11
19
16
19
17
18
18
14
18
16
18
20
11
18
14
19
12
12
11
16
13
20
17
13
16
20
12
15
14
13
14
13
15
12
18
15
14
19
10
17
20
14
16
12
19
19
20
18
20
18
20
11
13
13
17
19
19
15
14
11
13
15
16
19
11
15
11
12
11
15
14
12
12
18
14
17
11
11
16
12
11
15
17
16
13
20
16
10
16
17
16
10
10
14
13
17
19
20
17
12
12
10
20
18
11
19
20
11
15
11
11
15
10
18
12
15
10
16
18
14
13
15
16
15
20
11
14
12
14
18
15
19
14
19
15
16
15
11
20
10
14
12
18
15
18
13
16
12
18
10
20
12
13
19
12
18
19
12
17
19
10
13
17
11
19
14
11
16
12
12
16
12
17
19
10
20
15
18
18
17
13
10
19
12
20
14
18
18
16
16
15
20
20
10
11
18
17
13
14
14
14
14
16
12
18
20
14
19
10
17
20
14
16
15
14
18
20
10
16
17
12
11
12
12
13
13
11
16
13
17
14
20
17
11
11
18
17
15
16
20
18
12
10
12
14
13
14
18
13
11
12
10
15
19
16
10
18
13
18
11
15
14
11
10
19
14
10
18
10
16
18
18
16
11
10
20
13
12
16
13
14
14
19
10
19
13
11
13
17
15
14
13
19
10
12
19
11
12
12
10
10
15
11
12
13
19
18
17
14
10
20
15
17
16
10
12
18
19
14
10
10
19
12
14
13
13
12
13
13
13
18
10
15
17
18
10
18
19
12
13
18
15
18
20
11
12
13
12
11
10
14
14
10
10
15
11
18
18
12
10
13
17
11
12
19
12
10
20
12
19
16
19
18
18
17
13
14
18
13
11
11
16
15
14
13
15
20
17
16
10
12
20
11
18
12
13
20
20
10
14
16
14
14
13
18
14
10
10
13
17
20
11
15
17
15
10
12
12
17
12
18
15
18
19
19
12
10
13
18
16
17
15
12
11
13
18
10
20
16
20
14
17
13
17
10
12
10
10
20
12
16
11
19
17
18
17
11
10
10
14
19
18
11
11
14
10
11
15
18
11
13
13
18
10
12
17
14
17
13
20
15
10
19
12
14
19
17
16
13
18
18
14
12
17
11
19
20
15
20
16
14
17
13
17
12
18
10
18
16
10
13
18
11
17
15
16
11
10
18
17
18
18
19
20
18
16
12
16
17
17
19
14
10
12
12
18
16
13
16
19
18
17
18
19
16
20
15
12
20
16
20
15
14
18
13
16
20
12
18
19
15
11
14
17
20
12
14
16
18
17
14
13
14
17
18
13
17
17
18
19
14
10
20
11
12
20
15
19
16
13
13
13
12
13
10
10
10
14
10
11
14
15
20
15
12
19
17
17
19
13
10
10
10
11
12
16
16
11
19
12
16
19
19
17
13
10
15
18
12
15
14
13
19
15
20
20
10
16
12
13
20
15
11
18
17
11
13
12
15
20
16
17
15
15
14
15
18
19
17
20
14
20
16
14
16
16
10
12
19
18
20
20
19
17
12
20
15
19
15
17
12
12
13
19
11
10
10
14
11
20
14
18
13
17
19
20
14
17
17
11
13
20
17
10
11
17
10
12
14
12
18
16
11
10
15
18
11
14
16
13
19
11
13
16
15
19
13
15
13
13
13
10
18
12
19
15
13
16
20
16
14
12
13
17
19
16
13
19
18
19
12
20
16
13
18
10
12
12
20
13
12
19
18
18

4
3
4
2
2
4
2
4
4
2
2
2
4
4
2
3
3
4
3
3
4
3
4
4
4
3
4
4
4
4
4
4
2
4
2
3
3
3
3
2
4
4
2
2
2
4
2
2
3
4

0

1
