1000
50

309	454
197	929
913	505
630	408
719	665
551	905
157	866
574	832
754	889
103	697
616	959
204	519
529	889
497	529
542	67
228	370
721	18
978	83
296	894
490	714
808	369
740	49
757	930
837	712
367	603
804	217
963	700
489	555
11	844
517	618
559	759
373	830
649	210
266	405
184	739
333	711
46	79
248	684
621	492
584	734
779	854
488	8
381	347
674	312
959	544
993	772
381	527
632	974
414	516
431	869

462	413
921	723
520	484
235	111
566	568
96	91
375	572
84	277
680	259
490	782
898	269
129	452
709	971
271	145
388	802
629	270
320	680
639	214
488	936
379	662
523	274
263	364
235	344
395	325
444	947
397	635
483	769
520	578
677	369
587	812
215	748
625	954
243	109
291	344
296	350
466	224
83	84
981	764
498	150
126	931
632	811
110	847
764	523
172	1
987	187
565	460
534	99
288	193
666	904
696	905
87	416
905	741
512	473
61	394
988	437
831	989
383	661
455	775
643	677
426	362
204	555
209	913
378	983
22	737
198	168
382	566
176	261
12	177
67	635
605	786
308	530
834	878
90	158
587	960
158	392
144	366
586	137
957	898
429	176
753	385
16	285
852	10
804	970
158	592
102	722
350	220
918	227
455	138
768	492
424	233
915	87
309	898
976	476
339	263
90	751
931	950
283	273
235	451
992	785
257	821
739	379
500	882
72	98
687	765
734	28
556	180
197	24
452	62
288	424
614	595
239	223
762	163
833	806
250	412
889	449
216	16
483	916
747	740
794	198
507	556
22	116
136	561
813	838
340	767
654	100
740	881
654	853
868	11
249	14
712	136
390	99
366	493
929	542
687	908
881	524
881	688
593	746
32	650
511	250
453	736
332	821
35	408
998	405
56	645
638	732
43	466
121	978
479	266
936	818
487	66
945	721
21	719
923	822
404	680
747	9
170	95
153	279
508	43
14	881
48	836
840	385
940	460
521	905
262	275
207	355
151	415
437	56
616	466
477	144
607	791
317	574
590	990
648	534
92	74
828	22
10	314
150	717
398	21
321	413
577	630
254	256
241	727
685	284
993	278
533	677
135	264
75	892
995	184
786	322
893	670
839	673
640	412
115	375
818	65
506	940
335	694
7	111
617	141
776	594
520	206
760	668
678	566
158	761
281	79
957	666
946	779
150	6
87	404
598	155
554	95
27	621
108	228
677	861
489	784
203	919
90	515
500	945
441	599
233	824
738	609
345	61
922	765
449	104
631	371
905	737
223	538
851	849
881	938
597	774
547	964
75	194
405	514
739	902
489	954
231	375
222	416
342	800
336	93
311	716
624	698
261	725
359	580
16	10
431	917
821	52
918	635
473	878
990	232
527	165
560	22
102	60
639	279
151	541
292	658
151	224
151	402
249	359
715	752
154	69
641	404
349	801
203	147
693	110
914	529
416	250
797	458
558	112
263	569
367	425
699	186
617	180
454	135
893	405
146	736
775	167
245	75
505	666
9	862
431	826
258	734
822	190
925	921
222	343
654	782
725	141
392	197
606	195
339	440
833	659
74	761
272	21
200	192
913	521
906	905
131	47
746	839
914	893
945	523
786	981
253	325
974	309
316	914
833	118
98	173
80	121
569	76
59	994
439	446
415	497
851	783
833	763
130	724
804	127
758	723
510	122
374	762
75	88
492	58
223	494
635	372
716	201
533	7
477	150
900	979
95	414
310	905
991	511
51	978
594	546
825	676
828	29
989	310
252	127
427	321
67	699
853	690
642	15
487	279
44	778
663	501
650	153
40	725
901	720
5	420
107	928
928	186
80	228
700	768
862	179
369	68
432	667
448	427
195	514
970	458
968	770
776	766
414	74
176	75
394	234
590	705
460	954
842	896
910	588
695	185
190	426
781	739
268	833
332	159
229	240
624	220
734	22
16	792
63	465
330	69
378	334
84	418
718	101
145	379
111	131
682	943
268	830
867	987
647	988
876	567
158	729
419	903
63	877
239	683
363	996
359	513
557	701
705	602
564	899
148	350
716	58
548	667
952	642
624	555
253	809
6	840
37	794
603	476
153	68
875	736
1	554
901	858
776	9
432	477
162	154
221	547
963	653
435	437
787	892
871	765
476	407
342	387
230	440
668	157
316	868
78	100
606	463
652	342
57	881
34	253
666	848
534	469
916	173
421	740
789	11
713	516
743	477
578	257
604	61
812	433
852	17
40	567
603	804
416	311
965	362
990	443
789	324
593	96
359	59
408	595
285	837
910	37
138	124
539	126
638	55
356	5
34	49
697	868
305	327
686	908
556	991
45	615
467	386
829	852
115	40
71	115
439	993
869	85
903	429
809	122
37	26
868	210
712	572
973	419
122	640
471	785
835	92
742	14
675	741
282	389
508	496
878	466
486	337
980	681
761	369
137	457
226	878
307	952
82	852
786	491
15	390
924	656
762	505
430	605
307	804
259	587
345	84
143	996
834	462
758	679
548	723
564	895
596	715
299	402
996	310
56	646
39	74
588	293
761	362
240	163
389	531
260	413
47	159
403	935
839	161
128	80
250	111
905	791
529	549
601	509
554	484
949	311
371	61
126	168
398	506
558	145
525	944
75	984
112	743
644	45
566	643
436	6
370	459
302	851
611	484
63	269
573	544
106	825
881	355
383	625
697	438
479	705
844	97
610	63
418	460
308	307
306	774
920	623
367	469
42	859
10	530
572	320
352	74
643	876
989	436
16	770
338	106
866	322
603	813
766	200
993	504
958	986
943	453
682	66
454	280
326	506
855	158
24	83
670	40
615	185
569	533
868	552
760	751
366	527
548	709
277	646
103	82
864	218
411	999
291	583
974	497
242	805
685	740
109	652
760	310
585	211
661	153
861	922
447	538
684	479
508	766
301	5
421	330
514	466
717	807
876	722
39	354
406	384
378	763
223	479
338	225
873	708
227	42
921	167
825	303
785	961
188	15
208	143
724	187
41	442
495	568
511	278
668	78
987	872
392	750
184	949
175	916
648	154
407	265
965	850
205	623
423	44
899	638
796	418
822	179
871	78
310	312
786	23
667	464
985	471
926	103
531	793
775	559
609	599
619	318
269	169
143	799
888	776
65	539
937	385
245	783
641	988
728	945
496	785
253	610
181	948
787	501
274	766
936	606
379	56
733	271
655	691
420	5
527	776
558	143
535	664
415	701
280	285
541	483
313	604
607	51
871	515
973	542
762	694
474	892
378	560
873	286
772	163
903	797
229	704
463	77
646	257
413	712
530	95
193	850
632	138
777	943
352	539
249	470
344	618
208	802
409	63
483	957
629	558
43	95
539	57
811	407
573	895
382	956
574	158
438	435
676	842
540	0
689	142
644	584
630	867
686	70
885	9
37	750
372	309
126	555
428	359
674	354
835	285
432	218
974	35
20	954
475	849
516	970
103	35
980	702
421	425
256	127
514	194
706	109
44	688
659	484
238	880
462	544
166	698
744	754
228	625
765	190
573	72
715	813
108	719
24	272
137	995
68	856
441	142
577	613
221	501
656	194
966	9
649	869
979	13
890	423
65	659
977	549
755	951
99	636
70	651
178	545
89	211
160	316
881	291
177	530
987	424
727	22
352	979
362	653
867	411
218	459
326	537
801	99
398	29
414	573
774	403
5	608
491	614
208	372
965	335
450	537
227	246
269	553
140	660
270	818
474	44
580	119
710	154
205	556
170	826
920	819
304	19
694	56
609	477
435	942
498	250
85	356
509	6
56	759
451	537
845	438
609	299
245	151
557	157
386	361
409	955
667	914
138	778
37	177
20	377
485	506
381	874
884	507
427	832
888	38
68	836
176	126
119	732
729	371
53	414
465	196
753	57
789	796
151	897
989	690
155	274
195	413
403	200
723	454
831	135
623	90
752	506
443	617
863	560
439	600
46	605
816	144
80	606
615	724
452	463
148	70
20	496
911	298
303	991
397	17
382	538
369	50
943	452
504	303
515	960
657	431
810	709
256	955
714	605
531	340
353	15
902	375
245	756
995	958
994	404
802	333
702	547
461	91
341	438
713	640
984	86
759	725
556	653
969	802
924	471
172	870
316	191
727	969
294	653
630	184
339	964
267	774
400	228
472	492
13	7
1	229
751	233
882	666
468	39
863	134
777	989
898	371
15	449
491	75
717	197
249	967
3	802
715	842
801	400
876	530
396	789
769	899
86	241
707	42
524	903
645	63
410	227
433	549
555	736
245	190
260	832
521	459
636	372
323	635
923	915
191	442
559	910
505	295
352	228
217	441
913	201
763	394
60	656
81	384
192	373
772	194
565	766
518	467
993	990
703	694
805	145
438	647
996	86
481	293
788	458
98	107
975	737
550	560
636	963
703	494
631	66
367	792
634	663
772	574
129	820
501	679
138	288
969	796
257	431
284	554
606	399
281	139
209	903
589	727
993	31
424	92
4	195
541	460
323	582
83	961
741	292
784	454
82	291
159	520
427	732
514	540
415	981
543	716
742	687
417	850
536	111
360	557
622	608
818	467
503	215
347	432
722	851
846	489
36	14
672	973
850	352
542	8
475	856
722	33
638	201
926	719
66	930
243	971
611	465
883	430
994	10
3	429
558	351
690	470
566	735
176	69
873	273
147	992
167	600
446	995
273	19
58	97
878	174
696	603
672	530
323	738
675	944
787	158
388	597
732	797
432	748
142	641
74	769
440	911
9	684
186	641
678	810
313	656
90	491
850	370
610	800
494	778
525	876
594	338
660	747
295	50
440	735
87	111
479	306

150

1200
1200
1200
1200
1200
1200
1200
1200
1200
1200
1200
1200
1200
1200
1200
1200
1200
1200
1200
1200
1200
1200
1200
1200
1200
1200
1200
1200
1200
1200
1200
1200
1200
1200
1200
1200
1200
1200
1200
1200
1200
1200
1200
1200
1200
1200
1200
1200
1200
1200

16
20
19
18
14
20
17
13
17
13
10
18
11
20
20
15
18
14
15
13
14
14
18
18
17
10
15
18
16
16
10
19
13
10
20
20
13
19
10
19
20
17
17
11
15
18
16
15
19
19
20
18
16
14
12
14
11
13
20
16
18
12
18
12
17
16
11
18
20
18
11
20
14
17
18
15
19
11
10
11
16
10
18
19
12
16
14
20
11
12
19
17
12
16
16
10
18
13
15
10
18
11
17
12
18
15
15
11
15
19
12
13
16
18
10
12
16
20
19
10
11
18
12
11
13
18
18
20
17
18
16
14
19
17
16
20
11
13
13
16
20
13
15
14
16
15
12
19
17
10
17
19
19
17
15
13
11
19
19
18
16
14
20
14
14
16
11
14
13
13
15
12
19
17
10
15
15
16
11
15
15
12
20
20
15
15
13
13
14
14
13
20
17
19
17
19
19
11
16
16
15
10
19
20
17
16
11
10
18
13
12
18
11
12
14
13
12
16
17
14
14
11
16
11
10
10
12
12
19
14
14
20
16
19
10
14
16
10
13
15
13
12
18
13
11
17
16
13
13
20
16
19
10
16
13
20
10
20
20
12
19
18
16
15
19
19
12
10
12
16
10
12
18
20
20
10
13
19
12
12
13
17
14
16
15
14
10
14
12
16
17
13
16
18
17
15
19
19
14
19
11
10
16
18
10
19
18
17
10
16
14
19
12
19
19
19
15
16
14
18
16
20
20
10
16
10
18
19
15
13
11
12
12
12
14
12
15
20
11
15
11
18
12
16
15
19
11
20
20
12
12
13
20
17
20
16
12
20
14
18
14
18
15
14
10
18
16
14
10
18
16
18
15
10
18
16
20
11
19
19
16
19
13
20
10
18
16
19
19
11
11
15
15
20
14
13
16
20
11
15
17
20
15
11
20
16
15
18
11
17
14
13
18
17
15
11
10
17
17
11
20
14
18
13
20
13
11
17
18
20
14
13
11
14
17
16
16
14
18
17
12
10
18
16
17
15
17
17
11
18
16
12
15
16
16
17
12
13
17
18
10
16
11
10
17
12
17
11
13
20
16
19
19
15
14
19
11
12
12
14
17
17
19
16
20
20
19
13
14
17
15
15
14
19
13
13
20
13
16
16
16
10
19
18
11
14
12
17
14
15
16
15
16
13
18
20
20
13
11
16
19
18
12
14
15
10
11
12
17
11
13
11
20
20
11
10
10
13
16
10
13
17
14
17
17
17
19
14
17
20
10
18
20
17
13
18
13
12
12
10
20
14
20
13
16
18
17
12
16
12
11
17
19
17
14
16
19
12
16
19
18
14
17
15
12
10
20
10
11
12
13
18
10
12
16
20
11
15
17
12
19
16
10
19
14
10
10
16
15
10
19
11
15
10
17
11
17
13
20
19
19
20
10
14
12
15
20
16
11
12
20
18
13
12
12
13
10
10
16
19
15
10
12
16
15
15
18
18
16
10
15
17
16
15
19
11
13
20
16
18
13
11
17
11
14
15
17
19
20
15
11
12
11
15
18
10
12
18
16
15
14
12
20
14
12
14
15
11
15
13
14
15
17
19
17
12
20
17
19
14
10
11
12
14
20
17
19
19
12
16
19
11
12
12
14
12
18
15
14
16
12
14
15
20
14
19
16
16
19
19
18
18
10
10
10
10
14
15
19
20
11
13
10
13
13
15
19
12
10
18
19
19
17
14
10
13
16
14
12
17
15
14
14
20
16
15
19
14
10
19
19
10
15
19
10
17
14
12
13
16
13
14
19
17
15
11
13
13
10
10
14
17
17
11
12
20
15
12
11
13
20
15
16
14
12
11
11
14
14
17
11
17
14
19
17
10
10
19
17
13
13
11
10
17
12
19
11
19
11
16
10
13
20
10
17
10
19
20
13
19
20
14
13
16
16
17
13
20
18
18
13
11
19
15
17
20
20
10
15
17
19
20
12
18
17
17
17
16
12
10
18
18
18
18
17
17
16
16
20
12
17
11
20
17
10
17
14
16
12
18
16
19
10
17
14
10
18
19
16
17
16
20
10
13
10
12
14
16
13
16
17
14
11
20
12
17
17
16
20
19
17
20
20
17
17
14
19
18
16
10
11
12
15
15
13
19
18
14
10
15
16
14
14
20
20
16
19
17
20
20
18
13
19
20
13
15
16
16
18
10
20
13
11
12
17
10
13
17
16
11
14
14
17
19
17
13
12
13
15
11
16
16
19
13
14
11
20
16
18
10
13
18
12
13
20
17
14
16
18
19

226
316
391
373
205
231
350
305
318
276
205
364
297
295
368
377
204
219
358
266
281
325
208
205
282
229
370
255
396
400
292
292
202
200
394
229
387
242
245
377
253
347
351
302
365
232
218
254
355
351

0

1
