1000
50

569	737
864	339
856	446
883	56
256	284
986	162
746	288
516	711
876	650
920	964
433	524
908	129
577	560
194	863
470	770
789	513
560	162
501	846
89	943
973	149
263	489
654	192
524	718
333	447
587	925
980	955
801	383
811	42
547	878
979	394
913	294
464	361
205	867
348	709
22	404
100	55
469	733
694	273
392	874
153	227
41	844
655	120
364	50
365	893
226	594
278	673
763	885
366	526
73	478
865	21

532	255
576	329
597	537
480	761
75	345
888	312
296	614
501	313
992	235
148	923
928	941
27	161
334	283
918	235
591	244
112	533
786	128
101	529
698	291
180	254
754	169
294	195
277	740
509	336
88	791
816	250
813	603
946	956
388	518
370	520
961	143
975	858
60	223
480	101
8	824
35	123
181	672
527	844
929	67
832	992
859	211
507	82
150	959
326	140
628	57
534	890
321	0
452	802
644	42
219	259
913	64
829	437
834	357
555	672
428	561
936	859
362	703
623	711
704	126
50	308
125	258
958	711
515	861
379	439
132	551
38	105
729	105
689	269
884	395
276	63
723	307
152	444
848	863
667	651
249	489
727	761
142	67
185	783
381	165
285	280
508	190
805	540
688	447
493	696
456	14
607	405
794	881
62	195
871	441
392	850
278	848
732	787
419	830
343	637
647	482
711	77
500	60
143	464
616	923
533	963
847	534
441	725
208	524
212	630
569	192
328	556
266	889
383	503
855	849
578	220
974	166
207	694
979	597
209	604
298	623
458	511
300	286
718	31
705	703
716	679
870	595
602	264
580	202
277	670
670	716
189	672
853	800
329	285
171	394
419	551
299	75
842	402
108	953
294	407
847	135
364	788
494	588
722	664
288	398
829	423
574	224
461	490
895	620
695	210
870	34
410	698
938	367
233	929
265	676
792	923
952	688
392	367
828	969
143	328
883	76
128	516
581	336
894	736
398	933
317	475
797	694
797	721
354	805
231	757
158	450
58	228
687	961
751	610
564	197
869	400
81	61
752	142
381	999
533	444
959	958
347	898
480	12
475	608
55	887
674	582
522	213
705	824
653	74
594	135
760	108
487	457
885	962
270	490
991	253
819	206
440	258
359	709
376	462
801	398
365	547
4	300
392	687
663	127
306	804
222	539
284	548
232	794
124	504
283	873
868	250
469	678
277	396
656	487
566	273
514	703
126	871
500	715
946	627
456	266
804	986
717	860
108	185
764	566
759	414
166	623
932	632
422	565
140	762
572	320
601	719
115	413
851	425
722	369
870	360
252	481
723	518
447	311
649	19
997	653
26	128
378	81
929	184
424	358
860	636
335	574
760	573
832	394
431	656
117	35
821	782
744	967
817	316
600	315
366	926
113	55
970	939
140	103
275	328
141	514
852	750
600	739
223	952
990	440
667	177
643	434
498	755
278	461
113	836
39	253
464	23
65	149
189	991
224	748
645	125
349	184
546	871
151	643
351	565
329	451
318	980
709	430
541	477
785	968
73	258
506	523
413	124
756	668
579	286
483	763
908	791
837	552
587	755
852	684
345	567
407	709
340	882
359	689
198	945
228	996
249	366
418	764
59	349
257	224
454	206
223	196
725	93
121	743
905	496
712	648
615	276
783	980
949	733
57	455
181	812
558	456
319	260
579	404
689	84
443	326
953	62
768	546
304	239
364	124
545	770
554	874
107	854
744	816
2	711
837	458
644	249
389	482
597	965
874	14
739	672
773	290
444	655
197	788
485	284
866	255
205	650
674	523
384	265
728	816
280	137
514	98
116	850
425	486
856	292
799	664
417	895
886	750
585	244
134	394
904	596
496	318
513	101
433	246
41	2
839	428
655	370
303	366
246	859
899	890
358	867
364	25
482	887
73	349
905	744
731	287
757	848
666	729
310	553
377	666
192	324
483	133
25	850
364	281
825	703
840	833
616	987
586	470
983	780
926	140
622	306
455	995
647	867
650	337
996	7
149	788
845	347
998	331
947	409
407	438
467	774
781	332
891	276
981	593
338	867
379	692
186	906
183	532
829	738
103	289
572	608
614	613
240	324
811	107
981	91
395	972
655	380
467	932
851	255
811	448
119	660
302	85
228	998
100	36
151	116
518	980
224	834
668	613
998	920
546	933
353	978
647	958
886	962
168	369
424	113
598	969
272	103
79	809
83	653
524	442
550	125
271	938
912	158
770	699
569	408
229	178
371	898
818	121
105	693
258	411
800	619
950	292
129	666
755	529
367	619
44	739
375	969
696	754
821	397
708	94
876	227
850	17
131	190
741	542
670	549
169	141
497	508
935	116
520	126
641	231
680	575
121	429
974	557
792	489
232	136
720	752
161	703
61	910
156	292
163	227
375	931
599	986
296	394
111	145
68	458
609	81
621	911
29	595
213	339
648	876
177	812
686	153
915	308
962	838
309	550
168	279
979	516
556	355
488	378
798	940
810	916
547	485
139	381
857	615
811	501
875	796
579	701
12	3
602	90
409	312
738	539
982	562
474	474
115	871
387	486
484	612
878	447
184	700
25	361
175	901
624	962
469	646
817	499
244	185
729	797
663	68
968	249
271	693
855	163
798	659
282	221
749	94
420	59
267	189
314	70
383	972
318	249
590	453
624	133
742	495
52	391
973	763
506	524
680	105
715	406
155	48
81	860
674	261
247	188
217	337
5	976
386	438
437	851
495	937
34	674
631	359
116	296
925	241
575	822
55	423
520	165
107	852
69	814
28	632
862	553
941	99
544	819
272	234
816	836
390	295
166	262
370	252
464	326
129	907
256	337
793	823
693	173
84	935
331	856
367	598
832	111
316	388
407	136
962	149
1	102
231	854
443	426
394	752
110	315
258	858
391	68
172	824
401	470
290	984
870	111
995	598
455	104
515	855
180	972
505	784
954	962
512	232
211	481
949	951
19	952
843	158
257	360
134	222
15	503
952	237
540	491
265	78
996	774
726	671
282	121
66	607
82	552
579	700
683	109
801	70
483	394
207	569
591	604
486	908
194	26
707	384
602	962
539	628
856	685
564	135
846	682
446	385
118	790
573	343
624	449
665	684
500	185
797	469
521	439
395	729
676	858
295	571
361	748
943	413
269	381
785	953
634	439
413	607
553	859
765	695
91	697
850	643
717	6
65	858
54	307
509	608
287	505
415	862
425	683
358	425
80	872
846	631
424	708
78	947
688	459
986	238
221	236
451	406
758	16
229	277
35	315
488	321
843	948
523	21
808	717
152	16
433	386
101	70
561	117
455	541
903	308
48	893
776	971
173	50
661	447
963	374
146	816
121	464
158	690
678	733
526	676
79	90
563	796
692	761
455	20
691	688
133	295
90	318
413	858
121	7
609	10
892	672
527	413
453	900
849	362
170	439
875	673
992	241
610	168
796	919
205	767
968	389
59	480
308	992
548	54
271	812
827	669
457	843
328	339
234	387
792	572
681	101
286	175
318	240
295	603
86	957
533	61
992	562
497	603
655	384
76	608
817	664
777	831
21	923
279	514
474	580
784	198
46	618
413	836
879	92
795	115
534	718
493	314
366	304
16	795
633	718
227	234
279	320
578	149
66	904
775	666
57	157
949	892
735	947
753	138
447	529
96	179
33	5
327	31
538	157
966	401
529	144
426	340
385	621
88	31
324	834
726	746
141	561
847	528
609	830
54	279
771	600
144	605
470	484
966	67
941	829
695	194
310	894
584	126
783	945
100	29
919	481
64	657
586	866
112	742
407	209
316	747
808	64
97	374
10	209
20	632
428	391
763	61
611	899
702	462
823	297
886	430
81	929
778	688
399	619
168	767
496	683
615	534
2	737
872	621
629	667
278	878
252	313
987	770
153	622
988	998
673	561
23	901
776	698
614	103
876	783
699	566
183	815
293	772
791	82
961	126
930	170
904	577
709	825
906	971
509	429
630	697
809	947
395	262
389	97
994	384
361	409
321	954
777	648
931	888
181	95
181	681
373	752
267	156
881	414
895	749
33	723
916	740
493	811
560	807
650	518
919	573
221	340
45	372
410	161
123	232
275	75
701	276
864	86
209	282
795	482
100	54
914	982
139	135
263	301
648	434
977	155
175	367
19	511
295	881
928	456
976	902
167	362
5	487
725	409
655	809
632	754
474	786
390	325
940	279
798	455
626	498
773	487
29	285
310	666
554	257
357	792
351	470
433	595
803	6
481	502
53	43
420	686
912	427
779	26
488	939
487	659
787	326
667	382
937	802
349	886
255	718
922	636
487	615
234	573
409	463
927	333
77	182
432	257
407	803
846	77
56	53
992	176
309	620
678	558
845	439
971	184
707	85
243	262
139	694
296	462
569	882
448	741
252	191
590	592
234	176
358	572
855	708
709	583
537	72
692	164
92	32
828	529
637	548
746	700
568	514
102	106
713	255
403	877
756	589
182	989
815	0
752	220
130	546
962	436
187	932
939	196
405	507
330	342
903	239
608	340
988	336
748	313
941	376
484	170
169	886
218	805
712	140
278	566
731	695
399	176
69	831
555	539
27	752
182	416
905	268
934	937
857	703
841	25
196	134
587	104
864	888
205	703
102	812
26	296
817	387
504	887
798	603
608	552
499	265
499	993
320	854
615	322
964	451
431	591
415	64
694	538
305	4
975	632
776	365
960	137
632	577
727	417
254	692
170	980
912	866
532	401
341	773
126	638
257	696
266	132
544	21
647	663
534	279
467	354
465	914
610	921
124	6
620	326
668	504
598	412
948	80
268	113
222	589
178	750
805	782
601	632

150

400
400
400
400
400
400
400
400
400
400
400
400
400
400
400
400
400
400
400
400
400
400
400
400
400
400
400
400
400
400
400
400
400
400
400
400
400
400
400
400
400
400
400
400
400
400
400
400
400
400

20
20
10
16
17
15
11
18
16
17
15
16
18
18
10
12
15
19
16
18
20
11
20
18
17
20
15
11
18
15
11
20
15
14
17
19
14
11
20
14
14
13
15
19
10
14
20
17
14
18
16
20
17
15
17
12
17
13
15
14
10
12
19
14
20
17
17
18
17
10
12
16
12
14
11
11
16
20
16
19
11
14
14
14
17
12
15
14
14
18
20
11
12
17
17
12
14
13
12
17
11
19
17
10
10
17
19
20
20
10
18
20
10
11
18
20
17
12
18
17
11
16
10
11
10
13
19
19
18
12
17
13
18
16
17
16
17
20
20
11
11
13
16
12
13
16
11
16
13
13
14
20
16
10
12
18
15
13
10
19
17
20
16
13
18
18
18
13
13
20
16
13
12
19
10
10
18
12
15
19
12
11
15
16
16
16
19
14
15
19
17
12
15
18
19
13
16
12
13
16
15
11
16
14
19
13
11
14
14
15
15
19
15
12
16
11
18
19
17
20
10
19
19
18
17
17
15
18
19
18
12
20
10
20
15
19
11
17
10
20
15
14
16
16
16
18
12
11
16
20
19
12
11
11
15
20
18
14
13
12
10
11
11
16
17
20
15
20
14
14
16
20
11
14
19
17
17
17
12
20
12
12
20
19
11
13
11
11
10
19
19
10
16
12
20
17
18
13
13
11
10
11
16
19
17
12
13
19
14
19
13
18
10
10
10
12
14
14
17
18
13
16
10
14
18
10
19
19
16
19
19
17
19
11
15
18
11
16
15
15
10
18
16
18
19
12
10
19
15
13
10
12
19
17
11
11
16
20
13
12
12
17
10
12
17
12
14
19
15
14
13
17
10
11
20
18
13
13
19
10
14
16
20
16
20
20
18
16
11
17
12
15
20
11
18
10
20
19
18
12
14
17
16
13
16
18
15
18
14
10
13
18
19
15
14
10
20
20
13
16
13
16
19
11
18
18
17
12
14
17
12
16
10
15
16
17
10
19
10
17
18
14
17
17
15
11
20
19
13
12
20
11
13
15
13
20
19
10
14
18
13
19
14
15
20
19
11
15
14
19
17
20
15
13
16
19
13
18
15
12
16
13
19
12
20
19
16
16
10
12
15
17
11
20
14
19
20
12
13
17
11
15
14
18
18
10
13
17
19
14
15
14
11
18
10
15
13
13
13
20
13
12
10
10
13
19
11
15
13
18
19
19
10
11
20
20
15
18
19
19
18
15
11
12
12
13
12
10
18
18
20
10
12
16
16
12
13
11
16
15
18
15
14
15
10
19
10
13
13
13
20
18
14
16
15
13
17
20
13
11
19
12
18
14
15
13
10
11
15
19
17
16
17
20
19
10
19
18
12
20
11
10
10
15
14
10
20
12
19
18
18
14
17
13
11
11
17
14
20
11
16
11
17
10
19
18
10
15
11
15
10
11
15
16
15
15
18
10
15
13
10
16
11
12
19
18
18
11
12
19
18
18
13
10
12
11
18
18
10
17
16
20
14
14
15
15
19
14
14
13
14
19
14
19
16
15
20
15
11
15
10
11
16
15
13
15
12
15
18
18
12
20
19
17
12
15
19
17
15
16
17
18
17
11
20
16
17
14
14
13
10
14
14
10
19
16
17
14
14
15
18
15
17
10
13
16
18
17
17
19
10
10
18
20
13
15
20
18
13
15
13
18
13
11
16
19
13
10
14
16
19
18
14
19
11
16
16
19
14
20
15
19
11
15
20
17
10
19
17
12
15
18
17
10
18
16
16
16
14
18
12
11
10
17
11
12
15
10
16
13
12
13
18
15
19
10
10
19
13
15
13
15
12
17
15
15
10
15
10
17
19
20
10
11
16
19
20
13
10
18
20
14
11
11
18
19
11
17
18
10
18
10
16
11
10
15
15
17
10
17
20
11
13
18
13
16
20
14
16
11
15
19
18
13
15
11
14
19
11
10
17
13
10
19
16
15
12
18
13
20
16
18
10
19
11
12
16
12
11
20
14
17
12
12
12
16
20
10
13
11
15
18
16
20
18
14
20
19
12
19
16
16
17
10
17
16
15
16
16
14
15
15
16
17
12
20
20
12
18
17
12
16
19
17
20
18
18
15
10
19
20
13
16
20
12
10
14
13
20
11
11
12
17
12
19
19
15
20
12
11
11
10
17
17
20
20
18
14
19
12
20
15
13
15
13
18
12
17
10
11
15
19
12
15
19
12
19
14
15
18
13
13
14
18
14
10
20
16
17
16
18
20
16
17
12
16
19
12
19
20

2
2
4
2
2
2
4
4
4
2
4
3
4
4
3
2
2
2
2
4
4
3
3
3
3
4
4
4
4
4
4
3
4
2
3
3
2
2
3
2
4
4
3
2
2
4
3
4
2
3

0

1
