1000
50

920	932
308	132
245	435
231	210
99	597
713	868
153	435
10	976
205	502
286	335
0	246
85	287
89	729
592	229
168	980
152	35
626	262
962	975
628	311
182	714
97	31
18	130
45	914
676	762
63	779
82	880
177	16
593	225
87	941
52	392
268	899
251	39
129	512
387	149
316	239
645	42
322	115
250	413
597	111
167	524
911	365
844	352
756	207
926	579
806	41
955	509
737	285
790	75
865	553
665	505

449	154
364	195
239	629
146	580
853	919
149	131
32	100
134	541
192	962
330	691
786	920
180	579
846	979
221	397
689	955
976	857
548	296
198	454
246	612
7	392
326	312
26	72
303	600
948	692
185	663
206	821
302	83
263	723
307	728
256	627
342	77
875	912
664	77
746	883
127	42
891	809
730	988
191	485
588	81
209	768
29	379
239	871
150	711
778	816
165	379
20	552
107	87
871	690
216	369
211	891
413	88
322	148
632	156
277	442
776	956
179	855
415	163
9	440
242	653
183	648
267	764
522	10
242	611
304	396
177	921
888	983
124	576
114	106
200	798
965	858
329	574
393	158
181	192
315	298
206	604
790	917
874	919
145	743
562	302
662	244
1	960
18	957
751	695
637	218
6	10
324	24
156	121
326	70
984	867
57	41
243	749
129	532
272	4
977	995
403	12
345	207
610	236
170	954
256	311
106	592
330	725
231	235
152	965
883	970
311	479
252	388
626	12
436	20
35	306
976	859
247	652
548	81
898	698
104	368
94	682
519	11
192	676
62	481
123	760
872	847
253	350
99	30
663	115
728	712
974	812
581	206
546	129
118	619
438	120
238	363
796	793
984	806
86	449
347	261
246	263
193	73
660	116
446	95
142	351
150	577
55	547
104	947
204	788
115	170
7	186
271	831
291	626
299	406
950	853
738	809
60	238
135	564
58	2
192	985
19	617
34	32
687	874
58	982
365	310
303	518
209	7
662	293
404	90
207	59
530	187
83	155
954	814
161	450
147	392
198	333
119	984
215	502
363	31
78	301
170	337
996	722
156	653
442	307
55	199
165	392
542	76
99	174
161	866
74	181
238	739
186	204
723	780
94	429
156	19
68	31
374	112
457	7
228	278
728	975
786	982
72	62
884	891
499	147
212	994
12	852
201	664
240	929
515	84
289	930
792	933
251	434
308	978
334	149
488	319
84	706
831	910
111	549
12	583
885	748
201	385
871	814
100	727
329	330
882	812
14	665
555	45
330	39
312	415
949	719
772	875
525	203
307	141
35	155
261	76
775	693
237	777
269	422
163	651
898	687
25	627
194	839
288	391
248	535
552	234
665	284
260	659
410	240
506	262
241	648
333	958
148	321
146	923
552	231
176	164
119	644
928	708
915	845
117	43
830	755
6	781
0	504
438	180
272	582
161	345
980	705
456	32
379	231
634	247
301	196
232	55
166	998
96	714
157	341
443	282
212	70
221	412
974	962
306	81
195	178
181	231
234	702
772	858
250	979
182	732
140	972
301	62
858	939
30	411
186	383
879	891
190	74
208	250
611	271
78	103
62	495
934	706
183	435
65	946
318	214
734	851
43	593
210	183
138	316
262	491
611	210
134	835
773	811
243	478
325	326
172	625
40	319
127	32
199	679
640	64
760	818
51	505
154	535
96	406
904	957
758	918
14	34
756	698
286	835
189	185
949	676
151	225
163	537
614	5
284	443
49	387
938	897
7	650
135	55
93	182
199	997
304	101
297	500
58	78
311	457
294	959
689	844
866	762
770	739
67	603
656	294
161	397
655	176
545	179
17	125
532	154
304	839
933	930
765	856
136	546
42	295
329	896
17	664
166	509
233	120
370	238
261	803
541	11
365	25
34	450
115	469
535	63
147	600
103	471
936	770
489	176
766	763
737	879
304	752
165	225
220	773
315	333
497	3
245	252
629	178
293	790
245	126
82	475
105	616
196	554
709	749
837	725
294	793
256	856
418	46
15	196
65	603
156	645
146	641
997	942
196	115
123	371
518	55
945	953
880	705
191	843
318	515
41	374
47	769
288	285
691	839
209	831
249	381
240	45
756	912
64	213
592	149
291	165
298	670
951	935
74	269
47	263
827	748
20	273
982	699
12	27
493	70
42	713
186	888
366	307
954	981
77	230
212	502
50	509
598	68
283	137
210	246
55	430
935	805
666	56
555	7
258	216
404	293
262	234
673	688
291	278
292	681
302	777
965	722
195	859
181	703
162	780
581	235
259	561
850	956
27	222
494	205
186	136
590	214
181	191
911	710
667	733
162	12
17	67
258	368
871	913
252	158
286	125
180	239
267	442
237	950
151	694
225	629
19	973
281	23
152	661
965	741
915	802
19	447
66	660
592	102
290	791
722	948
173	695
413	181
19	902
971	949
704	965
569	254
164	51
543	103
28	61
624	141
87	935
827	796
990	807
7	640
165	648
389	298
418	92
436	55
546	326
652	25
722	891
8	80
861	778
189	999
591	53
376	326
605	323
261	19
74	88
64	712
643	179
146	41
717	907
931	953
31	128
343	33
131	88
640	155
332	164
144	745
210	731
265	219
774	716
229	44
865	759
303	679
558	22
222	438
111	175
301	363
204	700
927	695
0	240
35	628
688	908
867	686
352	134
966	797
90	710
257	129
160	725
93	682
888	879
161	558
242	730
673	672
108	674
15	55
127	429
452	330
348	40
926	891
198	417
496	110
410	0
474	112
281	235
143	165
732	754
21	335
205	319
13	190
913	746
535	70
788	686
62	400
87	584
252	716
922	702
17	944
255	520
809	785
192	404
896	773
138	324
83	628
652	253
326	876
82	557
991	731
286	639
133	446
430	170
744	957
707	770
648	15
137	898
229	514
409	79
80	60
581	291
317	46
125	78
240	301
819	933
423	143
52	297
621	311
660	166
861	924
530	144
555	323
107	700
238	833
200	235
481	60
41	472
178	70
278	150
357	230
103	488
271	872
134	509
292	883
60	358
82	666
222	339
250	983
248	827
825	991
77	60
253	895
230	389
574	48
770	814
487	325
281	156
845	971
435	129
517	150
253	653
403	201
98	70
158	171
406	115
151	702
127	127
190	761
160	498
620	23
47	105
214	536
205	842
80	795
165	24
866	963
1	525
174	187
246	844
297	539
220	324
48	48
125	358
212	580
495	110
937	724
250	157
479	104
155	577
267	941
320	635
228	366
104	84
252	589
235	85
27	526
126	827
266	603
812	892
42	91
1	135
593	169
660	172
28	817
0	298
998	718
744	697
117	465
799	776
67	841
330	753
46	232
993	697
42	722
758	979
4	903
690	896
986	738
204	373
238	737
999	871
645	273
680	801
708	831
741	785
115	345
95	41
924	906
3	915
66	133
54	409
310	934
78	371
283	326
231	201
329	557
266	356
404	239
361	125
360	274
693	678
65	332
690	719
656	233
811	957
20	563
192	539
111	464
219	221
58	687
214	406
988	696
11	781
289	421
327	561
670	726
628	149
883	681
2	402
946	785
576	60
302	404
676	872
30	379
517	160
401	167
471	64
311	110
643	285
691	894
743	877
200	751
422	211
911	705
582	209
937	889
177	124
332	305
226	968
919	967
554	78
69	461
806	797
443	191
326	669
113	907
675	996
197	31
51	580
835	859
542	20
248	684
985	753
238	809
306	612
151	344
256	810
196	766
144	307
164	828
33	533
821	873
574	217
130	113
230	908
206	224
817	799
357	79
320	740
60	735
616	273
246	50
109	341
111	681
802	759
926	823
65	754
23	932
169	836
285	458
281	85
285	129
559	20
42	320
38	189
376	279
160	636
296	976
248	137
706	882
227	261
210	853
435	164
395	247
246	99
275	970
149	441
31	370
991	164
919	528
691	562
713	421
838	236
789	608
957	63
940	157
510	549
991	346
655	535
947	421
768	317
981	622
365	447
845	629
474	370
563	993
669	295
746	282
544	552
669	196
609	371
726	144
481	766
621	684
986	444
884	197
940	223
915	173
553	842
516	951
698	146
788	418
983	628
699	355
724	367
478	538
735	546
637	798
879	49
494	732
921	515
788	395
739	228
838	4
353	704
786	175
599	623
637	770
402	590
675	98
952	563
605	645
353	826
592	611
785	52
415	352
796	116
556	837
839	409
640	421
394	341
374	427
510	557
514	518
450	717
722	468
823	555
374	450
539	756
769	319
970	8
576	594
764	130
452	846
716	389
956	87
706	186
355	543
576	713
885	429
655	515
484	670
431	666
953	374
462	983
673	57
732	512
736	501
888	271
617	649
474	498
728	282
471	511
547	611
547	527
444	722
352	980
464	895
619	557
619	862
902	198
610	631
370	605
796	637
846	508
756	470
669	575
996	579
857	298
945	271
861	387
385	944
742	77
594	917
755	380
854	600
959	17
340	491
687	213
796	86
935	72
939	353
410	958
391	404
349	435
943	366
733	349
707	375
578	643
881	534
581	683
447	354
981	384
550	411
854	254
824	462
958	376
643	612
506	377
884	155
945	635
409	886
459	344
422	419
585	704
793	608
688	484
370	371
656	574
473	767
654	709
527	927
483	803
778	268
952	386
896	18
830	430
679	425
544	431
514	878
458	619
398	533
772	648
411	406
385	763
397	925
513	801
351	413
533	942
871	512
475	729
928	619
961	480
467	904
491	609
728	469
982	399
555	580
497	683
489	549
726	585
581	562
466	475
946	131
787	470
658	517
380	565
924	171
611	965
535	856
941	224
661	962
880	141
946	102
389	884
420	887
946	620
860	22

70

1200
1200
1200
1200
1200
1200
1200
1200
1200
1200
1200
1200
1200
1200
1200
1200
1200
1200
1200
1200
1200
1200
1200
1200
1200
1200
1200
1200
1200
1200
1200
1200
1200
1200
1200
1200
1200
1200
1200
1200
1200
1200
1200
1200
1200
1200
1200
1200
1200
1200

16
16
10
12
15
18
20
14
14
14
13
11
11
18
14
18
10
17
14
19
14
16
18
10
11
10
10
17
12
16
14
14
11
14
12
13
16
16
15
13
12
16
19
19
14
19
13
15
15
16
12
17
20
11
19
19
20
12
19
18
11
18
13
20
13
18
18
12
12
11
17
12
14
12
12
12
16
10
14
11
14
17
11
12
17
10
14
17
20
14
11
16
18
19
11
14
12
15
20
13
20
16
14
13
13
11
20
11
16
13
12
19
14
16
10
12
20
16
15
11
15
14
12
17
15
15
17
18
17
17
16
14
20
10
16
16
14
13
11
12
19
11
19
19
14
14
14
13
19
13
16
15
10
11
20
13
12
12
14
17
18
12
16
15
16
14
10
12
20
19
11
19
15
11
12
10
10
13
15
20
13
18
13
16
20
20
11
20
11
15
11
14
18
15
18
16
14
11
19
10
13
17
16
19
18
18
18
15
11
18
12
12
10
19
11
14
15
18
15
12
15
10
15
15
15
18
13
17
14
16
14
12
18
18
19
10
20
16
16
12
10
16
19
14
13
11
14
15
18
20
11
14
14
18
14
17
12
17
14
14
19
17
20
17
13
12
10
16
10
13
14
20
19
16
16
15
16
18
14
13
15
15
17
14
19
17
18
10
16
12
12
12
17
16
19
14
14
20
13
17
13
13
15
16
12
12
18
17
11
20
10
17
19
18
20
20
10
20
18
10
13
16
13
18
17
12
15
14
18
15
14
16
14
10
12
11
19
17
10
11
17
11
15
14
12
14
11
15
11
16
19
15
18
17
14
12
11
15
19
16
14
14
14
10
16
20
16
20
13
11
17
19
19
16
17
16
18
17
18
18
11
17
20
20
14
16
17
11
11
19
12
10
13
19
17
12
11
19
10
18
14
17
17
18
12
10
15
12
15
10
10
13
14
17
14
11
10
15
10
13
19
16
19
16
17
19
18
18
14
14
16
13
15
13
17
19
15
19
11
19
17
17
11
14
13
17
19
14
17
16
16
10
10
14
11
14
10
10
11
10
20
19
16
15
19
18
14
13
16
13
13
11
18
19
13
19
13
13
19
18
19
15
20
13
11
11
10
20
16
16
19
17
16
13
20
13
15
14
14
18
16
10
15
14
19
17
17
17
20
17
10
14
15
12
13
10
14
20
10
19
18
12
17
10
13
14
18
11
12
10
14
13
19
16
14
15
17
18
20
13
17
18
18
16
17
11
12
20
13
14
17
20
19
18
16
15
19
14
13
15
19
18
14
20
14
11
18
12
13
16
10
12
11
20
20
19
19
15
11
15
20
20
12
20
11
12
12
10
20
17
18
16
11
16
11
14
19
18
15
14
17
19
18
10
17
16
16
12
12
18
19
17
10
15
10
19
19
14
15
14
13
13
13
12
17
13
18
19
20
17
13
16
17
19
13
10
14
20
14
19
12
19
14
17
12
19
11
19
18
14
15
16
12
13
12
14
11
14
18
11
19
17
15
13
18
12
17
19
20
20
11
19
12
20
16
14
17
13
20
19
19
14
14
20
20
18
13
20
15
17
16
14
14
10
13
18
12
12
19
13
12
13
13
10
14
19
11
16
18
10
10
19
12
13
19
12
20
19
18
16
12
17
12
17
20
15
11
13
16
16
14
19
15
12
18
12
17
11
16
16
10
10
13
15
18
15
12
19
10
12
13
11
16
18
20
12
18
10
15
11
19
20
19
16
17
10
17
20
17
17
16
20
17
19
17
12
20
15
13
11
16
10
20
17
17
19
17
15
14
15
13
19
13
16
10
15
15
18
11
14
16
19
11
17
20
17
18
15
11
16
11
13
12
11
17
19
17
15
16
17
18
12
13
12
15
13
19
10
15
17
18
16
20
11
15
13
12
19
12
18
19
11
14
17
14
14
11
10
13
12
12
16
18
16
14
15
10
18
14
16
11
13
14
13
12
17
13
10
10
11
12
17
13
19
11
13
19
11
16
11
20
11
18
15
10
15
20
14
14
18
20
17
17
17
13
18
17
20
12
16
11
11
10
20
18
18
14
17
12
17
14
11
10
15
20
10
10
17
11
20
11
17
18
20
18
20
16
19
11
14
15
14
11
12
12
16
19
13
20
10
13
20
20
17
17
14
11
19
13
13
15
12
16
15
13
14
15
10
13
15
17
19
19
15
17
16
18
15
11
14
18
11
12
13
14
17
20
10
17
15
11
14
18
20
20
17
12
16
16
18
13
13
18
20
14
17
15
18
14
18

4
3
2
4
4
4
2
3
3
4
4
2
3
2
4
2
4
4
4
2
3
3
4
2
3
4
4
4
3
2
4
3
2
2
3
2
3
3
4
2
4
3
4
4
3
2
2
3
3
3

0

1
