1000
50

670	664
364	628
129	545
95	824
430	109
791	115
54	368
338	219
806	191
603	651
450	643
14	536
220	447
947	424
194	182
693	660
661	30
167	295
479	968
265	456
415	77
961	728
509	553
854	811
111	911
616	229
297	123
862	653
279	992
3	928
20	568
747	846
183	720
927	591
222	91
52	462
679	807
878	811
398	311
865	96
757	924
784	949
710	771
920	855
890	648
109	665
409	393
84	916
847	346
82	896

193	375
325	351
365	345
802	311
499	914
938	384
59	800
950	171
133	973
218	144
946	971
638	486
165	408
320	492
678	593
233	971
696	912
166	409
1	264
174	962
170	424
159	270
911	852
193	903
25	202
449	372
572	943
387	213
223	795
204	123
596	561
985	548
496	963
496	92
78	610
311	798
118	723
410	638
940	433
523	894
101	569
302	691
635	530
583	848
106	958
914	693
572	505
862	505
553	234
182	900
671	456
723	244
352	199
565	615
24	830
105	358
174	249
357	461
648	125
880	361
122	387
228	98
937	322
238	22
29	462
668	637
745	639
223	422
442	221
574	459
220	932
292	41
152	315
635	168
616	170
531	90
322	163
903	325
629	674
371	890
51	494
667	586
686	171
776	469
68	634
963	65
636	764
308	159
902	697
92	761
617	264
310	432
494	561
21	449
241	874
994	94
141	688
935	893
615	144
618	962
769	427
794	917
715	372
275	544
565	923
413	547
384	979
242	270
4	757
254	700
604	926
682	554
863	322
933	35
435	827
48	264
306	707
122	2
282	14
60	471
890	569
939	638
954	742
893	317
643	227
445	959
336	745
518	26
935	380
482	672
615	490
834	620
922	89
374	802
527	205
566	43
455	48
833	602
502	175
85	400
231	554
575	364
325	679
583	419
672	763
604	44
353	492
731	612
832	913
795	811
911	285
66	247
371	16
646	988
795	681
192	292
679	496
228	103
338	347
630	344
67	489
725	933
912	622
702	511
997	110
198	953
75	266
139	988
95	565
844	319
424	619
112	588
152	109
309	495
307	647
199	530
821	780
525	2
157	21
673	487
563	646
929	778
16	889
280	748
99	557
172	613
772	611
301	916
73	820
807	75
50	754
912	415
401	184
688	134
253	659
533	490
9	417
624	277
930	978
881	623
197	691
742	117
89	433
785	38
296	676
491	899
693	506
258	697
283	122
239	364
864	681
173	324
918	540
229	87
952	506
7	820
291	655
758	435
434	359
697	786
615	274
147	979
202	610
756	780
713	135
209	62
551	389
159	6
386	932
726	967
234	928
780	352
107	276
881	226
257	714
454	4
288	85
773	685
405	999
571	730
536	884
268	511
189	473
43	828
415	531
950	192
762	701
284	743
400	971
276	957
226	206
35	202
467	897
906	249
325	787
351	432
206	858
961	967
292	457
990	971
480	933
15	648
570	904
981	6
215	196
218	455
837	475
748	637
186	556
628	457
518	512
370	222
400	374
200	112
104	65
423	123
344	642
726	425
815	485
782	542
869	153
389	392
763	358
971	827
601	949
537	228
521	462
618	846
386	385
366	960
948	64
683	28
793	21
89	25
234	310
849	389
578	123
726	668
427	159
651	929
182	160
152	277
153	326
10	627
267	172
694	279
524	37
558	52
774	543
631	965
185	231
760	913
810	138
789	68
152	992
847	479
541	71
984	513
101	90
281	814
611	243
49	353
912	969
751	54
232	329
562	619
778	186
27	885
790	673
192	952
29	375
874	956
633	632
512	563
701	606
356	153
52	979
646	964
816	69
490	878
527	177
332	898
308	999
865	938
45	840
889	511
169	345
705	559
821	85
208	717
153	69
404	267
48	351
508	714
668	714
275	224
960	392
395	619
222	166
950	420
682	332
339	713
626	835
148	732
479	629
299	333
830	507
7	693
632	663
618	978
889	596
243	950
713	781
843	614
978	789
613	66
998	551
261	697
479	575
246	973
353	376
245	472
412	895
486	347
381	607
100	163
728	988
209	867
444	449
92	616
758	85
96	734
814	203
593	564
687	562
447	387
192	460
496	927
809	95
625	3
408	129
617	333
581	556
953	834
685	718
275	120
73	768
302	353
926	368
661	434
78	405
637	947
172	703
112	988
533	984
954	241
192	735
148	939
412	801
865	194
175	655
176	711
250	622
764	876
2	443
793	43
65	905
840	754
830	748
960	925
985	152
303	763
932	443
368	579
31	577
463	28
584	548
787	86
569	595
774	474
325	62
315	856
637	185
640	750
212	926
400	342
417	290
272	911
698	717
706	7
805	756
675	644
744	388
271	938
579	567
1	941
730	373
208	87
199	423
807	486
476	976
93	292
739	938
91	721
393	391
928	811
11	513
253	522
494	18
765	249
689	40
765	841
845	82
537	158
162	162
854	753
892	310
478	932
254	465
118	46
880	415
929	690
772	434
252	396
234	622
485	953
715	166
42	218
396	171
523	104
457	631
393	287
296	968
481	475
975	815
633	688
577	827
616	773
685	261
582	980
449	458
679	810
317	412
991	546
297	862
172	692
374	551
202	740
429	54
791	975
396	798
195	114
232	834
282	785
398	419
609	443
635	537
388	637
293	168
95	402
992	722
520	173
531	860
688	613
76	936
577	559
845	127
760	793
498	84
52	616
984	532
338	893
970	314
735	938
580	147
855	650
665	16
957	48
334	388
222	70
878	904
394	372
614	897
281	638
337	605
655	70
216	50
435	983
127	494
180	137
702	515
191	401
572	677
265	963
924	914
679	237
421	395
721	361
693	885
52	43
90	397
3	907
998	602
277	932
873	684
406	546
943	473
95	995
256	126
108	775
236	274
680	20
302	982
946	534
712	896
961	950
487	537
219	930
426	979
720	20
786	50
966	702
960	449
334	395
912	485
397	514
909	627
537	209
214	580
868	170
402	476
219	459
415	98
677	38
797	651
907	19
745	143
739	413
635	788
384	155
567	422
580	891
550	290
340	776
900	340
559	761
148	259
735	607
437	488
929	91
156	851
624	777
842	76
386	514
582	576
626	508
823	5
348	801
462	833
546	560
654	719
330	298
24	702
115	35
652	859
53	464
750	481
884	174
654	958
583	589
28	23
545	225
539	731
594	438
66	439
719	251
424	805
820	850
28	616
371	686
478	957
180	231
844	175
144	44
179	710
156	70
119	297
278	917
233	765
746	948
268	448
515	303
54	383
560	333
43	40
243	343
380	335
806	767
958	784
58	120
711	143
279	37
761	775
803	258
996	806
512	633
423	795
145	795
710	514
839	50
611	917
506	286
694	114
485	66
258	31
941	422
225	293
267	525
772	554
331	235
124	917
286	175
236	179
258	448
891	628
867	819
200	142
43	462
308	739
763	28
723	861
209	714
493	19
200	829
165	911
341	99
831	568
690	608
375	766
955	299
465	144
838	485
108	16
135	225
796	551
525	291
613	744
420	789
390	150
404	247
855	60
465	63
912	86
708	669
614	436
977	592
627	313
267	195
855	269
627	764
601	73
301	660
745	877
673	515
103	608
802	563
431	881
620	113
897	594
650	741
11	816
499	360
499	272
140	408
483	459
413	640
928	195
894	217
827	133
80	111
907	759
729	691
914	366
729	763
875	569
91	2
806	704
123	140
698	144
424	476
39	396
732	765
90	435
551	983
250	638
479	567
239	352
547	411
830	185
977	922
24	863
346	602
789	220
7	431
871	206
668	771
233	240
585	56
146	199
611	305
135	898
99	375
239	879
146	964
669	938
379	250
621	27
958	789
205	250
168	310
481	567
793	665
546	291
260	857
392	838
285	877
977	312
32	839
459	368
642	897
331	195
505	991
11	630
282	878
775	699
311	64
323	156
498	107
76	128
6	17
813	383
425	898
791	138
727	492
936	722
75	467
900	569
963	453
867	167
182	850
435	917
475	868
992	256
192	999
838	546
146	352
595	839
203	435
880	142
427	404
323	755
787	34
83	252
911	792
996	278
980	339
804	58
681	893
454	982
635	113
28	237
510	738
525	675
569	788
907	320
415	897
397	246
864	228
875	504
674	488
35	621
84	449
410	167
1	649
396	260
285	571
902	522
881	221
839	256
349	807
605	93
451	488
702	645
47	314
637	816
938	24
21	960
805	578
948	439
996	198
861	550
539	648
68	770
701	426
664	216
314	721
23	483
684	684
586	924
787	226
492	947
821	434
641	720
164	581
848	57
796	963
39	589
654	104
446	565
937	949
153	997
912	788
331	798
365	194
496	708
236	227
135	56
847	618
551	330
929	280
827	279
198	341
488	471
904	890
739	104
331	26
195	994
602	398
768	197
84	683
223	542
348	365
432	721
45	117
47	220
308	166
907	753
955	111
986	869
293	103
903	944
287	822
190	982
66	595
624	652
723	265
50	174
840	457
29	791
530	852
819	969
438	698
615	39
945	438
364	332
765	665
796	69
500	884
117	1
12	706
748	880
106	37
428	52
359	754
481	780
251	593
884	49
577	915
92	225
171	429
842	87
919	854
368	889
130	327
900	586
413	150
34	731
689	803
724	806
402	696
754	960
172	518
480	782
567	294
259	835
468	298
402	842
658	794
600	815
187	855
299	3
519	135
792	472
853	117
356	451
870	964
752	634
628	856
57	275
164	810
910	553
657	865
106	928
797	93
539	612
5	272
999	807
158	816
187	689
515	681
24	826
794	492
737	438
944	553
887	914
240	269
664	341
345	792
940	312
628	594
435	70
692	14
952	55
510	996
418	959
682	125
611	663
141	226
156	827
226	275

300

1200
1200
1200
1200
1200
1200
1200
1200
1200
1200
1200
1200
1200
1200
1200
1200
1200
1200
1200
1200
1200
1200
1200
1200
1200
1200
1200
1200
1200
1200
1200
1200
1200
1200
1200
1200
1200
1200
1200
1200
1200
1200
1200
1200
1200
1200
1200
1200
1200
1200

18
12
10
15
12
11
16
18
16
19
13
11
14
14
12
19
16
20
11
14
16
19
19
10
17
16
11
11
19
17
11
18
20
14
11
11
19
20
19
13
14
13
15
12
15
12
16
14
12
16
11
13
19
10
19
19
10
19
11
10
15
16
10
13
12
16
14
15
13
16
13
13
15
12
17
18
19
17
16
16
19
16
13
14
15
15
13
20
11
10
18
20
14
14
11
13
13
16
12
13
13
14
19
10
11
14
10
16
12
18
11
16
18
17
12
13
13
12
18
10
16
11
11
14
15
20
19
12
16
10
20
13
13
11
17
15
19
19
18
20
11
20
10
12
18
13
18
10
16
13
18
18
16
13
17
18
11
11
14
18
19
19
13
12
20
11
18
16
12
18
13
17
15
18
16
14
18
14
14
14
12
10
20
13
14
12
12
16
16
16
16
12
17
19
12
10
14
13
11
13
11
11
15
18
12
16
17
14
12
19
10
19
12
16
13
16
14
20
17
16
14
14
10
19
12
19
15
10
20
17
17
12
19
12
10
15
20
17
14
19
10
15
13
19
16
19
11
12
13
13
16
18
16
14
20
11
10
18
11
17
18
10
10
15
20
13
15
13
18
10
15
17
15
12
20
16
15
14
16
19
11
10
11
13
15
19
11
13
20
14
13
10
11
12
14
15
15
18
20
13
20
15
12
19
11
13
11
17
13
19
15
16
20
19
13
19
10
10
12
14
11
18
18
15
16
17
10
20
18
16
14
13
13
12
15
14
16
19
20
17
12
17
19
11
16
15
11
17
16
14
15
16
11
16
15
10
11
18
15
11
18
18
10
14
20
14
15
20
11
15
13
11
18
20
17
10
10
12
13
18
18
11
17
13
12
17
16
11
11
14
13
11
18
20
14
17
10
17
13
11
16
10
15
14
15
15
18
13
10
14
19
17
11
11
20
15
15
17
13
12
14
19
15
19
18
11
10
14
18
12
12
16
17
12
14
17
14
16
12
10
18
16
20
18
13
15
12
15
18
12
20
11
12
12
19
18
13
20
12
16
12
10
19
10
16
14
18
10
19
15
18
18
16
16
18
19
20
10
18
12
15
20
12
12
11
17
20
16
11
14
13
18
11
10
19
18
12
14
18
19
17
10
12
19
12
17
13
12
19
18
17
13
13
18
14
16
15
14
16
12
19
15
12
12
15
14
17
19
16
18
18
11
14
20
10
15
14
12
18
10
15
16
15
13
11
16
18
16
12
17
20
15
10
13
18
19
20
11
17
10
10
18
14
18
16
19
19
14
11
11
19
14
19
14
17
19
10
20
18
11
20
19
18
13
10
19
18
14
14
13
13
11
13
18
14
12
11
16
20
11
19
11
10
20
20
11
13
19
20
10
19
16
12
13
19
19
15
10
17
15
10
10
17
17
11
11
16
17
16
15
18
20
20
17
15
10
10
18
20
15
11
18
14
18
19
19
19
16
14
16
11
16
14
20
14
14
14
11
11
16
12
15
18
16
14
15
18
20
14
13
12
20
16
14
20
15
20
16
12
17
15
16
17
14
15
20
13
13
10
10
17
11
15
13
15
11
17
12
11
14
14
14
11
11
12
16
17
16
19
11
13
20
10
12
16
11
20
10
17
11
18
16
13
10
14
18
14
13
13
11
12
16
20
20
17
13
20
19
13
10
17
19
15
14
18
10
11
17
20
20
20
18
14
14
11
18
17
12
20
11
19
13
18
15
20
15
10
14
13
11
20
19
18
19
16
17
20
20
16
17
19
15
14
13
18
10
12
13
19
12
15
19
19
19
16
13
13
20
12
19
10
17
14
11
13
19
13
20
18
15
10
11
20
14
15
14
11
19
12
19
10
14
20
16
17
20
14
10
13
20
12
10
16
10
14
19
14
11
20
16
14
12
14
17
13
13
20
10
16
12
19
20
13
10
11
19
13
16
15
18
11
16
13
20
17
11
18
17
10
13
10
20
11
13
14
16
14
14
16
20
13
15
14
14
13
11
15
11
19
17
10
11
13
13
10
10
17
14
15
19
14
18
14
13
16
19
14
17
19
16
19
16
18
12
13
10
17
10
12
14
14
17
20
14
17
18
14
12
12
16
19
18
11
18
10
17
19
19
13
15
14
12
18
18
20
17
15
10
13
15
13
20
20
10
13
12
20
15
12
14
12
19
14
13
18
19
17
11
18
14
18
11
17
12
10
19
19
20
14
12
12
17
19
20
16
14
10
15
13
13
18
19
15
14
12
13
14
16
16
19

38308
26653
30683
32917
21447
28514
31156
25706
35145
26251
32372
23753
26756
30511
21112
33405
23445
39172
35395
20552
38694
31057
36792
30483
34256
23245
20648
37011
27275
24564
37073
23916
20749
34994
35697
26778
28429
37414
28332
26313
29908
26144
31342
39354
23804
33500
30602
22816
32604
24849

0

1
