1000
50

718	630
389	288
463	332
558	70
453	248
888	409
481	64
984	364
890	482
916	344
552	195
449	183
45	710
231	839
374	75
399	235
298	833
45	879
837	521
840	454
635	238
395	200
398	44
864	410
359	68
117	745
971	546
136	967
188	967
730	608
576	145
292	880
448	236
170	829
19	788
262	757
221	979
759	438
751	577
359	123
658	425
578	883
68	414
351	902
921	897
984	178
690	322
333	525
343	676
885	88

446	9
560	320
954	527
52	798
345	74
936	589
34	838
818	418
847	459
637	173
751	637
888	600
633	326
268	837
778	442
119	915
449	130
624	64
814	415
207	780
584	178
957	505
697	428
385	277
250	914
438	192
81	692
951	630
617	181
307	815
309	732
937	657
178	800
613	254
499	45
966	554
525	3
178	950
492	136
852	663
814	601
677	651
168	772
793	650
345	221
866	480
623	41
913	526
326	967
182	809
658	179
206	984
442	111
109	674
695	605
456	304
443	35
703	440
964	557
858	454
29	759
997	423
721	362
690	613
171	951
94	943
749	342
835	507
706	647
984	554
623	121
998	425
751	583
688	587
71	948
289	987
187	705
307	743
647	16
812	502
776	386
494	166
368	84
112	942
392	281
154	739
520	292
25	706
438	12
223	734
677	463
224	693
548	97
159	869
119	839
965	641
819	534
457	175
194	827
512	127
646	140
269	742
762	643
724	646
666	544
783	526
449	53
633	113
145	730
234	930
883	443
328	960
0	912
529	269
622	41
830	478
632	241
436	45
380	166
212	927
242	717
896	484
880	493
595	185
362	240
343	276
253	918
969	483
571	36
964	401
219	699
589	237
569	253
877	374
966	356
36	706
432	185
547	195
392	84
993	628
733	481
819	557
133	758
459	116
377	244
950	635
551	243
486	80
631	28
630	271
817	621
717	609
153	878
427	190
438	300
18	831
273	978
683	513
843	605
368	330
507	315
34	985
560	274
206	955
755	606
445	312
18	964
401	133
192	683
396	182
795	559
513	73
799	427
703	528
600	233
594	213
939	639
207	986
668	552
466	166
727	346
948	650
670	362
99	880
654	219
430	73
419	72
114	695
993	345
478	201
283	675
930	560
580	179
281	810
885	466
551	86
245	961
825	583
414	100
96	981
662	129
232	742
607	306
663	118
250	961
279	744
372	137
138	960
451	16
643	197
494	249
457	68
969	428
997	336
709	555
686	488
71	943
446	150
944	386
938	428
917	342
516	223
154	986
930	633
679	372
580	31
656	55
383	90
930	522
582	275
366	144
684	410
923	630
127	814
82	818
905	407
132	844
126	995
615	333
139	877
444	20
63	764
911	638
732	620
188	801
764	528
983	654
53	695
905	349
294	817
52	673
867	496
874	383
420	57
846	628
948	466
445	166
637	212
271	922
769	567
218	705
763	469
51	738
955	641
477	297
909	362
403	323
576	22
278	926
480	67
467	141
843	360
195	709
461	261
425	223
351	144
974	485
332	760
932	360
797	511
512	324
591	46
175	948
862	617
914	497
641	194
589	318
865	591
919	663
915	495
162	673
783	553
230	773
771	531
482	69
417	60
99	714
54	858
304	838
662	275
548	306
113	727
0	885
428	300
375	62
27	916
12	976
269	740
481	1
666	345
418	181
286	691
442	140
501	126
378	57
779	443
443	274
362	261
26	892
355	291
147	781
706	565
940	446
752	378
546	306
311	939
363	18
12	924
743	541
444	76
340	68
285	746
454	4
745	370
227	669
677	656
40	919
148	952
889	523
588	305
481	153
815	539
647	28
153	772
124	890
918	458
991	499
308	683
376	231
346	109
929	590
607	68
306	933
594	290
842	415
369	333
74	709
177	936
126	668
474	333
764	448
479	245
602	80
376	243
308	925
107	845
837	629
756	569
728	538
503	176
572	103
311	708
825	438
358	155
521	136
651	124
155	867
62	859
190	974
366	318
446	250
364	174
904	639
169	992
303	859
70	919
361	261
972	441
360	153
880	648
262	930
425	181
329	692
271	801
330	956
909	341
258	880
0	834
16	721
670	336
889	490
740	577
108	921
466	1
912	353
652	132
670	635
49	800
690	477
941	557
159	902
467	43
459	124
417	160
210	923
351	281
434	324
147	927
274	775
133	671
888	623
367	250
264	693
336	122
567	89
481	327
11	765
654	72
885	643
537	129
582	144
602	191
778	632
955	397
337	238
277	671
36	761
333	133
95	892
925	481
308	908
784	352
842	478
694	402
125	710
828	416
797	377
644	11
81	817
369	179
338	239
867	586
450	271
834	560
820	480
296	844
14	706
127	974
938	629
287	746
758	553
547	46
910	588
309	716
375	234
435	321
510	239
3	926
393	45
836	355
969	467
814	501
999	580
843	437
985	399
309	840
338	172
502	264
281	695
866	494
555	150
114	795
791	510
974	377
363	319
516	315
808	368
371	202
127	867
599	130
151	833
607	198
824	387
921	523
732	388
932	447
537	261
863	373
103	831
613	133
525	64
808	429
153	796
126	821
241	796
85	856
656	121
470	33
936	442
650	137
431	304
878	469
186	937
483	221
226	738
187	809
561	242
389	170
699	557
704	662
566	193
117	950
212	709
800	649
330	825
108	674
168	721
688	365
194	754
870	651
286	998
912	581
706	619
540	266
239	935
488	18
210	716
814	454
529	195
906	451
431	275
342	107
520	40
392	119
330	678
850	578
188	718
975	455
489	210
181	759
698	569
679	404
215	810
617	25
128	682
445	242
834	482
155	905
870	577
924	476
757	650
857	405
580	231
889	622
632	193
43	912
521	33
5	823
378	285
970	506
597	113
922	341
645	37
625	136
746	438
952	647
374	299
385	333
610	238
508	173
309	893
300	939
409	178
994	454
340	107
344	8
351	7
675	460
675	426
90	708
223	727
66	851
956	426
862	358
323	920
772	578
444	210
558	12
955	633
59	997
965	598
976	433
456	95
194	709
158	934
284	973
915	539
110	971
492	181
805	474
344	265
490	118
698	477
952	546
431	258
193	754
79	831
45	946
92	986
507	16
855	514
891	385
221	748
143	697
397	209
486	179
145	890
964	490
653	31
156	967
295	853
284	729
74	739
949	473
58	761
419	224
972	641
278	684
696	356
401	68
872	548
830	561
427	234
333	920
534	145
221	970
65	834
376	66
749	622
163	787
198	680
320	967
28	861
280	878
330	701
527	225
91	844
828	571
92	704
132	748
83	754
88	671
563	44
586	58
647	201
616	302
733	368
21	952
827	512
170	834
514	302
2	751
749	460
107	872
870	379
42	923
406	224
892	425
988	400
766	531
934	408
470	98
465	262
887	615
951	431
270	744
26	721
19	721
428	75
137	674
718	631
376	265
436	69
591	163
452	146
741	632
490	218
359	333
496	39
364	164
835	627
988	413
206	797
810	588
246	688
828	490
980	531
207	831
571	220
664	101
722	495
556	73
947	493
732	619
265	926
280	889
786	426
607	305
944	457
685	392
650	295
691	482
4	674
751	499
754	511
17	704
933	437
80	882
839	389
512	83
454	264
993	471
392	326
773	577
863	559
440	297
214	682
73	988
592	300
718	458
247	939
545	124
799	500
319	997
3	814
937	393
465	23
477	166
636	4
599	230
833	440
633	126
535	117
424	78
340	91
537	111
337	213
543	66
114	761
468	279
559	38
699	646
992	449
49	916
661	91
783	602
533	21
294	784
366	168
875	617
453	109
760	531
159	781
432	35
558	249
922	592
710	580
895	414
263	977
141	860
633	233
263	878
551	238
126	904
383	105
135	884
808	500
4	895
207	835
365	102
709	536
756	606
857	513
816	341
5	764
775	351
469	8
219	877
460	284
849	588
607	430
438	861
300	225
758	21
922	975
266	206
902	767
199	634
135	402
195	364
841	83
581	714
340	502
575	770
781	197
676	161
405	727
80	529
225	4
986	323
773	816
312	616
404	981
417	763
728	986
314	487
923	889
309	159
609	650
702	879
465	618
331	641
220	289
353	798
62	247
188	146
107	537
213	306
710	107
308	139
39	504
209	639
46	434
489	795
480	764
660	863
290	537
321	67
53	440
578	702
771	676
636	433
802	897
864	289
267	628
849	670
58	556
404	724
207	646
427	571
383	626
602	337
545	991
960	125
133	592
471	633
605	492
658	337
826	186
105	612
432	488
24	197
942	697
235	488
604	497
45	567
161	24
548	765
677	101
134	614
976	11
437	875
750	98
329	460
556	372
631	811
422	908
445	420
894	6
828	926
643	782
69	202
542	684
601	348
363	963
533	401
835	761
161	505
325	17
811	65
749	70
406	604
481	505
143	43
505	363
152	294
863	149
134	212
450	601
690	253
102	233
541	728
644	954
595	823
606	347
598	695
621	401
355	527
704	793
141	612
39	163
497	788
806	93
843	951
827	227
688	33
578	952
92	388
722	948
238	594
362	377
371	982
477	725
384	742
877	274
879	312
153	460
377	577
827	884
944	831
775	835
362	725
474	428
888	115
538	885
91	138
233	598
918	711
24	220
566	988
817	696
632	867
826	981
260	619
48	312
794	109
735	785
487	965
922	670
83	403
608	900
96	573
120	254
694	702
704	844
523	609
630	854
901	44
159	164
181	481
999	126
152	344
663	593
440	747
262	285
944	154
748	917
458	478
729	16
884	4
644	881
609	458
882	107
349	845
231	25
711	726
84	323
706	196
146	13
749	838
735	991
909	995
530	977
921	915
845	275
351	479
704	173
247	84
431	967
928	172

150

400
400
400
400
400
400
400
400
400
400
400
400
400
400
400
400
400
400
400
400
400
400
400
400
400
400
400
400
400
400
400
400
400
400
400
400
400
400
400
400
400
400
400
400
400
400
400
400
400
400

17
14
17
12
15
10
20
13
14
18
10
18
10
10
17
16
12
10
11
20
17
18
10
12
13
13
12
14
17
16
16
18
13
19
17
10
11
10
18
13
17
19
16
17
18
13
10
14
13
13
13
16
12
19
10
10
20
11
17
11
18
14
11
13
15
15
16
17
19
14
12
14
10
13
15
11
15
17
15
14
18
20
13
16
16
10
18
15
14
12
15
12
12
18
17
10
14
13
10
19
17
13
13
15
11
11
17
15
12
19
16
15
18
16
20
16
17
13
20
17
16
17
18
11
19
15
20
18
10
13
20
14
16
10
16
18
11
10
19
16
12
19
13
19
15
17
17
11
10
14
14
17
14
10
15
17
20
14
11
13
14
18
17
11
13
19
13
16
13
10
20
11
20
20
13
17
16
11
16
11
13
14
13
11
15
14
11
14
10
17
15
17
10
13
13
19
11
12
19
16
18
12
14
12
15
16
13
13
17
13
14
11
19
16
18
10
15
10
17
20
12
12
16
12
17
17
11
12
13
14
14
11
11
18
16
20
11
14
11
20
16
16
12
15
17
19
18
16
11
13
14
11
14
13
14
10
19
14
11
14
12
16
10
12
13
19
14
12
14
10
14
17
11
10
12
14
18
16
12
13
14
18
12
15
17
14
16
17
14
12
10
10
18
14
18
20
12
19
10
20
11
11
19
14
15
14
17
19
11
17
11
19
15
18
20
16
11
11
20
16
17
19
12
18
11
10
18
11
17
13
18
13
16
16
11
10
14
15
14
10
10
20
13
13
10
17
14
14
12
13
14
11
19
18
19
16
20
19
18
10
12
16
17
13
14
14
17
15
16
10
20
10
19
17
11
19
16
11
18
14
14
16
13
10
11
14
16
18
15
14
10
11
15
20
20
19
20
14
19
18
20
20
19
14
12
16
14
16
10
14
13
14
19
20
18
15
11
13
17
16
10
12
13
13
17
16
13
14
12
20
10
11
16
20
10
10
11
14
18
16
18
14
17
10
16
15
11
19
18
17
16
13
15
12
20
16
12
14
19
20
12
20
17
14
10
13
16
11
18
17
20
15
19
18
16
19
14
10
15
14
17
16
13
10
12
17
10
20
15
15
12
16
10
10
12
18
12
20
13
16
12
16
11
15
19
16
10
15
19
19
19
15
13
16
15
16
18
10
14
19
14
16
15
17
16
12
19
19
17
18
10
12
20
16
16
10
13
18
15
12
10
20
11
10
16
12
18
12
19
17
10
13
18
18
10
20
20
17
14
16
20
13
11
14
18
15
12
15
10
15
16
16
10
10
17
10
20
11
10
14
16
10
20
13
12
19
19
13
12
11
16
19
10
14
10
20
12
12
19
20
11
19
19
11
17
15
18
15
20
17
19
11
15
12
11
10
13
20
14
10
20
17
16
14
19
18
11
15
16
13
10
20
11
18
10
16
18
13
15
17
16
20
19
19
17
12
20
19
19
15
20
20
19
19
20
12
17
19
18
18
15
12
14
12
15
17
15
13
16
12
10
18
19
13
13
19
13
14
13
19
19
19
11
18
10
10
15
18
15
20
15
20
16
18
13
19
20
13
16
16
16
16
14
12
17
14
13
19
12
17
11
20
16
15
17
14
15
12
15
12
10
10
18
19
10
16
10
18
18
12
18
19
10
16
11
15
10
12
18
17
15
10
13
15
11
13
13
10
11
17
11
14
19
20
11
18
20
17
19
10
13
15
12
11
17
17
19
12
19
15
17
12
17
11
12
18
11
18
12
10
10
12
18
19
14
12
15
14
19
11
12
10
16
17
20
10
17
13
11
14
13
16
17
17
17
11
15
18
14
20
10
13
13
18
18
15
19
19
10
14
20
16
14
17
14
11
10
20
18
11
18
14
15
13
16
14
12
11
18
15
16
14
17
13
15
13
18
16
13
11
11
11
19
14
17
13
17
10
16
10
15
11
13
20
20
19
20
19
12
16
16
13
14
11
11
15
16
15
11
13
11
12
19
17
10
17
20
15
14
15
12
15
18
11
17
11
14
20
14
10
12
11
12
12
17
19
18
14
11
14
10
12
10
12
15
17
20
16
19
20
11
10
14
13
14
15
17
12
13
17
12
13
18
19
18
14
18
11
16
14
11
20
12
20
10
14
19
16
11
20
10
15
20
15
14
18
18
14
14
15
19
16
17
17
13
18
20
12
14
11
14
17
12
20
20
10
18
11
12
17
10
10
12
16
13
11
15
17
19
15
10
17
10
15
16
12
11
12
16
11

3
2
4
2
3
2
4
2
4
3
4
4
4
2
4
4
2
3
3
4
4
4
2
2
4
2
2
4
2
4
3
2
3
3
4
4
2
3
3
4
2
3
2
2
4
3
4
2
4
2

0

1
