2500
125

322	240
75	830
76	223
925	103
779	623
22	860
141	353
41	500
8	434
490	566
507	152
618	204
610	481
809	688
704	659
473	314
332	826
478	49
868	278
88	324
888	708
419	733
912	415
39	724
735	776
190	53
262	447
798	128
10	992
989	580
804	151
718	176
631	492
731	635
137	865
920	805
592	575
92	364
215	515
520	801
792	744
641	774
60	507
606	195
467	849
964	156
998	738
756	531
756	970
598	189
78	602
274	397
680	51
655	987
586	287
882	682
823	818
20	762
270	633
159	644
538	265
186	310
659	125
368	434
986	211
705	626
950	362
616	812
793	325
241	300
497	181
824	186
558	459
981	828
714	671
425	525
580	813
183	13
479	972
868	585
232	852
732	437
614	998
859	863
717	694
572	246
473	112
118	959
8	585
618	167
566	999
520	847
426	411
660	536
643	295
260	512
543	617
721	58
73	767
137	855
709	684
333	5
850	780
728	861
608	359
577	804
668	118
212	163
418	400
836	454
392	971
826	596
80	239
758	577
310	972
267	845
749	418
567	673
496	204
730	351
206	611
681	338
717	151
978	660
626	433

419	155
188	927
129	770
823	615
297	952
19	926
269	564
266	343
788	924
183	453
220	494
755	528
792	789
728	962
600	122
900	628
445	786
132	454
423	971
8	787
63	580
54	65
110	444
589	804
537	686
203	157
830	766
44	533
629	353
651	710
819	109
546	388
516	721
800	384
450	5
657	419
811	974
286	269
441	325
167	656
583	641
996	175
466	43
327	743
862	539
368	82
311	892
284	838
255	673
857	426
40	340
330	712
790	892
342	122
792	437
387	993
602	174
469	31
368	713
128	983
528	24
181	328
670	79
972	468
435	89
400	926
211	736
426	713
293	468
220	496
313	550
420	670
98	875
10	787
904	318
994	660
492	755
315	351
228	53
572	124
163	801
906	248
38	490
35	162
669	984
574	677
327	140
103	194
167	290
881	167
847	520
167	949
648	599
849	817
206	451
378	811
310	94
749	905
712	409
873	382
405	306
665	93
362	162
476	509
939	403
259	854
512	307
995	798
113	550
471	345
70	423
524	804
916	586
873	351
983	369
501	804
188	657
599	605
413	540
446	361
648	294
182	219
900	836
667	933
434	416
909	160
663	50
386	676
75	30
182	33
757	104
850	132
140	213
166	153
78	954
679	194
578	691
845	367
897	435
12	978
961	307
516	678
480	600
262	420
953	38
43	434
837	337
753	393
74	89
219	435
965	717
982	513
389	181
871	789
176	667
609	813
313	490
219	258
491	167
589	983
802	243
391	94
900	291
593	932
534	573
666	510
137	903
469	799
498	599
886	2
281	841
421	650
943	852
611	426
818	888
642	326
318	207
159	831
74	767
374	562
482	606
494	676
549	897
905	413
215	309
461	617
57	647
339	64
156	873
928	668
369	759
910	814
908	206
229	968
408	330
350	762
476	791
250	589
396	0
851	588
469	310
78	386
135	101
399	203
160	762
702	740
121	586
424	219
668	803
866	859
545	386
269	704
137	860
264	981
738	499
376	42
285	355
204	653
445	764
333	650
956	640
69	95
774	741
906	600
744	730
546	607
197	878
199	184
83	617
292	845
207	573
717	685
603	556
239	228
324	30
873	288
683	65
97	21
728	782
741	18
487	511
633	312
683	665
819	873
515	780
932	551
617	205
150	719
215	852
34	856
554	252
865	605
23	367
464	892
866	120
611	40
470	590
658	727
625	502
967	321
473	73
318	934
518	824
319	331
817	193
693	673
314	617
935	951
587	831
64	302
918	491
228	986
870	378
707	349
818	285
660	791
392	223
619	265
758	591
858	773
708	534
562	97
950	693
80	772
605	42
157	821
882	492
21	454
645	772
996	709
207	520
432	56
159	875
904	176
268	644
428	452
556	345
752	170
756	476
312	989
318	635
363	815
331	812
989	457
298	515
303	267
449	911
425	848
512	592
613	179
115	662
465	622
663	292
71	683
320	51
759	849
741	973
797	250
606	825
784	580
185	154
525	641
992	492
990	605
956	137
772	809
351	553
123	364
0	46
506	957
430	228
400	646
865	161
593	158
597	748
16	720
674	220
777	299
989	605
877	557
565	517
608	457
319	145
375	468
355	436
563	261
441	444
159	949
464	438
26	16
305	904
240	589
949	711
91	39
691	271
561	934
807	931
694	299
157	747
270	9
579	510
28	78
877	509
799	58
816	611
492	135
799	673
200	261
861	694
527	541
469	16
80	613
878	144
847	98
652	169
268	331
443	240
426	24
895	277
824	555
691	29
81	672
744	109
867	77
757	816
397	998
727	233
732	30
308	787
561	67
328	836
508	747
849	775
758	661
424	276
552	51
741	509
750	944
21	912
940	755
235	503
249	323
409	245
362	749
173	679
490	979
716	560
199	129
979	183
807	917
340	737
517	237
140	52
799	965
831	999
398	621
407	266
154	512
741	677
780	709
2	417
565	37
230	666
929	982
658	263
46	856
225	642
137	489
355	952
935	789
33	521
55	234
404	383
749	481
353	29
468	132
668	125
42	920
291	745
867	576
869	759
291	21
78	178
48	821
992	464
972	433
386	226
13	457
343	542
373	867
850	718
320	714
821	351
350	457
818	988
594	248
873	573
806	281
329	594
92	998
798	73
159	389
428	67
907	559
564	351
530	728
443	43
842	702
421	81
685	259
632	499
99	439
254	590
582	247
995	498
724	175
935	61
454	114
303	395
249	522
7	316
571	465
582	944
262	502
147	121
956	23
859	986
380	497
849	617
480	513
149	895
105	191
957	280
645	921
220	526
774	962
265	492
153	352
309	709
272	840
301	428
469	952
390	38
647	425
472	457
109	418
812	909
343	851
473	371
771	418
173	37
145	623
102	604
320	173
629	648
421	753
7	192
106	656
169	379
130	26
218	272
992	928
879	148
767	555
69	900
407	63
979	155
311	967
372	232
923	513
43	80
891	281
538	62
32	248
730	473
231	945
561	577
2	50
89	164
601	200
767	407
71	493
619	950
130	996
454	648
742	228
362	952
781	430
151	294
78	881
869	647
160	462
515	939
409	140
425	690
909	352
716	917
930	257
308	626
423	27
478	40
94	514
840	333
601	467
733	900
683	114
278	559
208	590
887	54
833	666
936	348
509	670
147	1
456	16
963	530
22	706
4	822
515	988
87	595
122	949
738	771
451	144
200	75
956	275
680	140
401	237
563	394
934	447
114	675
770	882
141	460
318	427
12	172
721	704
548	491
528	390
591	872
176	381
194	815
26	608
652	139
17	629
223	937
228	639
859	920
7	576
273	884
732	876
526	604
657	411
721	457
982	848
299	535
631	572
25	83
876	35
332	898
83	187
917	367
501	298
177	539
310	554
680	695
171	789
982	224
553	465
868	77
622	613
400	797
724	474
334	807
651	39
24	560
247	832
272	283
576	989
927	144
923	537
891	225
309	737
848	137
940	655
946	488
296	220
113	888
668	304
345	701
432	323
970	300
867	997
389	526
308	388
811	317
410	357
428	963
821	899
437	566
686	97
128	716
341	591
310	796
216	573
546	302
70	741
503	825
480	508
971	710
178	337
355	716
713	852
80	447
423	650
66	147
345	326
326	354
849	241
545	49
22	157
377	253
829	985
511	329
833	353
991	895
916	951
851	183
851	980
591	203
176	18
757	226
388	786
829	846
31	591
460	981
812	748
488	641
323	884
807	385
347	866
840	872
844	216
776	93
296	208
208	864
942	481
205	17
323	368
489	657
746	126
223	956
864	166
582	278
693	262
546	752
870	596
965	668
644	699
184	646
356	302
808	397
533	717
743	330
448	997
737	457
383	324
263	345
369	586
767	44
27	992
351	497
927	720
629	166
82	131
358	865
324	452
406	931
512	92
241	102
544	678
388	808
42	265
979	938
853	309
309	102
423	619
928	379
643	563
141	501
458	401
16	689
632	883
690	753
741	273
456	621
616	187
344	31
855	178
13	693
802	996
215	394
779	933
130	954
16	327
395	411
945	637
715	544
744	644
79	246
355	851
903	966
588	354
34	116
44	843
130	685
924	587
451	738
687	218
11	83
656	735
440	835
719	609
402	744
833	539
274	32
273	826
249	650
665	345
677	24
328	438
272	492
80	610
165	855
9	281
617	405
871	21
35	504
230	917
296	829
198	207
919	761
32	664
283	22
775	957
358	734
429	713
263	33
255	47
627	100
233	357
9	560
480	562
199	298
547	517
138	557
724	540
980	292
539	915
399	582
177	335
141	275
189	989
864	398
706	434
321	148
239	737
124	951
928	193
790	164
192	955
733	554
780	400
681	856
227	577
386	993
164	461
10	41
806	527
981	699
362	136
678	544
585	763
803	227
253	365
264	932
592	295
708	29
611	332
170	393
510	847
364	968
184	950
797	955
87	187
759	974
9	603
517	461
496	155
289	556
64	465
470	751
622	176
817	96
786	28
337	302
832	200
226	466
511	615
796	912
315	85
433	897
467	662
784	180
328	18
137	603
580	436
44	402
457	247
712	934
975	552
400	193
574	316
382	660
546	568
420	866
154	176
541	576
99	899
418	62
271	723
222	781
597	356
982	45
641	972
187	353
43	513
879	281
980	326
510	722
520	123
203	349
948	689
105	724
413	257
994	812
76	811
250	790
887	64
329	993
496	945
332	285
687	978
710	971
614	322
268	76
548	142
888	591
919	117
777	857
86	199
856	769
43	598
157	217
898	116
747	804
103	331
335	244
220	605
532	256
93	714
267	389
934	232
220	259
181	854
20	733
892	719
250	205
190	663
503	326
250	378
282	654
244	752
296	336
390	353
886	374
835	68
502	932
128	301
209	578
379	17
513	756
854	764
524	452
770	828
653	322
151	156
926	945
119	82
903	161
251	93
801	133
493	428
909	736
659	806
157	800
320	95
329	955
550	539
876	292
62	152
793	808
593	58
328	132
447	841
858	323
534	472
390	380
338	717
15	72
862	575
576	177
414	868
432	179
224	393
441	68
884	638
728	445
910	961
864	127
973	421
532	873
250	904
682	378
791	88
419	48
919	113
553	278
130	230
716	448
286	333
924	92
96	261
474	708
546	817
699	860
323	422
656	818
547	499
811	81
275	548
673	367
93	890
224	855
40	815
394	895
192	347
716	31
500	199
426	987
621	882
275	799
1	714
292	308
426	166
661	353
601	43
323	893
396	647
63	831
203	883
922	178
686	727
612	12
297	636
271	242
428	302
547	876
79	190
677	185
105	908
122	586
610	545
964	817
571	574
72	187
275	283
286	71
949	936
390	644
797	439
178	24
20	858
465	31
576	980
962	762
917	120
697	674
899	536
277	875
213	450
958	180
616	509
346	763
208	958
155	428
744	60
586	94
872	638
417	830
806	726
712	569
434	805
762	943
366	686
182	741
459	976
130	218
814	27
224	933
373	182
758	109
635	735
551	74
139	842
797	418
800	717
878	80
827	993
336	84
509	929
385	294
130	889
789	405
299	564
444	475
910	333
508	660
744	798
438	121
342	622
608	195
664	157
450	94
58	749
780	508
791	342
331	979
13	541
714	654
166	789
413	836
384	864
87	819
164	600
210	674
54	755
917	950
879	451
467	234
833	730
678	296
979	628
819	249
163	438
221	584
395	889
346	677
67	491
282	54
921	392
662	152
721	614
976	910
555	551
46	641
923	635
992	938
592	230
431	108
717	248
885	639
500	133
894	529
97	130
461	221
359	302
118	740
994	750
252	150
660	865
372	441
831	47
170	512
722	689
328	855
932	946
920	689
913	461
108	849
345	929
242	545
782	82
284	485
66	161
183	620
906	188
214	390
214	265
129	556
911	110
5	914
656	794
809	5
738	148
288	217
630	32
738	551
181	396
115	836
611	80
513	597
697	983
956	760
871	207
146	96
448	472
385	566
312	622
6	112
428	361
419	721
453	372
843	141
796	279
27	17
430	836
446	907
254	676
32	119
199	695
955	987
761	479
545	931
14	750
773	70
484	685
459	997
811	674
658	598
317	396
144	669
906	285
553	476
68	657
274	16
436	287
541	440
525	746
729	31
540	458
637	980
129	601
74	582
801	193
779	360
853	681
943	618
840	508
439	210
738	76
490	812
320	950
949	312
561	677
319	936
538	67
6	37
301	154
163	541
852	856
364	800
95	273
55	438
111	169
927	958
881	23
272	250
940	475
804	403
447	706
818	514
763	958
846	729
191	647
56	666
77	67
605	777
253	646
554	5
198	224
806	423
152	532
716	647
244	289
476	499
280	497
920	786
510	916
99	740
21	140
993	560
609	435
539	142
382	208
113	247
722	829
585	127
982	27
199	565
919	458
544	392
552	507
488	407
345	288
888	637
692	214
169	318
762	499
63	280
623	960
613	891
252	108
165	60
517	186
507	463
369	428
935	256
600	317
797	916
831	269
128	729
642	84
919	634
440	120
935	253
313	530
326	431
220	196
241	484
44	350
705	578
634	973
254	891
92	810
208	578
677	339
93	111
136	347
54	740
883	454
460	757
770	261
925	632
513	175
742	769
239	960
749	285
886	522
281	499
615	435
565	29
114	414
605	279
24	591
741	573
632	311
423	617
368	629
134	595
482	124
85	938
288	340
350	676
6	180
183	131
236	90
267	527
585	490
323	736
248	587
222	66
462	424
749	270
376	331
434	448
978	916
359	577
232	886
640	818
763	770
368	360
711	948
80	791
487	781
947	573
544	942
826	145
378	700
734	182
797	646
10	25
850	672
138	554
405	691
559	769
592	301
33	897
772	507
750	403
549	240
100	987
714	264
186	409
715	2
503	363
939	408
867	565
715	804
367	440
639	501
842	947
867	709
766	977
432	27
633	685
985	744
356	537
828	501
972	832
300	155
335	536
329	383
140	554
410	335
398	581
328	38
719	135
677	192
656	657
408	247
960	739
542	228
14	216
944	796
315	272
229	430
705	344
404	274
138	125
338	364
988	763
536	473
42	255
317	380
182	352
974	375
349	48
207	21
97	378
704	980
438	859
175	341
978	603
170	265
945	713
633	124
543	374
468	768
945	339
367	552
418	395
979	86
942	142
961	883
315	381
503	193
76	929
572	4
656	681
369	436
50	951
742	362
793	910
312	661
439	595
706	769
322	332
618	525
749	250
316	500
49	407
656	235
321	352
882	141
807	897
975	138
598	597
919	760
125	206
122	559
763	199
621	992
447	971
409	883
572	491
766	568
589	781
424	633
129	789
403	98
762	420
536	54
920	757
0	835
140	666
258	145
797	495
912	977
656	82
629	683
220	302
874	995
572	101
764	759
60	613
38	992
598	592
181	863
639	330
196	424
957	147
427	856
531	660
106	172
7	6
997	806
978	294
656	56
910	946
354	962
105	517
814	679
305	706
721	656
936	81
735	664
890	879
43	136
91	308
770	382
604	977
659	126
251	802
616	13
831	799
18	996
15	147
594	579
997	304
877	99
81	462
281	541
362	864
748	67
678	259
413	934
336	179
282	536
131	237
272	37
928	302
607	756
647	949
770	289
923	455
751	437
383	614
441	353
604	954
931	122
227	588
301	197
962	786
484	239
212	355
202	757
344	276
733	946
618	315
761	852
754	280
20	542
151	719
836	505
636	353
941	493
422	684
975	522
154	491
239	456
468	296
241	816
611	508
166	561
237	216
350	418
693	202
449	976
311	323
65	98
288	669
957	589
253	451
59	115
699	134
736	489
479	361
265	435
19	476
904	352
693	774
650	165
729	657
15	878
958	11
269	738
933	161
465	237
878	908
386	426
92	1
582	800
307	252
208	30
303	599
325	243
736	459
81	856
571	805
621	928
652	211
230	650
883	80
199	986
349	210
548	434
128	288
11	602
754	814
720	433
143	27
472	724
122	651
176	87
922	520
659	652
675	383
774	325
346	333
944	292
535	784
663	166
206	382
172	841
730	129
971	624
651	569
35	954
579	865
870	977
247	758
559	934
151	798
550	778
362	57
254	90
397	748
774	378
249	454
238	18
461	248
374	394
400	196
211	922
256	684
721	179
891	361
648	207
560	299
723	140
124	815
411	950
49	35
821	182
960	13
668	732
700	782
689	6
45	898
253	141
955	147
1	653
898	178
422	100
111	974
878	179
835	804
875	107
545	796
657	339
780	897
94	359
159	919
430	257
703	140
768	653
446	972
727	774
146	908
26	703
112	295
367	362
895	575
292	577
657	662
389	518
282	699
195	279
863	851
911	663
832	694
650	386
99	468
313	271
493	420
217	297
251	970
281	411
204	717
80	988
562	842
224	345
58	263
377	497
585	659
517	639
59	606
426	337
142	489
445	411
549	109
144	431
63	181
664	680
612	592
441	663
197	810
52	212
574	473
907	913
67	413
705	535
597	985
580	210
348	460
79	948
603	160
102	508
444	496
59	615
253	56
675	344
16	878
318	499
991	132
780	738
898	617
457	762
669	247
86	796
416	51
206	723
685	569
851	4
176	531
581	858
976	997
792	984
956	937
753	677
72	601
917	756
491	181
488	724
900	885
665	884
643	621
913	27
608	880
825	703
537	415
227	899
428	182
359	633
228	387
857	692
55	29
598	621
390	949
757	170
466	128
93	780
909	474
306	885
98	300
823	295
680	659
915	358
489	352
271	512
811	50
907	489
392	819
146	299
516	35
26	200
880	17
133	381
419	378
758	865
981	295
964	657
112	952
249	168
993	504
285	707
481	307
89	626
4	806
290	138
637	523
193	48
286	196
103	116
638	13
929	789
570	983
989	582
418	381
377	401
885	291
486	919
665	446
514	954
832	730
522	535
602	15
526	645
753	738
173	353
895	279
723	490
969	951
902	237
618	647
934	755
58	30
547	182
814	469
595	303
305	133
710	192
297	555
616	7
863	192
725	611
823	392
582	638
754	893
479	30
987	977
43	833
922	3
575	51
29	186
146	207
807	535
551	175
495	450
916	499
64	177
306	486
256	215
103	411
149	450
191	446
402	698
471	384
415	301
362	303
319	411
73	635
182	527
979	965
568	449
862	803
466	974
811	281
555	375
233	892
274	330
318	586
711	581
911	525
15	701
553	906
509	151
476	161
754	224
551	761
269	696
9	80
631	391
798	944
750	706
197	223
601	28
703	843
143	928
50	308
237	827
796	554
452	312
210	462
859	521
503	203
132	296
912	16
897	842
419	763
482	206
840	335
309	311
134	217
910	171
0	182
134	869
232	520
698	695
57	328
140	440
8	218
618	322
340	411
964	333
825	372
600	256
110	94
960	22
937	91
576	745
696	162
687	629
187	901
150	508
959	986
576	705
918	714
950	181
414	847
172	709
182	374
537	209
527	101
178	153
434	875
431	136
723	360
145	398
358	562
632	634
712	976
498	399
533	757
354	275
768	779
77	648
428	74
72	108
958	807
652	194
275	327
240	371
30	691
538	445
627	848
435	839
326	29
433	93
798	45
75	356
373	12
860	496
488	326
464	539
831	918
417	724
825	98
122	223
70	917
157	610
853	438
405	418
741	720
452	907
122	576
587	474
186	32
544	93
47	7
629	456
561	234
690	489
35	487
764	619
818	613
534	499
936	172
949	84
133	613
365	673
578	555
7	299
342	755
784	207
147	332
224	871
968	715
868	972
217	435
116	147
291	969
354	457
796	806
93	543
356	197
444	164
852	821
917	119
331	122
635	526
157	897
512	383
399	300
471	122
45	996
124	659
980	841
516	115
885	704
549	81
644	165
473	770
324	916
538	421
67	872
439	620
112	356
649	127
538	604
648	371
720	905
784	839
179	965
910	459
635	202
246	368
644	807
194	378
485	286
821	817
665	296
248	765
276	392
980	579
575	234
823	520
123	320
158	691
862	885
769	526
711	678
585	695
546	708
18	785
843	46
773	548
221	450
856	122
300	823
98	742
760	562
879	471
855	771
662	892
69	291
491	391
444	917
691	506
783	335
75	146
510	964
455	265
352	905
553	35
114	907
805	868
440	587
687	333
996	809
784	729
852	202
260	387
701	984
222	726
998	276
563	100
564	524
766	744
367	204
824	865
59	42
659	872
852	950
533	997
928	828
719	470
885	728
608	266
375	234
45	879
753	230
183	84
102	299
929	222
313	17
638	39
268	326
402	471
394	720
810	318
83	369
914	687
915	181
740	214
695	482
117	576
417	373
401	241
638	169
10	163
784	154
338	308
346	126
941	735
688	881
347	819
127	191
712	46
106	769
416	945
718	986
673	191
72	20
77	601
40	856
555	846
175	465
558	19
309	276
469	950
617	176
189	957
29	779
223	822
116	104
827	878
316	470
813	768
367	801
527	951
165	326
581	455
608	240
543	764
584	78
763	526
788	842
264	614
439	282
521	289
865	173
126	630
849	246
18	713
36	675
72	95
729	748
225	50
406	37
831	535
518	233
77	158
746	109
464	926
232	103
832	824
891	399
267	789
817	515
231	722
948	661
684	462
202	89
915	490
80	190
24	813
852	932
421	911
439	350
312	946
191	461
304	119
636	916
637	472
735	900
24	956
415	844
486	326
853	792
944	875
975	398
239	714
729	91
58	885
919	74
820	544
414	514
151	175
569	224
975	800
867	604
508	388
994	479
129	221
488	99
952	818
786	642
114	58
141	377
418	831
84	918
46	669
308	35
963	278
145	471
777	907
760	556
364	48
79	550
520	65
481	658
436	402
321	874
422	711
873	674
469	779
877	534
362	440
288	983
341	579
578	686
179	936
274	383
485	687
631	927
971	463
985	937
280	317
129	472
253	384
348	655
408	701
375	269
937	603
10	644
884	236
463	621
183	791
158	754
548	812
552	29
952	679
555	837
499	948
956	309
384	266
397	271
448	743
309	819
423	89
130	97
834	291
131	718
614	522
901	746
349	597
530	292
74	749
701	617
552	649
582	766
95	438
437	381
933	18
698	582
443	832
518	853
276	803
829	443
88	628
166	592
464	768
71	246
429	395
217	445
81	420
196	46
261	325
923	389
948	292
23	852
329	689
10	119
181	998
640	522
674	55
422	437
44	133
448	666
630	752
542	696
583	874
897	826
102	890
702	2
308	517
962	946
623	611
781	507
346	613
147	150
171	150
450	459
187	91
678	922
692	343
886	593
604	157
82	308
18	951
214	392
385	356
233	955
981	465
904	521
802	371
553	206
835	676
431	566
662	88
117	304
309	296
156	846
416	623
637	381
859	156
189	164
933	630
763	898
134	343
630	366
174	930
948	412
149	332
950	491
252	224
564	646
125	335
722	625
593	649
773	938
480	984
470	842
360	181
914	58
861	87
640	466
656	57
138	800
256	280
621	692
939	908
468	903
669	330
868	356
813	328
620	192
228	183
137	663
211	902
808	965
838	987
251	578
769	770
872	734
932	226
418	418
360	567
685	188
49	740
439	988
490	370
73	870
772	848
615	314
752	374
611	363
693	448
231	794
973	997
979	733
959	359
922	805
327	540
434	534
987	220
925	11
23	77
106	672
552	618
74	144
917	361
73	48
196	182
158	187
813	906
635	266
844	940
714	631
250	543
251	381
632	338
68	589
764	370
937	477
956	466
65	147
16	446
72	775
869	127
544	150
477	73
146	282
740	202
150	720
570	500
619	245
441	312
26	209
267	882
786	407
832	232
283	913
849	217
197	274
795	639
834	566
401	980
772	553
467	73
329	728
747	703
208	677
935	973
0	998
986	787
44	212
512	438
573	874
993	384
275	508
616	872
852	558
462	889
34	563
167	260
998	516
976	921
739	875
956	507
981	509
18	320
297	435
253	28
299	342
117	223
461	356
759	803
191	803
723	805
577	359
611	716
428	10
729	887
672	58
138	608
422	617
888	612
693	902
187	726
978	396

300

1200
1200
1200
1200
1200
1200
1200
1200
1200
1200
1200
1200
1200
1200
1200
1200
1200
1200
1200
1200
1200
1200
1200
1200
1200
1200
1200
1200
1200
1200
1200
1200
1200
1200
1200
1200
1200
1200
1200
1200
1200
1200
1200
1200
1200
1200
1200
1200
1200
1200
1200
1200
1200
1200
1200
1200
1200
1200
1200
1200
1200
1200
1200
1200
1200
1200
1200
1200
1200
1200
1200
1200
1200
1200
1200
1200
1200
1200
1200
1200
1200
1200
1200
1200
1200
1200
1200
1200
1200
1200
1200
1200
1200
1200
1200
1200
1200
1200
1200
1200
1200
1200
1200
1200
1200
1200
1200
1200
1200
1200
1200
1200
1200
1200
1200
1200
1200
1200
1200
1200
1200
1200
1200
1200
1200

16
14
14
19
17
13
14
14
11
16
19
19
10
17
17
14
12
11
20
17
10
20
17
16
20
12
15
10
15
18
17
12
12
10
12
17
14
15
18
17
19
11
19
19
15
10
10
12
18
10
13
19
13
20
19
17
10
13
12
20
19
18
15
12
20
16
13
13
11
18
13
17
14
16
18
17
18
15
20
14
17
18
15
13
19
17
15
19
10
16
19
16
14
19
12
14
17
10
14
12
11
11
20
20
15
16
15
17
14
10
12
16
18
17
15
16
17
12
13
10
10
17
19
12
18
16
11
13
15
13
13
20
10
11
12
20
15
18
19
12
10
12
10
12
13
19
18
10
20
17
13
20
15
19
20
19
16
10
16
12
20
14
11
12
19
14
11
20
10
13
19
18
19
19
13
10
11
17
16
14
19
19
15
17
10
20
15
17
12
11
17
11
19
18
18
17
20
19
16
10
12
14
15
15
20
17
16
19
17
17
20
17
19
11
11
12
17
14
20
19
18
12
12
12
17
16
15
20
16
18
17
16
14
12
12
12
17
17
18
14
13
11
10
20
20
13
20
18
12
10
12
18
20
10
19
12
20
17
14
12
17
16
13
12
12
19
16
15
16
18
16
14
15
17
18
20
17
15
18
11
16
18
19
14
16
14
11
19
19
19
11
16
12
20
10
20
17
11
16
18
18
20
20
17
13
20
19
13
20
15
12
10
20
20
20
14
19
10
10
19
12
10
15
16
12
20
17
11
17
17
12
13
16
12
10
19
19
18
16
13
19
17
16
10
18
13
14
20
12
18
14
14
15
14
14
17
17
19
19
17
18
15
19
10
19
12
12
10
18
17
18
15
17
10
17
14
11
14
13
20
13
17
18
14
16
11
20
16
11
15
19
19
16
11
12
16
11
14
11
14
11
18
17
11
20
18
14
12
19
12
16
12
14
18
17
19
14
20
20
12
20
14
13
10
15
20
15
15
12
15
17
17
13
13
20
10
18
12
13
10
17
14
19
11
11
12
18
12
18
18
16
17
11
14
17
13
13
18
14
20
13
12
11
20
18
16
18
10
14
16
10
17
17
16
19
20
15
12
16
12
15
20
10
15
20
13
13
15
19
16
19
16
20
13
19
13
11
17
11
12
20
16
19
13
19
18
11
15
15
10
20
17
17
19
11
11
18
14
12
14
19
16
13
10
19
15
11
20
11
18
10
11
15
15
20
16
14
15
16
18
19
10
14
19
18
15
16
14
12
12
13
18
12
10
11
16
20
16
15
16
18
15
15
19
17
14
20
13
20
18
16
13
15
18
13
17
13
15
12
12
10
15
13
15
20
11
17
14
10
16
10
11
14
12
16
17
10
15
19
17
19
13
12
13
12
15
14
13
12
14
19
16
13
18
14
17
13
16
14
20
14
12
12
14
15
10
15
20
16
10
19
17
15
15
11
14
18
12
15
11
20
15
15
16
17
20
13
16
16
20
20
16
17
17
14
20
13
16
16
14
10
15
11
17
20
15
13
10
13
17
15
18
19
11
17
13
17
14
13
17
15
16
18
11
14
13
19
11
12
11
15
12
18
20
13
13
13
17
15
15
13
15
14
10
19
17
11
13
16
18
17
18
12
18
12
18
15
16
20
10
15
15
13
12
19
18
11
10
11
18
12
17
17
12
17
19
18
10
11
11
13
16
14
13
19
15
13
13
20
13
20
19
19
11
12
15
10
12
15
18
20
11
12
18
12
10
16
12
10
10
11
10
19
17
19
19
17
19
17
20
14
15
14
14
17
17
20
12
15
19
11
18
15
12
12
11
15
15
19
15
18
13
18
17
17
15
10
17
18
12
15
10
17
20
19
15
17
13
16
15
16
11
20
15
12
17
11
10
14
14
17
17
14
13
12
18
11
18
15
14
10
20
15
18
10
15
18
19
14
14
17
18
12
17
17
18
11
17
17
17
11
18
13
13
18
16
10
18
12
18
13
19
11
16
12
12
19
16
14
19
17
16
13
16
13
18
11
15
12
20
14
18
14
16
11
20
19
13
15
19
14
15
14
17
12
19
11
17
15
11
17
18
20
12
17
20
14
11
20
18
17
16
16
12
19
19
15
18
20
19
15
18
10
10
20
17
18
16
10
20
15
17
13
16
15
10
12
19
14
10
18
10
12
16
10
16
11
17
17
10
14
14
20
15
18
15
15
17
19
15
13
20
11
14
10
17
14
18
18
17
12
10
15
18
20
10
10
12
13
19
12
17
18
13
11
19
15
13
16
10
13
18
20
20
18
10
20
11
10
13
18
16
15
16
10
15
15
10
13
17
18
15
10
18
12
10
18
14
12
14
17
14
18
10
16
17
19
17
11
13
14
20
15
11
18
20
11
15
20
12
14
19
20
19
18
13
10
13
20
18
10
19
18
16
17
19
17
17
17
17
16
15
15
15
17
11
10
17
17
19
12
13
12
15
13
14
13
19
15
20
19
10
12
18
14
12
19
10
11
17
14
18
11
16
18
18
16
18
13
20
17
10
19
14
13
20
16
12
16
16
17
20
18
11
15
11
17
16
18
16
16
20
10
18
14
16
17
10
19
15
17
20
18
16
14
15
13
15
12
19
14
11
10
20
16
18
14
17
13
18
15
12
12
16
10
16
13
11
11
13
20
11
19
19
12
14
17
15
15
15
15
13
13
11
13
16
20
11
11
14
19
16
18
20
10
13
10
16
10
11
11
10
15
10
11
17
11
19
13
15
20
12
17
15
12
16
17
12
15
14
15
20
17
10
19
10
12
10
12
11
17
12
18
14
15
15
10
12
17
17
11
13
14
19
12
11
10
10
19
15
18
11
11
15
19
10
11
14
19
17
16
15
16
12
14
10
20
14
18
18
12
16
11
18
15
14
16
12
19
12
17
14
16
15
12
18
14
19
17
16
20
13
20
20
20
16
15
11
18
15
12
14
17
15
10
20
17
10
13
15
10
13
14
18
10
15
10
14
11
16
12
20
10
11
10
20
13
13
10
13
10
14
19
13
13
16
10
20
12
18
19
16
12
11
10
12
18
13
13
10
14
13
19
15
10
13
10
16
18
19
14
10
11
17
13
18
20
12
16
18
10
12
18
17
19
10
16
20
19
11
11
18
10
17
12
13
10
15
17
12
10
17
16
13
18
16
16
14
18
16
10
14
13
15
16
10
17
10
16
19
18
18
15
15
16
19
11
12
18
13
11
20
17
13
19
19
19
12
18
11
14
19
14
13
17
15
14
18
12
10
19
19
15
12
12
20
11
11
13
14
17
14
20
18
20
15
19
14
14
14
19
15
16
20
16
16
10
16
12
12
10
19
18
16
14
12
12
10
11
17
14
18
20
20
10
14
16
16
11
13
11
19
10
14
19
17
15
13
17
17
18
14
13
20
17
10
19
12
15
18
12
18
12
12
19
18
17
13
10
12
19
18
10
17
15
10
20
19
18
10
18
11
13
16
16
19
16
20
13
15
13
14
11
10
14
15
14
14
17
17
15
11
19
13
11
11
18
17
16
17
20
15
16
11
20
17
20
17
12
14
20
16
10
18
12
19
13
19
17
16
19
11
19
13
11
20
16
20
16
12
19
11
17
20
12
10
20
15
10
12
20
17
16
13
17
13
19
16
18
19
14
17
13
20
17
10
14
11
15
18
18
11
16
17
14
17
20
11
17
13
15
13
12
13
20
16
19
16
14
18
19
18
12
14
11
16
18
18
13
13
18
19
19
17
16
10
11
13
10
10
13
13
14
13
15
12
11
11
10
13
16
13
19
13
17
13
14
13
20
20
12
17
10
14
11
19
20
14
18
20
19
18
18
14
18
14
20
16
17
20
19
16
10
12
11
13
20
10
12
19
13
10
20
11
14
17
16
13
12
10
18
12
10
14
20
17
14
20
20
11
20
10
15
10
11
17
14
13
17
12
10
16
16
14
18
12
20
18
18
20
12
18
11
17
12
15
19
15
16
10
12
18
18
18
17
15
10
16
10
14
11
10
14
14
13
16
12
20
14
13
14
16
12
17
10
18
14
14
17
18
17
12
10
15
13
13
16
17
20
14
14
19
12
18
14
20
18
15
12
15
13
20
15
16
10
20
13
17
14
14
14
17
14
17
20
17
20
16
10
11
20
17
19
15
17
18
13
17
13
11
13
12
17
19
11
20
16
18
11
12
10
16
20
10
18
11
11
13
20
13
15
12
12
13
13
19
15
13
17
17
14
16
16
19
20
13
10
20
17
16
20
20
16
17
12
15
16
12
15
20
15
18
19
10
13
11
18
16
12
16
19
10
10
17
17
19
18
20
16
15
13
19
15
13
12
15
19
13
19
15
17
17
14
14
16
20
20
13
18
18
18
13
18
19
18
18
10
15
19
15
18
11
12
15
11
14
14
16
11
11
15
19
15
18
11
18
19
14
19
16
20
16
16
18
12
11
10
18
14
14
17
14
11
15
19
20
12
14
13
18
13
16
10
18
16
16
17
14
14
14
19
18
19
16
14
11
17
16
12
13
12
14
13
12
12
15
16
13
18
19
18
19
14
11
11
20
12
15
16
20
13
14
11
15
17
18
15
15
13
13
11
15
18
18
16
19
17
10
13
12
17
11
19
18
10
15
20
11
18
20
14
20
17
10
17
19
20
17
13
12
20
16
17
13
11
20
15
20
13
18
14
16
12
14
17
11
19
11
17
13
18
17
11
14
10
14
18
11
10
19
18
11
11
15
17
16
18
17
19
15
12
13
16
10
20
12
20
10
10
18
11
16
19
20
16
10
20
16
15
12
19
12
11
19
16
19
10
12
12
11
15
13
14
17
19
15
11
13
19
17
12
14
15
17
12
16
15
19
15
15
13
17
14
13
13
11
14
19
18
15
12
14
10
10
20
13
16
16
16
12
15
16
12
13
17
15
20
20
13
19
17
11
12
16
17
17
18
13
16
19
14
19
12
19
13
13
11
11
11
20
11
15
17
10
11
20
17
20
13
18
20
10
20
12
17
10
14
19
17
13
20
18
17
15
10
16
10
11
12
12
12
10
12
11
15
10
12
19
17
13
15
19
14
10
19
14
17
12
17
13
17
18
10
18
17
11
16
19
18
18
11
15
19
14
13
16
18
15
10
12
17
20
19
13
18
17
14
15
17
14
14
18
15
20
20
20
18
16
12
17
13
16
13
16
14
16
12
12
11
10
16
17
16
13
16
15
19
12
17
16
19
11
10
18
19
15
12
14
14
18
18
15
14
16
16
11
15
18
12
15
20
19
15
18
16
12
11
19
19
12
12
14
11
12
14
17
20
11
15
19
15
18
12
14
15
18
11
11
15
11
16
12
12
10
15
17
15
14
16
14
10
15
10
19
20
15
17
19
13
13
19
20
12
17
14
14
18
15
11
16
12
11
17
14
10
17
17
17
13
18
19
16
14
10
11
18
11
18
17
16
18
16
10
13
20
18
19
19
13
13
20
20
16
10
19
10
17
13
12
11
16
17
16
15
12
13
11
16
20
19
18
11
18
10
15
12
10
16
17
18
19
15
14
19
20
12
17
15
19
16
20
18
18
15
12
20
10
16
10
19
10
19
17
14
16
17
20
16
11
15
12
18
17
17
14
15
18
12
20
18
20
14
12
18
13
18
20
15
18
10

36631
30723
31391
20920
24925
27152
23883
39167
24504
21017
36017
29404
34409
33965
36399
22797
35928
27320
28572
37255
20524
25529
29988
37701
23892
25569
29193
26516
32840
23940
20886
37059
29837
37069
37584
34734
35075
34744
22713
27242
38023
31720
23834
39304
34311
28723
28675
33787
30249
21526
21749
38841
39557
21568
24635
36960
37977
20641
24247
32720
32776
23492
31723
26356
26648
34549
34916
26724
26528
39322
31580
26656
35103
30497
25915
33759
30213
21391
27531
39733
26122
24166
21334
27286
26741
25656
36217
22430
29507
37300
38371
28501
35372
38527
30930
34449
34351
30886
27965
22350
39484
25083
21532
26250
26888
34919
33711
39994
21098
27650
33055
34824
33725
28233
30713
26553
30710
37467
24490
34848
21041
30095
30108
38746
24825

0

1
