2500
125

765	90
518	296
571	167
380	139
995	307
534	136
951	390
991	399
458	306
400	325
854	466
777	397
862	450
971	330
690	551
739	653
363	150
551	278
786	90
947	391
912	230
889	290
503	156
768	505
839	14
623	177
854	175
729	467
876	473
452	47
917	401
963	360
800	601
700	7
927	149
834	531
679	303
864	403
582	111
734	325
878	97
697	348
877	87
963	655
764	637
747	53
886	37
588	250
542	208
702	545
876	57
880	611
777	64
719	394
613	90
672	380
999	198
554	290
618	70
573	160
813	431
840	185
854	330
949	440
716	440
991	574
778	395
842	302
530	48
715	494
952	282
675	363
719	199
920	32
482	135
884	38
639	322
988	311
533	127
991	356
600	189
423	245
644	173
562	7
411	292
924	468
674	551
489	9
409	58
902	403
437	131
677	622
865	382
945	302
617	99
982	623
340	78
710	74
757	512
628	229
142	951
286	975
376	620
384	401
686	952
346	985
196	70
11	556
321	403
210	101
158	89
699	981
142	978
643	710
249	74
397	341
131	984
460	887
60	982
492	740
666	866
494	998
535	533
214	924
184	201

560	247
840	217
623	149
805	255
945	612
359	325
744	30
803	139
946	33
945	156
759	115
669	583
416	277
685	238
401	226
856	298
393	222
659	89
554	47
799	638
897	643
920	28
758	43
445	67
848	299
846	38
562	301
832	651
935	624
746	48
704	296
804	101
807	130
570	41
465	82
566	277
975	156
763	312
746	112
977	60
740	225
554	238
993	498
959	27
898	638
970	579
802	202
587	257
939	557
886	310
842	508
683	608
565	5
957	500
799	129
627	222
857	532
712	577
567	98
967	390
996	258
685	519
842	45
840	8
614	67
667	468
870	295
889	83
722	1
598	102
375	53
519	214
865	185
568	239
959	421
520	303
734	362
806	439
641	249
737	520
853	14
903	331
760	78
862	189
897	419
926	621
644	215
743	298
887	638
456	243
890	509
562	157
875	70
755	545
728	127
899	57
714	523
361	332
698	50
939	230
411	44
756	512
374	256
610	263
685	394
549	190
431	9
497	106
765	415
870	8
726	249
388	260
824	297
947	30
851	394
990	639
925	552
602	318
980	273
343	117
783	452
826	59
578	190
967	562
620	307
823	213
798	33
899	525
801	315
335	289
744	498
915	69
880	290
880	490
449	63
699	601
929	244
408	215
532	321
891	447
390	210
909	501
431	22
815	444
510	232
673	543
647	257
689	447
812	479
430	272
795	28
681	372
940	265
762	405
539	2
457	17
557	103
969	341
584	123
984	529
948	413
418	182
381	288
900	615
928	299
373	53
686	633
817	606
718	59
810	421
761	497
899	581
495	260
905	554
827	362
936	429
693	260
564	195
908	195
679	493
485	331
854	570
672	560
524	235
699	170
411	276
470	253
427	152
509	32
835	191
507	3
696	94
771	215
444	44
563	317
379	42
866	600
721	542
942	417
684	663
892	428
949	497
556	223
834	562
720	320
891	314
854	12
656	110
662	319
890	594
999	418
732	291
351	261
668	521
686	566
748	169
838	272
484	5
838	313
671	24
910	164
605	20
745	292
759	528
398	36
810	9
985	553
518	229
902	516
612	12
946	58
998	418
693	76
815	413
970	423
526	124
367	174
426	231
752	228
469	118
890	53
552	265
891	405
377	289
585	121
507	311
811	6
936	635
768	169
636	245
678	638
987	447
735	474
986	631
452	92
721	528
335	333
807	459
470	87
752	531
573	31
648	58
399	76
978	214
769	5
610	126
808	69
371	29
345	23
713	25
553	231
772	144
871	583
536	264
618	163
535	238
400	58
876	16
445	262
905	301
748	129
765	26
733	411
742	183
834	55
699	656
428	88
788	496
724	561
635	118
751	143
575	61
948	83
922	384
968	345
728	634
903	580
600	185
781	191
597	92
988	131
929	6
698	344
430	304
984	421
897	123
436	64
839	29
350	271
584	202
794	651
771	396
572	200
837	658
902	115
978	403
383	62
504	288
747	191
827	286
795	167
430	208
874	302
875	455
773	33
552	35
507	28
649	118
772	388
361	304
999	647
972	136
471	36
406	188
687	44
985	633
938	639
670	399
972	275
674	9
876	385
540	328
360	205
687	543
455	6
940	330
476	130
478	46
920	582
713	631
691	368
896	15
688	154
350	5
797	600
484	228
699	467
596	63
849	256
855	61
959	113
930	31
891	562
577	88
398	119
606	211
555	219
823	251
591	187
472	289
785	20
928	9
680	257
979	357
432	41
966	584
532	269
909	599
517	101
774	153
525	280
628	161
500	143
514	290
815	83
540	51
890	67
993	393
759	637
821	267
402	63
817	237
989	251
658	332
907	38
844	335
790	150
996	119
364	125
829	320
586	231
811	660
989	454
407	227
410	90
907	186
336	35
496	272
968	12
691	382
809	100
396	265
604	273
955	60
975	259
520	306
705	525
801	67
942	482
412	257
623	249
831	347
712	245
696	36
795	261
642	46
911	159
803	571
489	3
723	589
852	423
778	179
686	433
874	433
529	329
795	581
678	369
453	51
744	205
366	163
733	231
885	22
702	648
873	543
924	602
893	593
791	571
983	146
859	340
715	480
768	346
801	496
894	65
970	269
612	218
721	576
618	288
676	90
811	473
482	128
712	336
364	229
781	61
556	254
775	567
687	139
806	488
984	69
927	227
513	25
662	163
829	359
737	302
480	210
959	8
704	570
395	313
437	18
405	26
792	22
400	150
786	416
431	272
615	77
935	140
592	268
469	5
855	369
802	15
984	320
723	420
795	67
478	297
726	184
649	152
944	265
807	394
884	373
795	594
988	350
903	628
792	185
444	114
504	190
729	420
889	276
737	291
499	131
682	638
918	581
953	487
891	332
413	132
379	233
931	501
949	475
516	86
491	32
482	316
707	510
990	550
555	197
421	259
963	357
857	488
826	226
935	122
378	172
697	398
927	56
872	152
749	544
671	636
879	509
673	181
719	25
805	254
831	34
829	187
919	307
700	175
920	134
813	91
484	205
516	274
831	157
969	392
710	214
945	348
677	637
844	68
866	536
498	101
745	65
565	74
621	75
894	353
813	438
421	29
399	77
788	404
675	71
751	486
938	645
348	273
748	297
874	582
976	240
919	518
557	286
802	120
551	37
783	102
613	66
698	155
895	598
972	26
861	160
918	656
842	574
572	173
922	174
547	217
452	301
463	151
988	67
924	388
644	135
957	199
986	48
980	416
710	39
947	431
950	476
398	267
771	359
725	78
838	42
714	577
548	60
770	639
716	262
970	404
948	633
675	34
993	497
895	450
932	653
876	541
570	109
836	563
346	167
934	330
733	444
835	476
815	284
790	580
775	28
979	491
546	321
993	604
622	232
686	390
410	3
402	165
648	51
777	187
853	267
849	634
372	145
517	251
901	484
958	155
849	366
994	356
756	267
769	442
713	79
918	600
679	460
814	402
677	533
713	204
739	551
549	314
980	127
768	623
985	572
909	478
971	282
548	168
835	45
657	25
380	142
986	535
714	24
406	81
355	257
820	327
803	321
832	176
688	53
960	214
942	250
812	577
970	17
993	5
954	659
714	472
470	98
887	21
436	306
579	27
938	117
759	448
744	135
997	25
514	263
856	651
412	94
932	340
790	14
848	71
986	603
400	273
854	538
530	286
556	277
920	651
715	185
859	141
819	211
833	185
912	49
690	424
449	180
651	210
836	600
823	181
854	68
700	203
349	28
732	555
732	302
844	384
981	400
487	120
896	342
609	125
766	172
998	617
849	255
583	290
830	169
517	118
860	210
718	479
898	180
815	568
685	328
811	319
671	639
654	131
902	617
868	518
943	259
566	224
928	39
400	271
851	591
511	31
945	271
883	172
822	508
399	258
478	178
779	186
878	241
956	432
652	169
562	79
992	115
725	375
739	140
453	143
799	3
823	139
855	194
808	466
434	125
953	358
852	236
363	97
999	346
754	6
484	279
475	149
951	320
636	320
424	77
755	560
373	291
671	191
907	238
860	266
602	299
339	142
735	381
505	31
734	125
536	129
635	287
615	162
657	253
703	592
514	5
793	216
938	642
557	119
749	404
703	616
718	196
872	624
693	272
882	408
863	636
934	480
831	616
897	65
984	96
378	41
863	168
876	627
524	257
420	239
707	323
905	531
900	373
805	103
868	468
812	286
809	606
565	305
685	613
956	495
999	595
496	151
829	300
792	310
551	191
835	447
603	46
861	240
700	153
898	161
384	73
564	323
838	152
907	107
580	70
696	453
685	539
975	26
820	261
438	283
856	266
692	18
831	368
977	469
612	307
985	45
919	596
774	506
995	198
410	218
860	629
876	651
677	193
988	502
797	128
509	50
733	436
720	327
862	16
833	601
587	42
821	131
817	152
350	317
919	149
704	132
805	277
891	640
855	496
680	641
833	655
663	52
631	103
707	423
521	80
562	55
797	65
385	38
393	312
419	305
877	162
854	651
387	16
824	481
633	274
786	613
792	447
343	38
650	73
642	87
939	1
662	307
817	183
816	518
747	425
983	542
662	232
854	356
452	272
917	624
785	73
669	321
452	224
508	280
538	160
890	391
934	289
677	410
984	19
994	603
937	324
510	95
675	627
780	417
841	92
440	254
851	141
368	229
787	11
523	118
968	157
778	617
889	636
615	310
727	423
815	208
413	289
957	550
804	230
552	54
997	496
794	440
807	237
495	149
467	318
912	263
728	63
781	342
756	663
679	646
955	483
903	249
463	296
600	71
786	373
977	518
693	234
755	150
840	631
904	47
671	309
339	283
765	555
986	287
903	659
603	223
907	306
623	163
787	500
742	406
337	38
706	179
803	527
933	436
592	313
503	250
543	303
658	44
622	276
709	251
470	322
699	167
947	315
381	155
984	215
976	648
956	659
354	292
817	403
806	317
797	211
973	543
794	49
584	177
563	67
897	410
850	446
836	174
995	202
969	659
903	380
355	91
833	263
737	344
677	213
744	523
881	102
804	529
878	235
950	120
582	12
917	611
822	331
786	355
375	24
893	482
953	250
854	499
978	74
869	78
766	600
457	3
944	197
353	8
888	14
484	175
365	280
916	492
344	302
708	534
910	7
955	427
792	645
492	194
677	395
465	223
976	85
491	219
554	147
828	486
770	494
376	128
624	1
953	241
909	264
837	530
837	660
759	259
369	54
873	253
703	142
845	161
987	659
722	421
740	333
698	458
992	102
996	602
842	290
795	68
415	307
928	423
948	660
750	333
789	377
445	313
769	321
634	143
721	128
534	140
710	484
678	248
667	247
860	429
679	254
724	233
890	345
406	156
601	221
932	614
375	236
987	664
495	46
770	43
333	116
480	58
668	31
952	404
576	309
685	377
865	316
831	4
472	84
766	28
904	94
687	425
898	502
732	383
985	540
894	336
827	188
704	219
357	80
453	156
913	68
978	35
818	139
681	191
840	147
755	456
761	483
472	153
860	126
632	172
398	69
784	375
846	36
592	208
935	239
671	565
792	526
931	10
681	404
813	210
674	25
703	268
339	51
381	204
413	32
806	564
805	172
502	39
628	204
415	90
983	410
932	647
541	207
946	503
680	98
705	503
683	99
727	419
750	78
792	412
367	117
793	308
852	10
400	313
788	9
814	417
531	333
971	77
387	185
996	525
944	212
720	528
961	209
708	544
560	84
429	322
413	292
697	152
918	173
861	399
990	131
875	250
888	320
725	586
993	63
959	134
400	270
414	301
706	435
870	14
959	619
966	205
934	657
538	11
604	308
794	611
655	282
899	362
527	301
851	16
736	54
428	205
967	421
943	29
561	137
797	400
650	181
559	333
736	297
425	318
425	281
879	562
695	9
967	171
534	116
869	439
771	83
489	285
959	321
644	99
790	130
739	632
914	110
928	276
622	144
763	605
921	616
840	308
856	15
718	203
617	257
988	484
761	449
708	433
902	580
689	298
582	157
480	171
508	295
497	223
990	328
540	312
422	0
484	43
892	302
578	56
992	324
398	38
509	273
804	22
863	556
659	156
714	420
933	583
781	163
356	60
631	114
790	651
913	223
810	482
980	614
669	312
721	105
399	3
755	351
490	12
637	137
938	258
804	213
697	243
711	640
522	179
487	324
431	184
890	263
422	57
840	53
813	144
837	36
491	216
487	66
817	422
985	316
967	153
694	317
742	274
428	198
778	548
643	277
710	149
940	121
794	11
901	117
427	230
396	99
391	138
811	453
958	310
448	26
359	209
815	595
866	298
490	252
739	535
524	51
776	653
875	440
960	221
864	664
672	152
635	166
779	219
954	197
984	552
697	80
700	264
484	258
976	247
808	110
559	47
365	186
939	529
624	154
896	308
897	151
889	494
611	89
958	452
685	237
387	253
955	161
580	262
613	6
459	110
679	554
756	42
692	366
490	206
999	147
870	549
938	208
869	74
914	297
732	361
574	61
978	661
641	69
809	615
857	168
802	554
847	158
884	319
775	579
772	250
610	159
895	244
790	587
848	355
827	512
734	294
844	519
888	302
766	542
394	331
547	282
985	361
437	234
948	652
596	37
707	201
758	499
840	78
920	316
841	642
371	115
753	535
636	77
997	374
709	349
608	131
441	124
429	173
896	664
922	242
683	154
811	586
982	331
788	190
756	623
714	194
894	577
811	581
636	59
335	218
890	224
762	288
984	376
413	9
781	55
827	491
613	85
761	467
932	125
678	267
467	269
858	55
820	291
610	1
661	222
973	25
761	325
440	175
648	152
473	196
804	638
726	418
999	54
848	217
984	163
921	471
881	596
778	9
793	509
660	268
731	659
851	461
924	490
502	10
981	653
634	128
875	321
599	322
914	184
944	88
947	499
377	292
516	105
553	181
337	74
916	196
923	433
831	16
451	129
810	427
890	215
679	509
511	323
994	298
919	280
780	525
394	93
598	106
773	176
978	281
476	217
960	328
874	333
894	473
648	139
458	302
705	276
715	434
381	87
686	559
889	287
976	177
345	191
756	150
518	6
674	179
353	84
975	380
530	35
673	431
710	457
511	257
825	392
879	489
852	483
993	143
900	447
472	88
397	179
350	269
806	574
815	395
991	259
785	337
745	584
772	441
706	418
803	492
872	446
966	604
362	21
899	370
573	260
924	649
566	151
833	642
879	224
989	246
842	186
713	282
584	285
548	123
720	298
682	455
963	633
737	390
950	359
598	81
938	180
720	190
754	403
485	292
708	415
971	304
938	282
849	332
815	418
812	64
725	272
523	206
677	100
723	660
678	491
669	132
964	403
958	227
587	287
595	36
871	398
773	577
905	405
583	71
645	14
438	270
356	51
986	325
952	23
715	87
630	32
987	592
839	315
442	155
760	53
615	180
716	222
970	130
830	343
401	204
391	49
910	112
471	187
864	638
784	356
959	600
498	58
846	627
803	449
491	176
775	38
730	97
975	222
701	208
764	488
581	215
429	150
991	206
489	222
732	417
765	331
410	113
445	285
935	381
841	637
748	472
468	2
401	24
761	93
423	317
684	145
917	557
633	287
705	229
929	61
801	547
658	152
509	74
988	539
713	565
451	55
984	636
633	97
851	175
853	174
889	523
419	326
747	510
461	226
950	116
839	334
832	29
795	436
674	375
827	529
453	262
541	81
623	211
561	103
692	346
423	20
732	580
539	217
569	273
554	56
960	387
882	372
453	241
928	216
698	663
601	284
385	233
822	473
735	23
898	562
959	576
505	4
918	376
684	570
364	0
915	636
853	417
658	245
528	100
855	241
861	189
974	224
791	524
649	129
399	46
900	402
731	507
844	45
858	130
847	291
932	279
435	100
661	171
940	93
975	198
948	380
764	29
597	284
732	105
762	649
795	401
405	258
754	603
423	52
686	108
730	249
830	328
899	621
396	155
567	118
499	166
719	241
750	21
625	273
991	256
371	105
909	443
405	43
799	569
342	331
911	602
894	393
477	43
655	85
530	227
843	483
971	136
719	196
738	183
838	203
459	36
986	70
511	15
501	189
524	270
520	124
893	617
935	499
994	95
898	465
498	248
945	61
719	538
681	303
873	6
459	75
763	277
451	248
705	30
879	574
430	199
919	282
576	20
818	41
924	654
982	423
699	100
924	588
965	308
871	648
360	226
770	649
696	220
916	395
908	143
734	12
546	328
991	341
775	219
673	443
829	294
760	164
841	424
435	67
852	301
792	572
980	511
520	241
457	86
921	48
833	85
518	301
912	107
916	2
977	59
342	193
921	189
604	43
515	217
373	299
913	272
541	114
903	619
505	198
932	543
826	463
615	113
522	56
530	257
904	498
744	258
782	115
670	133
843	644
814	643
735	175
481	185
554	115
939	367
900	2
769	102
837	625
700	73
955	165
763	97
686	464
840	425
968	617
485	96
685	168
849	421
992	280
880	504
791	545
492	236
417	169
828	158
864	375
957	286
702	90
625	319
745	599
979	577
352	6
838	627
513	185
699	608
651	260
967	361
409	320
997	521
580	107
778	214
699	471
867	443
492	285
385	20
500	273
785	622
963	381
621	193
632	295
673	15
339	331
838	304
548	145
619	240
942	123
767	370
717	83
820	173
513	91
971	56
943	569
874	34
542	317
478	101
994	508
680	382
786	463
757	0
975	289
988	287
745	130
757	640
930	299
913	181
596	252
949	392
957	291
903	341
878	424
895	328
999	17
448	166
626	308
926	127
744	299
859	341
818	54
685	7
864	96
777	500
364	226
420	258
860	608
800	198
427	24
705	546
440	297
379	112
830	155
993	361
427	9
789	248
884	201
714	528
699	580
835	575
833	397
710	598
408	23
876	116
559	183
504	18
939	372
561	34
748	214
635	282
409	80
568	242
938	331
519	86
743	636
364	319
766	26
707	110
457	234
715	260
864	192
813	521
897	267
679	69
503	322
359	302
751	473
696	349
772	593
410	266
998	505
811	278
724	376
783	625
385	262
534	256
730	570
731	11
712	347
892	166
813	573
819	252
353	118
467	263
858	85
950	556
805	170
658	189
650	116
552	204
559	266
844	69
428	102
942	656
368	139
732	58
720	457
823	198
333	64
625	135
774	277
851	594
373	259
896	493
371	39
838	261
991	523
825	634
855	555
785	96
852	290
735	36
775	108
830	209
877	344
672	427
976	605
512	219
341	54
916	180
657	210
499	161
362	26
945	360
788	558
804	625
961	300
642	294
866	638
656	81
489	256
945	629
645	31
592	257
535	177
838	572
736	590
770	326
859	652
614	120
787	414
972	547
831	194
859	490
969	147
502	253
533	67
767	592
708	539
404	283
484	169
563	220
716	144
474	89
946	396
707	188
406	299
467	282
480	41
892	26
451	159
808	417
849	455
705	69
877	602
790	316
935	376
934	573
956	150
993	370
690	92
706	483
365	98
404	316
377	89
754	244
468	164
840	343
364	83
920	59
967	567
927	47
639	284
705	12
818	267
578	227
807	650
355	69
708	119
675	648
742	597
877	561
381	188
851	81
868	226
522	311
739	391
886	340
902	652
891	51
901	276
706	491
653	149
711	159
841	651
956	525
968	500
745	128
395	299
497	102
447	74
666	182
830	489
736	606
445	57
343	548
977	929
270	123
558	907
547	449
589	617
80	620
964	817
5	42
703	745
658	595
340	890
465	690
299	152
932	881
949	876
232	915
300	406
172	868
657	646
210	835
673	927
86	804
852	741
725	995
259	24
147	650
986	923
435	701
149	116
22	528
520	742
300	74
232	331
366	629
54	449
761	692
422	477
163	34
142	637
655	477
212	575
673	924
475	815
198	351
733	745
560	706
94	442
283	6
529	599
443	396
251	63
380	390
705	975
664	841
104	950
714	869
484	361
170	864
22	136
68	723
934	817
477	909
938	933
258	440
59	785
215	37
496	762
846	786
93	533
336	669
329	544
287	985
664	577
792	869
527	578
355	712
958	733
108	47
239	394
438	852
317	162
225	452
96	927
193	270
739	921
71	830
169	179
173	924
646	687
881	929
13	351
272	250
616	522
437	823
823	976
615	863
80	444
265	927
300	881
127	156
303	410
145	318
315	465
508	360
553	972
132	518
588	969
594	406
139	126
187	894
261	360
152	892
504	603
628	833
249	591
469	714
616	519
608	741
449	757
416	339
470	338
87	573
537	681
483	682
384	409
823	721
93	951
621	662
656	533
486	360
447	830
401	539
154	659
93	812
956	836
83	48
538	403
346	605
480	816
2	662
17	210
229	170
631	499
261	337
681	951
37	31
67	120
404	896
521	766
127	850
895	759
980	750
76	547
131	586
302	998
676	788
527	662
138	440
339	875
653	949
192	361
157	514
322	679
468	817
533	966
273	917
648	689
481	729
279	245
378	606
34	506
27	537
416	646
427	946
397	431
968	742
243	997
353	595
544	872
262	198
59	475
146	562
107	853
231	102
111	768
188	98
593	896
490	972
105	173
376	357
957	819
513	943
400	451
145	728
569	546
232	603
688	728
226	597
329	218
281	720
107	775
820	693
622	585
97	802
182	524
116	574
135	642
388	368
728	925
309	843
169	710
243	740
488	904
38	20
609	378
550	553
7	678
196	358
550	806
343	351
384	935
958	694
279	744
55	719
277	591
285	68
312	759
83	174
361	885
19	149
643	579
20	638
453	971
217	48
40	986
778	967
897	922
176	656
293	491
322	846
357	508
435	394
397	433
581	635
937	830
468	805
380	959
593	908
273	771
417	502
532	723
495	863
244	365
27	151
822	920
385	611
147	186
397	522
459	541
950	894
428	686
268	450
634	610
436	838
508	943
122	805
302	54
169	219
248	857
175	306
382	463
821	724
25	440
273	396
183	7
480	866
967	670
808	798
190	380
227	838
251	685
589	400
308	105
99	970
582	893
547	383
656	441
172	914
697	695
237	349
52	697
455	558
684	724
445	888
224	69
165	343
300	980
55	463
107	421
913	991
129	787
317	947
992	821
191	1
950	905
237	511
639	501
20	153
154	315
238	517
585	389
356	507
277	645
573	412
33	683
96	699
363	935
281	974
237	659
944	848
394	893
825	976
749	830
531	642
642	431
4	985
989	841
968	831
191	216
377	803
182	888
77	409
178	402
751	803
305	787
300	373
154	317
426	909
411	527
627	808
570	768
92	353
253	493
37	415
824	963
212	872
587	456
854	846
50	434
133	58
520	577
390	877
55	253
240	547
657	693
233	448
508	515
6	425
12	825
302	749
256	635
259	8
585	346
709	733
396	813
635	652
707	820
345	507
404	773
282	389
664	701
482	781
380	999
30	359
497	346
445	442
37	357
510	367
125	896
169	618
173	32
274	919
49	803
618	870
634	677
121	928
650	769
67	545
907	938
376	842
142	842
380	988
227	764
967	890
930	703
183	175
885	907
631	561
361	936
898	778
401	743
367	422
29	971
408	991
537	680
224	924
46	912
698	853
203	330
663	576
267	202
625	630
584	940
10	216
643	692
252	463
197	113
300	903
236	626
159	151
78	880
530	362
201	265
417	854
262	651
405	440
54	620
739	822
365	860
552	349
153	527
398	809
43	350
155	479
72	180
855	950
277	931
434	351
719	728
195	871
704	921
775	996
52	115
817	775
168	140
609	657
328	546
121	407
300	95
42	699
143	615
772	745
283	820
780	929
123	708
387	743
772	702
378	707
121	266
194	574
24	602
699	712
617	744
355	753
166	642
920	768
614	745
627	931
670	976
630	349
223	292
130	5
484	696
239	449
206	949
688	972
931	721
181	799
239	82
904	985
283	384
399	685
67	921
96	848
490	843
175	525
617	643
16	42
334	358
512	869
124	180
455	772
95	584
220	853
39	528
24	866
484	649
60	350
12	536

150

400
400
400
400
400
400
400
400
400
400
400
400
400
400
400
400
400
400
400
400
400
400
400
400
400
400
400
400
400
400
400
400
400
400
400
400
400
400
400
400
400
400
400
400
400
400
400
400
400
400
400
400
400
400
400
400
400
400
400
400
400
400
400
400
400
400
400
400
400
400
400
400
400
400
400
400
400
400
400
400
400
400
400
400
400
400
400
400
400
400
400
400
400
400
400
400
400
400
400
400
400
400
400
400
400
400
400
400
400
400
400
400
400
400
400
400
400
400
400
400
400
400
400
400
400

14
13
19
13
20
15
17
10
15
19
11
14
14
19
10
11
15
19
10
14
20
11
19
12
11
19
16
19
20
16
14
19
16
15
16
18
12
16
11
11
17
11
16
14
18
17
13
10
19
12
12
16
10
19
15
17
19
12
14
16
16
15
13
18
12
14
20
16
12
11
17
14
15
17
15
12
17
10
20
13
13
16
17
16
16
20
15
20
14
10
18
11
17
15
12
15
11
14
14
14
16
18
20
19
12
17
16
18
10
14
12
20
12
18
10
13
19
19
12
18
13
16
11
13
20
10
14
10
20
15
14
16
11
20
13
17
11
20
11
17
12
11
18
11
20
18
12
11
17
14
12
10
18
14
16
18
19
14
14
13
10
10
16
19
15
15
17
16
17
18
17
20
18
17
14
18
18
13
17
19
17
20
19
17
10
18
10
13
12
11
18
12
12
14
10
17
13
13
15
11
12
13
20
12
18
11
10
20
13
19
14
17
19
20
12
14
15
14
18
13
20
17
15
12
19
13
10
15
20
16
13
10
13
19
19
16
18
17
18
20
12
18
14
12
14
12
18
14
19
18
12
14
20
18
19
13
13
14
14
12
13
16
14
14
18
15
19
14
14
17
13
17
12
17
13
19
19
10
10
16
20
11
10
10
20
20
13
18
18
13
14
19
17
11
16
12
15
15
17
11
20
13
18
11
19
17
14
12
13
17
15
11
14
18
15
10
20
16
11
15
14
13
13
16
18
10
12
13
17
12
14
10
15
14
12
17
12
19
15
15
18
18
16
13
19
14
20
15
17
19
12
17
10
16
19
18
14
11
17
20
14
10
10
15
15
15
15
19
13
18
14
15
10
10
15
15
13
16
14
18
17
12
19
11
11
12
17
16
10
12
15
13
16
16
20
10
14
15
12
10
20
15
18
17
18
12
15
16
13
16
15
12
19
19
12
14
17
20
14
18
13
11
12
13
15
16
17
11
16
18
16
14
11
18
17
14
14
13
15
14
10
20
15
16
17
20
10
14
10
17
15
12
19
20
17
14
18
16
17
15
13
12
14
12
10
15
15
20
13
12
18
14
14
19
20
16
15
16
12
15
19
10
13
13
10
20
12
18
16
12
15
11
17
14
12
20
11
19
19
16
11
18
19
10
19
10
16
14
12
20
14
17
10
18
16
10
10
14
14
20
10
14
11
19
16
19
14
14
20
13
18
17
16
18
20
17
10
12
13
11
20
14
16
13
19
18
19
12
13
13
17
16
10
10
14
20
17
17
11
11
20
11
18
20
15
14
15
12
13
10
12
11
17
11
14
18
20
15
14
15
20
11
13
20
20
17
12
16
12
18
17
11
10
15
14
20
13
18
11
19
18
19
20
12
12
10
12
13
11
19
19
10
18
14
11
16
20
12
20
11
19
19
18
12
14
19
10
13
18
14
17
17
19
12
19
12
13
15
14
18
20
20
13
19
11
20
12
14
20
13
18
13
11
16
16
15
13
20
19
18
12
10
20
15
20
15
11
13
13
12
17
16
10
20
14
13
16
15
18
11
17
14
14
19
19
14
20
20
16
11
10
11
11
12
20
13
18
13
15
20
12
19
14
19
13
16
16
13
18
13
15
19
20
11
13
16
17
13
12
20
20
14
17
12
17
14
12
20
10
13
10
19
13
18
16
18
19
19
14
13
15
16
13
17
10
19
18
13
20
14
19
16
11
13
11
15
15
19
14
20
17
18
11
18
11
20
10
12
11
11
17
17
12
11
14
18
18
10
17
19
10
11
18
10
13
20
13
13
17
17
12
17
17
20
16
20
11
14
20
12
12
14
19
15
14
16
16
10
20
16
18
15
19
10
12
17
11
12
10
12
18
17
12
10
12
13
14
20
19
10
14
16
13
17
16
14
12
20
15
13
15
19
10
20
16
14
12
18
10
15
15
10
20
10
15
11
17
13
16
15
11
20
12
16
16
18
15
13
19
20
10
13
16
16
12
10
15
18
14
11
19
20
10
18
14
10
11
10
13
13
16
12
18
17
17
19
11
17
18
18
19
11
13
19
20
10
10
12
14
12
16
12
10
16
18
11
13
20
15
13
20
11
11
12
19
14
10
10
11
12
19
13
20
10
18
16
18
13
10
12
20
17
19
13
15
18
13
13
14
15
13
18
10
20
14
20
10
17
19
17
19
18
18
17
11
14
13
11
13
12
19
19
11
14
17
14
15
10
12
17
12
11
13
15
19
12
15
13
11
13
13
19
14
20
13
19
19
15
13
17
20
16
15
19
11
13
16
19
20
14
13
17
12
13
12
10
16
20
16
18
10
16
19
11
15
18
16
17
13
10
10
20
16
14
13
15
10
20
14
15
17
19
15
20
11
12
15
13
10
13
20
19
20
15
13
17
11
18
14
14
13
12
13
12
16
12
13
16
20
17
15
14
13
18
10
10
17
12
12
16
19
13
14
13
14
15
15
12
19
19
12
10
11
10
18
11
16
10
15
16
11
15
16
16
11
12
18
14
10
16
19
11
16
20
13
16
16
20
10
11
12
20
14
13
18
12
16
20
16
19
14
10
11
15
10
16
18
14
18
10
16
13
14
11
16
17
19
11
10
17
18
18
19
15
20
19
13
17
14
19
14
20
18
18
12
15
19
14
15
13
13
15
13
17
13
11
17
19
13
11
18
13
16
15
11
17
15
13
19
15
12
20
17
10
15
11
16
11
17
19
11
11
10
20
14
20
18
11
13
12
17
15
17
14
15
19
14
13
16
17
15
14
10
14
20
11
17
18
18
17
15
11
11
19
20
18
17
13
13
13
16
17
17
11
14
12
15
18
16
19
15
13
15
13
16
15
18
12
13
11
20
15
10
20
11
17
20
19
13
15
18
17
20
17
20
13
19
18
18
13
16
12
13
13
20
19
10
11
16
13
15
12
18
20
19
10
20
11
13
11
19
14
18
11
13
16
15
17
10
20
17
20
20
11
17
15
12
17
14
11
17
13
15
16
15
18
20
11
18
19
18
19
13
18
14
13
19
17
14
14
13
11
10
19
14
10
15
18
11
12
10
15
14
18
18
13
15
19
17
12
11
13
19
10
11
13
16
17
19
18
15
17
18
16
13
13
14
15
10
19
19
13
10
16
16
20
19
14
15
20
14
11
20
15
11
14
10
12
12
12
20
13
16
20
19
11
18
14
17
17
16
12
13
18
10
10
19
18
19
19
20
13
20
10
11
10
20
14
16
12
15
13
15
17
10
13
20
18
11
17
14
13
18
14
17
14
15
14
19
19
19
10
18
12
20
10
12
19
14
18
17
13
16
17
18
18
12
19
11
14
17
14
20
16
13
18
16
17
18
15
13
16
18
15
19
14
19
12
17
14
10
14
14
11
16
15
12
11
18
13
15
10
20
15
18
10
12
13
16
19
10
11
20
20
10
18
15
20
13
15
12
15
10
14
12
10
10
19
18
10
18
17
11
16
15
19
20
18
13
12
20
18
14
15
15
10
20
16
18
19
17
19
16
20
12
18
10
15
15
14
19
20
16
13
10
18
16
15
17
17
18
11
17
12
16
18
16
15
19
10
17
14
19
10
18
14
12
15
18
13
14
14
13
19
12
17
10
18
18
11
10
18
17
15
11
15
11
10
15
17
20
12
14
11
18
16
20
17
15
11
11
19
15
18
11
13
10
20
15
16
15
18
20
14
16
12
18
15
16
19
16
14
10
12
13
18
12
19
17
14
15
16
12
16
16
12
13
19
16
19
13
10
10
13
15
15
11
19
13
12
18
15
19
17
12
13
10
12
20
13
14
19
11
18
20
12
20
17
18
12
15
14
10
16
20
13
13
12
13
13
20
10
10
19
11
18
15
15
16
17
12
14
15
17
14
13
18
16
14
11
16
17
17
20
13
10
11
16
11
19
19
20
10
14
20
18
13
13
12
15
16
12
15
16
16
16
20
12
15
17
12
18
11
14
13
12
11
19
15
20
13
14
16
20
18
19
15
11
13
13
18
16
13
19
19
11
13
18
20
19
11
20
16
18
15
13
11
16
12
17
12
15
17
17
10
18
16
16
16
19
16
17
12
11
10
12
11
14
15
15
13
17
11
18
10
10
18
19
11
20
18
11
15
16
10
18
13
14
16
10
17
16
13
13
15
18
16
16
16
19
15
19
20
11
12
20
15
16
19
15
12
14
14
18
12
14
11
13
11
11
20
17
10
15
14
16
13
16
16
16
12
20
14
17
16
20
15
13
20
19
16
11
12
13
12
14
15
20
11
19
19
15
12
18
10
17
15
19
14
12
20
13
13
17
17
17
10
19
18
15
17
20
14
20
16
11
10
15
14
18
17
14
16
13
19
15
15
14
20
17
10
12
16
13
16
17
12
14
17
11
12
19
15
15
13
18
12
17
12
12
14
16
17
18
10
16
14
10
17
15
10
18
13
13
14
15
12
13
11
15
13
15
15
15
13
20
17
20
14
15
16
19
20
18
17
11
15
18
11
18
15
15
10
11
19
11
13
16
15
20
13
18
16
17
11
19
19
20
10
14
10
16
19
10
11
11
10
11
16
20
16
19
13
14
13
20
11
10
14
16
20
16
17
11
14
15
11
20
17
17
15
12
18
15
19
18
12
12
19
12
12
11
18
19
14
20
10
20
13
11
16
17
17
11
13
11
18
20
11
11
18
14
15
11
17
20
17
20
18
15
12
14
13
18
17
12
20
16
13
19
20
17
10
14
10
14
14
15
20
13
17
18
16
14
18
12
13
19
11
18
19
19
14
13
19
12
14
14
12
15
11
17
11
14
14
17
12
13
18
14
15
12
19
11
19
18
17
17
18
20
20
12
19
19
20
14
11
10
16
17
12
10
14
14
11
18
10
15
15
20
17
17
14
14
18
18
10
19
16
13
12
19
16
14
20
16
20
18
14
10
16
10
15
16
20
20
18
10
13
17
15
19
17
12
18
10
13
16
13
15
15
19
10
17
10
16
12
18
15
20
12
11
18
12
15
18
20
10
15
13
10
14
13
14
18
19
12
12
19
10
20
15
16
10
16
18
13
10
15
19
11
10
13
10
11
18
14
16
20
14
16
16
18
13
18
10
14
17
13
15
10
11
19
15
12
13
15
19
11
16
15
20
11
10
18
11
13
12
10
12
10
15
17
12
16
19
19
17
15
15
13
18
14
16
10
15
17
16
10
12
10
11
16
18
19
18
11
16
16
12
11
13
20
10
11
17
19
12
16
14
10
18
20
20
17
17
15
13
16
13
10
16
17
14
19
15
20
14
14
15
17
17
18
17
13
20
12
14
20
20
12
19
15
11
20
14
16
10
19
15
10
18
10
19
10
13
15
14
10
14
13
16
18
10
20
20
20
13
10
19
15
12
17
19
17
10
10
17
12
17
13
15
17
12
15
16
14
15
18
16
13
14
16
16
20
19
20
16
16
19
18
13
19
13
20
17
14
17
12
17
12
14
16
13
11
17
20
11
16
20
14
11
15
16
19
16
15
15
11
11
12
16
13
18
17
18
20
16
20
10
15
15
18
14
13
11
20
13
17
17
18
17
13
16
17
10
16
20
18
11
17
13
17
18
12
16
10
14
16
18
12
10
14
12
13
16
11
12
19
19
17
15
20
18
11
19
20
11
11
19

38380
33529
27976
24517
29018
36748
27748
25338
28918
38703
28358
28616
27972
27457
37731
28558
25257
36394
20644
27232
21542
34098
21150
28192
21837
32421
39704
27424
30399
31247
32886
31034
32420
23366
32020
24839
35248
31117
29444
37921
39234
37243
35503
22859
25379
25627
27466
38326
29279
32452
28264
23555
28794
22066
30431
26140
23055
29116
22790
35911
38749
30027
24841
38143
30434
34752
30723
31897
28037
30639
21171
24553
22885
37380
37956
21088
36941
31191
25314
34412
35184
30823
39143
28865
39869
27372
24753
32060
27874
25483
28129
37713
30724
24260
31455
33153
27209
28302
30878
31976
25522
26481
30345
36028
25906
39153
29268
20702
21080
20922
25404
31431
36189
32088
24111
39403
27845
37364
31463
34602
37242
38043
37263
37554
22323

0

1
