50
5

624	28
926	532
171	677
751	128
339	660

52	340
463	290
596	180
94	950
976	389
954	158
68	710
578	710
234	492
898	60
623	90
486	243
924	11
789	389
636	760
88	334
49	205
292	9
767	901
471	680
57	172
811	102
44	624
559	711
323	849
170	694
572	652
34	938
186	312
340	331
161	798
580	727
658	754
717	373
686	973
402	714
281	314
168	252
873	290
262	762
433	660
432	820
628	729
525	666
199	290
425	356
488	304
875	533
69	288
420	116

300

400
400
400
400
400

17
17
11
19
19
18
10
17
12
20
15
20
10
12
12
14
16
15
13
17
16
13
11
15
17
14
18
17
15
17
12
16
16
18
17
12
14
18
10
18
12
10
12
18
19
15
10
13
16
18

28105
35551
38329
37648
21613

0

1
