50
5

830	980
614	207
422	332
299	154
709	314

486	599
830	689
138	860
885	228
827	637
422	248
624	384
344	928
639	707
784	632
752	516
403	825
689	767
639	256
306	163
656	133
815	450
542	740
122	948
330	793
492	22
376	507
703	189
818	285
716	178
598	139
127	865
955	641
175	720
689	811
807	34
622	747
465	439
648	973
956	594
316	306
376	997
833	636
464	159
181	551
911	250
606	394
183	637
97	295
877	225
313	962
393	578
959	690
180	764
438	752

70

600
600
600
600
600

18
10
18
17
14
14
11
13
17
18
11
11
13
16
18
16
20
19
16
18
20
18
11
11
20
14
19
16
15
18
19
19
16
14
18
12
10
16
18
12
18
20
13
14
15
13
19
16
16
12

26743
28306
26334
28313
35486

0

1
