50
5

570	952
540	84
349	378
190	550
394	185

57	867
113	394
23	896
500	231
554	394
337	844
252	691
668	616
296	354
837	959
239	805
528	893
622	693
335	593
263	464
745	260
884	417
283	273
435	824
777	7
861	423
818	610
643	228
947	738
604	949
50	7
638	650
1	882
388	386
755	749
337	974
880	613
546	111
957	991
589	359
790	25
202	526
343	935
539	157
51	37
157	577
288	283
513	770
753	638
538	328
805	820
186	759
385	797
431	264
863	182

150

1200
1200
1200
1200
1200

16
16
11
19
14
18
11
12
13
20
18
15
12
15
17
15
17
11
17
16
18
16
15
10
19
18
16
12
20
20
14
13
20
15
10
14
16
10
15
20
18
12
16
14
17
14
19
19
16
15

347
353
300
360
365

0

1
