50
5

590	253
495	993
282	28
615	425
530	628

6	234
53	736
300	137
183	106
766	394
980	233
537	161
586	407
2	662
952	204
551	195
697	521
611	990
337	186
539	668
22	704
679	843
337	732
35	335
628	535
359	285
785	171
802	805
330	567
805	147
36	965
510	384
23	138
566	520
98	823
548	190
364	5
929	223
374	619
443	795
625	626
396	360
54	529
296	917
921	312
983	733
850	450
212	353
711	236
415	679
881	900
654	307
272	798
876	172
883	441

300

400
400
400
400
400

19
19
15
18
10
11
15
13
10
18
12
10
20
17
18
14
18
17
14
16
10
16
16
11
17
18
15
11
16
11
15
18
19
17
10
15
18
11
14
15
11
13
11
16
17
11
12
16
18
19

2
2
4
4
3

0

1
