50
5

530	59
495	526
569	98
936	48
604	187

894	491
968	386
877	215
714	348
27	15
935	204
631	112
807	92
559	609
595	97
407	730
962	662
150	636
814	327
632	4
916	280
573	784
639	787
873	748
588	360
763	188
261	332
568	662
357	182
819	472
194	979
895	691
276	583
6	861
751	542
150	641
139	141
183	169
960	379
344	723
449	837
716	634
215	12
877	72
401	638
397	551
25	321
330	484
78	564
671	558
74	68
808	409
397	162
500	83
561	796

300

400
400
400
400
400

10
13
11
15
20
14
13
13
12
14
18
18
16
15
16
18
16
15
11
14
20
13
17
15
15
14
14
13
13
13
12
13
18
10
16
12
17
17
13
14
20
19
13
16
16
12
15
12
17
12

291
340
387
237
219

0

1
