50
5

786	40
198	28
974	838
849	58
38	499

4	826
477	489
681	720
397	528
798	457
620	661
85	555
71	782
128	754
400	966
984	511
219	377
835	295
504	329
964	607
17	334
333	943
221	11
89	301
736	811
874	941
634	967
337	986
883	330
343	121
588	591
707	487
604	631
795	27
505	201
596	817
669	866
455	518
476	428
329	186
394	572
350	471
165	703
810	565
645	122
724	440
696	376
503	536
741	869
935	415
118	599
976	300
409	708
99	635
74	501

150

600
600
600
600
600

15
18
12
14
20
10
17
17
15
15
11
20
14
16
14
14
14
19
13
17
18
19
12
15
13
20
11
20
18
17
10
13
12
18
10
19
11
11
10
16
15
16
14
20
12
20
15
20
20
15

3
3
2
4
3

0

1
