50
5

947	859
597	620
266	422
557	645
233	152

10	766
274	678
111	664
794	529
328	273
953	137
342	551
825	452
676	378
166	408
548	284
127	642
483	817
666	568
941	523
83	512
155	217
704	605
88	615
557	6
209	291
549	549
457	440
379	166
309	533
872	313
696	462
378	725
969	923
608	851
683	819
359	448
571	797
171	184
119	465
134	989
216	670
498	205
978	542
329	482
432	812
18	388
711	199
711	339
115	791
649	917
425	375
505	384
640	860
49	395

70

1200
1200
1200
1200
1200

15
16
16
11
14
11
20
16
20
11
11
18
18
17
18
13
10
17
15
18
15
20
12
11
13
14
10
20
16
13
16
10
15
11
17
13
13
14
19
20
11
15
17
18
16
12
13
15
20
10

343
356
236
261
232

0

1
