50
5

569	892
732	527
898	707
997	63
554	77

735	280
311	30
67	57
888	24
660	511
677	666
16	675
410	808
88	442
532	12
415	165
56	302
615	379
594	745
57	402
768	149
754	843
837	660
716	610
366	459
394	664
738	35
357	51
868	176
839	641
559	747
999	932
736	328
537	217
381	101
603	250
485	901
370	20
422	635
266	160
529	140
792	230
534	459
849	466
72	604
755	697
543	178
116	170
375	630
826	246
787	595
467	654
643	483
357	949
65	522

70

600
600
600
600
600

14
16
11
17
17
14
15
16
11
14
20
18
17
19
14
17
18
18
13
16
11
16
18
17
11
20
19
20
14
11
18
12
16
14
19
15
11
11
15
16
17
15
19
13
19
17
19
12
12
14

216
209
212
381
243

0

1
