50
5

367	511
815	155
795	153
469	686
347	719

525	249
657	646
215	695
398	723
683	723
273	369
776	836
977	738
101	330
50	138
120	185
941	421
691	84
39	334
40	807
414	406
215	954
188	808
409	174
54	998
413	324
312	292
569	546
248	734
421	879
100	725
202	215
914	383
985	868
856	880
81	869
816	726
217	711
240	76
978	155
477	736
749	640
282	773
224	108
389	880
721	302
499	128
985	995
786	917
995	825
34	938
929	352
107	155
496	857
883	9

300

1200
1200
1200
1200
1200

10
13
11
18
17
18
16
20
12
15
17
15
17
14
17
14
19
11
19
20
14
13
11
17
17
15
17
13
13
13
18
13
16
19
11
14
14
17
19
17
11
12
20
15
18
15
12
16
11
16

2
3
4
4
3

0

1
