50
5

770	895
970	163
908	182
778	977
894	677

821	289
885	468
186	635
680	109
794	642
0	575
252	222
690	462
554	62
793	89
468	887
573	407
839	337
540	664
765	569
78	533
743	84
412	145
566	557
634	289
57	242
756	624
249	655
650	239
938	306
722	239
291	336
267	914
872	23
255	481
841	686
490	559
507	445
878	124
598	843
710	18
353	242
360	791
989	270
561	788
397	768
720	623
640	803
224	625
242	977
71	100
979	471
513	702
800	737
346	944

150

400
400
400
400
400

16
19
18
16
18
17
20
16
18
20
19
16
20
14
20
18
14
10
15
20
16
18
13
14
11
10
16
18
16
13
15
11
16
19
19
13
14
12
20
13
13
14
19
11
10
20
19
19
13
16

27278
20253
28130
22776
29007

0

1
