50
5

346	26
725	178
94	684
309	645
187	568

389	482
694	327
338	21
30	603
437	606
8	637
397	92
52	415
459	627
199	438
467	22
849	266
705	838
734	387
282	151
182	627
49	447
986	456
417	803
607	575
129	402
696	172
273	616
854	373
740	287
774	185
56	488
411	7
79	273
412	993
139	156
367	725
876	255
634	421
420	556
936	234
338	172
278	402
909	505
428	955
940	370
338	220
292	839
899	162
680	713
824	765
979	824
827	114
239	642
834	891

300

1200
1200
1200
1200
1200

16
13
16
16
10
13
10
14
20
13
12
14
17
15
12
19
18
19
10
13
19
10
10
13
20
14
11
16
19
17
13
13
15
20
15
19
20
20
11
20
14
20
18
17
14
11
10
12
12
12

240
207
382
351
343

0

1
