50
5

571	825
877	7
135	633
598	999
850	860

160	46
139	601
580	628
569	970
565	399
736	189
279	790
300	984
723	21
879	89
132	520
933	795
563	659
722	798
325	673
0	871
262	344
602	904
503	965
992	110
996	463
611	613
528	916
884	757
93	394
461	895
272	274
787	428
900	673
822	261
285	15
475	377
206	226
623	506
610	77
553	862
423	862
640	80
14	235
163	305
561	694
77	880
953	225
242	262
340	690
995	14
824	296
850	583
391	830
642	1

150

600
600
600
600
600

14
12
15
10
15
12
19
18
14
19
15
12
18
14
14
16
13
13
18
18
11
10
15
12
14
15
13
20
17
10
11
15
18
15
14
12
12
10
11
12
20
18
13
15
10
12
14
15
16
20

24189
39077
31825
27712
20169

0

1
