50
5

87	365
64	420
148	302
454	842
528	128

400	978
227	247
64	702
750	976
498	944
356	727
990	882
616	312
929	755
25	493
643	335
227	929
830	764
62	286
667	0
171	975
503	795
486	943
586	61
441	416
834	215
922	375
481	33
32	873
349	933
755	960
20	359
908	563
545	926
262	72
561	33
824	512
686	2
944	406
494	420
719	485
269	895
918	156
347	984
686	159
762	821
573	261
410	431
399	711
517	537
936	192
99	256
407	613
255	463
166	655

300

600
600
600
600
600

13
15
12
10
10
19
16
15
14
11
13
12
19
17
13
11
19
14
18
13
14
20
19
13
10
14
20
10
16
16
13
19
19
14
11
18
12
17
15
13
16
19
10
18
13
13
16
15
13
11

3
2
3
4
4

0

1
