50
5

750	236
247	735
997	615
849	140
172	655

70	444
133	901
286	122
883	27
466	277
200	399
586	41
964	583
177	155
522	489
994	828
60	516
826	535
548	285
621	158
330	67
470	166
723	672
7	541
440	58
691	837
655	624
746	577
107	454
156	918
756	536
744	806
900	489
896	762
366	271
582	678
357	754
366	274
139	452
620	512
236	248
800	757
979	872
762	514
300	555
831	84
218	248
368	300
251	342
441	986
519	555
321	421
518	477
967	826
916	784

70

400
400
400
400
400

20
19
16
16
19
11
13
14
12
18
10
20
16
19
11
16
13
11
18
14
13
11
10
16
15
11
17
10
11
18
19
20
11
20
11
17
17
19
20
16
15
10
15
20
14
10
17
20
20
20

37667
21557
34256
32935
35970

0

1
