50
5

974	47
356	658
602	781
979	279
248	802

559	84
520	671
341	684
585	430
792	114
151	800
183	163
645	274
265	79
809	783
38	284
534	683
621	537
942	762
209	850
589	557
937	864
712	617
738	15
259	837
422	919
876	188
49	743
461	559
338	119
567	727
181	130
857	927
922	87
520	191
742	292
417	768
582	380
423	712
42	947
253	961
641	275
89	522
167	104
570	66
431	484
603	23
80	600
317	129
683	919
939	611
848	586
759	945
125	677
156	298

150

400
400
400
400
400

16
16
15
12
11
13
12
16
13
17
13
14
14
12
18
17
15
13
15
14
18
13
13
11
14
20
10
14
17
11
15
14
15
18
16
13
20
14
15
18
16
11
10
16
16
13
12
17
20
13

351
260
267
371
379

0

1
