50
5

24	265
227	55
518	652
28	461
802	391

145	147
236	260
84	525
261	289
455	563
485	391
504	482
591	452
637	360
540	511
258	536
284	227
618	604
201	79
546	397
96	335
248	304
63	504
17	103
173	292
52	600
369	593
256	47
531	454
302	341
279	539
301	96
7	586
109	149
514	415
333	467
80	664
261	150
217	497
0	516
328	88
292	89
125	302
76	604
86	368
900	814
985	707
430	742
129	724
725	377
624	877
789	733
907	6
680	272
910	137

300

400
400
400
400
400

12
19
20
11
13
15
10
20
14
16
13
13
19
11
19
11
16
19
19
15
11
12
15
18
11
12
13
15
14
20
20
13
11
14
13
14
16
17
20
11
15
13
11
11
10
17
12
20
18
17

30685
22509
27284
30177
37722

0

1
