50
5

818	711
670	405
578	69
583	123
646	618

972	422
483	241
826	601
680	357
838	457
850	396
738	349
500	9
739	913
898	598
794	496
917	850
983	620
670	888
896	416
505	162
993	647
837	980
980	794
819	459
973	928
852	995
827	577
407	159
507	302
355	315
901	511
381	251
403	38
809	666
672	511
894	513
871	364
731	851
710	496
796	645
491	227
783	550
735	560
643	96
331	781
233	130
158	773
952	22
234	340
791	208
206	166
308	423
305	458
524	744

70

1200
1200
1200
1200
1200

18
18
12
14
12
19
15
16
19
12
20
13
13
14
15
15
18
14
18
18
19
11
19
10
18
11
15
16
18
17
20
20
18
20
14
12
19
12
14
15
15
10
17
15
20
10
13
14
19
17

293
355
200
352
293

0

1
