50
5

601	352
519	620
532	856
630	732
163	515

942	510
517	364
626	386
384	954
601	513
897	621
586	420
554	997
621	818
369	507
380	962
455	424
670	484
596	773
445	487
349	550
560	643
663	502
717	421
790	550
551	968
864	575
444	615
656	652
486	903
673	625
521	569
345	836
714	652
608	608
556	947
343	697
713	399
365	856
868	521
543	388
563	807
634	887
525	685
998	533
104	675
0	868
558	90
951	926
147	239
185	774
41	296
318	595
854	167
112	154

70

400
400
400
400
400

12
11
19
16
14
14
14
16
18
16
13
15
13
11
12
17
17
13
18
17
20
15
19
18
19
20
10
16
12
10
15
18
20
11
19
20
18
11
13
14
12
14
16
12
10
15
10
18
11
19

35584
23696
20654
29689
39327

0

1
