50
5

987	315
397	692
631	773
756	158
741	629

650	980
868	203
578	803
631	924
458	970
922	140
535	861
177	356
212	422
241	401
708	300
480	997
20	454
193	596
246	602
552	911
456	877
989	266
694	260
365	673
128	517
35	413
533	862
9	499
981	198
410	979
846	218
994	111
599	911
732	241
816	320
68	663
510	958
668	203
980	18
896	148
566	728
180	364
740	130
216	483
315	185
100	294
82	180
567	423
581	410
407	319
194	698
752	486
245	909
84	946

150

1200
1200
1200
1200
1200

18
13
14
17
13
13
18
10
16
17
16
19
16
10
12
14
16
12
17
18
10
12
15
18
11
18
15
13
20
11
18
15
17
20
17
10
17
14
12
14
10
18
10
13
16
10
16
18
19
17

266
353
223
379
246

0

1
