50
5

452	806
738	229
424	865
942	106
65	498

901	200
420	821
767	287
592	930
592	771
737	62
728	77
666	97
381	847
767	732
550	731
432	748
583	979
859	908
573	882
807	56
799	244
920	298
398	855
807	819
740	115
858	693
665	993
924	995
677	924
693	84
810	799
952	272
971	703
824	989
914	850
853	891
971	85
591	676
947	909
892	931
820	873
948	5
608	700
692	53
278	127
106	719
590	633
172	560
504	62
155	784
270	520
280	18
760	583
306	568

150

400
400
400
400
400

15
15
13
19
13
16
18
12
11
10
15
12
15
16
20
12
14
20
10
18
16
15
11
16
11
19
12
16
13
20
17
20
18
16
18
13
10
20
14
10
15
10
20
13
16
20
19
10
17
14

35566
30491
29550
21847
24903

0

1
