50
5

526	532
503	530
618	265
598	333
98	785

569	902
531	816
593	28
513	641
391	668
607	844
611	481
614	412
534	849
345	239
392	341
533	927
473	485
596	158
538	8
657	189
488	254
378	31
462	778
598	32
638	983
518	959
621	950
505	268
378	173
386	351
399	32
641	255
660	171
618	506
517	924
365	421
388	347
362	431
521	337
602	21
558	574
633	335
623	187
626	994
777	34
193	105
978	964
113	39
90	314
768	225
677	62
700	824
204	698
149	155

70

1200
1200
1200
1200
1200

10
11
14
15
13
14
14
19
18
10
13
11
15
13
12
11
13
16
13
14
12
12
10
19
20
13
11
17
15
19
15
19
12
16
11
15
13
17
12
15
13
14
11
11
18
15
20
13
12
15

30842
30261
30118
20692
21530

0

1
