50
5

378	383
313	390
34	476
2	425
43	979

285	370
123	238
375	555
290	297
363	666
530	631
333	143
657	400
553	502
481	446
38	12
329	606
219	322
650	495
579	478
523	410
87	534
278	84
164	463
331	219
380	484
261	70
326	281
353	609
583	644
170	100
543	486
101	561
163	340
98	411
328	40
96	198
265	337
561	509
190	280
658	561
214	567
64	304
15	665
307	442
803	718
716	521
911	653
473	112
888	478
722	185
41	799
108	721
619	804
977	181

300

1200
1200
1200
1200
1200

17
18
15
14
18
18
16
19
18
20
12
12
12
11
10
13
18
12
17
11
14
11
15
19
10
12
20
17
12
18
12
19
13
14
15
14
19
11
12
12
17
20
16
20
15
18
16
14
17
12

290
226
341
341
201

0

1
