50
5

506	968
277	969
46	993
636	837
779	494

556	666
241	837
124	677
463	910
392	708
519	949
457	870
89	696
932	112
84	670
712	119
173	689
196	853
181	785
172	945
678	237
420	902
727	225
46	907
406	905
398	985
752	98
853	214
267	689
814	1
261	866
24	843
591	836
921	197
182	772
238	679
943	203
0	734
827	117
977	215
819	241
145	916
934	138
567	897
581	917
544	446
254	191
740	785
797	484
884	483
171	380
599	186
730	558
690	374
664	623

150

400
400
400
400
400

12
17
12
20
12
13
14
16
19
13
11
10
16
14
13
10
14
14
20
17
14
20
19
10
17
19
10
17
17
15
10
19
16
13
16
16
14
17
18
17
14
18
18
12
20
20
20
15
20
11

225
253
344
218
252

0

1
