50
5

864	739
156	451
871	366
930	927
515	116

800	550
671	462
139	612
310	417
949	828
677	948
986	469
850	994
754	906
900	985
202	593
847	683
185	371
326	427
934	535
726	786
670	470
846	799
687	731
4	343
124	388
677	622
317	365
154	386
894	882
944	647
921	819
764	857
724	347
811	646
744	623
272	423
899	447
270	665
713	525
702	494
832	708
881	653
872	440
967	940
258	726
436	400
650	309
520	569
648	666
658	721
330	193
147	743
527	344
154	840

150

600
600
600
600
600

14
17
11
19
19
17
11
17
10
11
14
20
14
20
19
17
11
14
20
15
10
12
18
17
13
15
16
12
16
17
19
13
11
16
14
20
12
13
16
13
11
16
12
19
19
19
19
19
18
14

4
4
2
2
4

0

1
