50
5

587	927
689	874
223	90
137	295
747	316

175	324
583	886
765	774
614	686
681	893
220	324
782	940
901	769
194	238
391	956
629	850
622	807
619	859
580	704
89	24
146	211
638	814
79	40
157	54
677	826
59	271
299	155
277	302
379	837
462	915
313	124
307	306
586	960
459	772
539	716
359	666
645	838
707	858
654	723
806	884
651	677
112	221
532	912
242	194
947	874
305	747
157	625
578	97
203	882
859	83
425	538
372	316
835	341
721	547
422	179

70

600
600
600
600
600

19
17
16
11
10
12
20
19
16
17
18
16
11
16
12
19
13
18
15
11
20
19
10
18
17
19
13
13
16
18
11
14
20
11
18
10
17
20
17
18
18
17
10
14
14
19
12
13
20
20

31663
25732
27664
20006
35154

0

1
