50
5

613	969
599	526
393	539
355	597
288	726

489	543
536	938
517	405
803	370
469	481
561	873
830	666
486	703
823	426
483	572
641	333
897	467
920	412
555	585
536	699
762	345
659	516
636	618
612	374
459	856
775	600
543	680
423	573
447	631
975	537
779	529
543	644
492	831
830	534
802	347
410	375
974	367
413	486
519	776
585	785
909	536
650	947
433	815
986	506
618	521
415	256
820	16
221	929
399	272
270	191
790	271
702	241
137	653
123	352
540	65

150

600
600
600
600
600

10
17
12
20
13
14
14
14
20
20
12
17
10
17
16
16
19
19
11
11
10
15
20
16
15
18
12
20
19
11
17
10
15
14
19
13
20
15
11
14
13
18
16
15
14
19
11
14
16
14

297
302
241
300
270

0

1
