50
5

681	975
78	775
158	258
214	782
363	1

169	958
6	705
931	764
849	887
251	695
237	66
781	776
198	12
776	736
312	874
167	221
760	693
267	248
261	852
204	218
216	83
154	39
117	64
701	806
162	711
768	746
266	183
87	940
709	910
173	710
252	932
100	906
836	850
926	916
993	703
280	938
121	165
947	693
967	930
257	180
14	237
301	991
182	185
53	189
763	939
487	700
563	710
898	50
787	359
911	441
767	467
563	69
83	500
400	53
205	441

300

600
600
600
600
600

19
14
11
17
18
10
16
16
13
16
12
20
14
16
20
18
11
10
18
20
13
18
17
14
19
14
16
18
20
18
13
15
19
12
11
12
20
12
13
13
11
20
10
11
17
16
14
12
12
20

241
273
248
315
312

0

1
