50
5

563	595
308	634
168	490
198	63
900	431

197	498
562	488
158	328
134	641
552	584
90	90
465	467
73	339
542	440
15	538
308	517
112	341
49	35
325	309
315	417
60	373
4	584
556	471
233	80
282	491
602	547
454	536
373	475
89	539
299	79
290	293
211	536
310	553
523	364
401	564
78	549
378	456
235	259
19	323
250	99
47	45
316	629
279	129
6	414
63	135
785	713
233	893
988	447
940	35
796	375
543	297
800	739
108	778
312	928
645	957

70

400
400
400
400
400

12
10
15
12
17
15
16
10
10
12
16
15
18
13
19
17
11
18
16
20
14
12
17
13
13
15
11
19
16
16
12
18
16
17
15
16
17
20
19
17
10
15
12
10
14
15
11
18
17
16

202
255
225
209
316

0

1
