50
5

304	914
678	216
489	553
513	475
562	96

901	685
46	539
107	644
905	668
178	739
41	491
247	399
981	282
923	244
988	803
456	581
138	725
233	986
960	35
282	795
13	975
347	376
157	599
358	641
615	489
964	758
704	831
36	660
307	579
3	822
120	967
142	670
607	395
853	927
193	375
135	698
839	227
222	465
216	456
726	765
632	607
247	861
97	469
926	181
780	859
632	139
485	206
871	592
375	846
401	84
363	211
645	290
343	782
110	225
285	277

300

1200
1200
1200
1200
1200

12
16
12
17
15
18
20
14
20
20
13
20
14
12
12
16
16
18
10
15
10
19
17
18
14
13
14
12
15
15
14
13
10
17
19
15
13
16
20
16
10
13
14
20
20
16
12
18
17
20

299
382
236
326
234

0

1
