50
5

47	288
963	78
419	731
804	459
991	970

122	74
620	263
970	364
254	279
981	513
947	184
834	373
993	132
50	208
402	943
613	936
710	16
649	959
4	154
987	645
510	224
560	833
742	408
570	738
548	916
721	56
859	535
479	791
520	892
796	193
431	974
345	108
889	360
16	49
788	263
489	698
660	894
248	5
942	469
175	43
625	799
254	56
508	737
7	240
528	321
374	610
112	711
57	817
832	879
382	570
552	440
431	659
446	431
205	540
843	854

150

400
400
400
400
400

11
15
13
16
10
13
11
16
18
19
10
16
19
18
13
10
11
12
20
20
10
17
11
10
11
13
12
15
17
17
19
16
13
18
18
17
15
14
17
19
11
18
11
16
12
17
19
13
11
13

23464
20158
34693
27333
38548

0

1
