50
5

727	83
904	290
97	314
826	477
356	312

77	658
728	309
576	634
958	411
296	261
761	664
263	587
930	32
911	264
940	360
104	438
350	455
255	650
276	507
796	97
629	337
33	578
133	375
914	401
167	403
973	261
856	118
753	393
154	339
706	592
634	632
4	454
408	387
837	189
498	418
192	410
191	256
90	75
666	582
961	94
150	594
888	469
205	176
284	282
19	459
410	788
538	927
698	739
481	132
351	801
670	884
453	826
631	10
47	854
505	227

300

600
600
600
600
600

14
10
13
16
17
11
16
16
18
14
17
18
13
12
17
13
18
12
19
18
11
17
19
11
14
10
16
20
17
12
15
17
12
19
20
20
16
15
10
20
16
13
10
10
12
13
10
16
20
12

212
379
237
290
327

0

1
