50
5

661	318
964	438
90	981
40	86
414	715

846	275
316	34
81	765
856	150
267	235
619	170
438	81
158	832
769	111
881	91
913	475
686	462
310	846
713	565
364	257
331	692
831	167
683	586
232	195
439	287
894	316
807	45
888	207
168	125
752	326
781	406
775	584
82	75
699	560
147	174
201	914
645	260
214	910
981	160
622	136
956	325
455	77
678	277
293	897
89	887
736	889
389	950
240	514
507	386
757	729
652	796
67	501
404	873
304	342
251	456

70

1200
1200
1200
1200
1200

20
10
20
17
19
20
14
17
20
12
11
15
18
10
20
15
10
20
18
20
16
10
17
13
19
14
20
11
19
16
14
11
20
13
11
18
16
14
11
14
16
15
15
11
15
14
16
19
17
20

2
4
2
4
2

0

1
