50
5

372	548
258	749
542	789
608	898
735	507

396	952
182	830
485	352
465	364
520	630
113	610
575	950
251	824
74	915
117	98
22	28
32	850
234	410
84	666
161	489
646	556
189	690
519	558
180	221
552	999
112	939
138	343
294	534
56	60
587	519
405	342
328	343
407	589
324	117
636	775
107	524
623	667
278	485
188	184
555	842
4	566
453	872
22	956
525	624
148	15
675	474
471	247
761	967
647	289
453	5
970	145
894	412
698	49
675	875
656	175

70

400
400
400
400
400

18
19
18
10
12
17
16
15
16
15
16
11
20
18
16
17
18
12
13
15
13
18
19
13
17
16
15
17
20
10
18
16
12
18
13
19
13
14
17
16
10
19
13
17
12
16
13
17
18
15

229
279
209
354
370

0

1
