50
5

349	584
461	789
761	682
785	949
220	493

474	843
423	9
638	71
979	873
693	710
533	504
637	618
452	173
654	557
353	247
456	723
57	731
599	922
523	481
555	128
647	421
383	680
679	835
909	945
647	967
589	880
298	912
426	644
936	821
373	866
914	931
193	904
560	455
112	981
578	742
579	94
106	737
515	457
967	796
591	174
55	790
594	303
128	748
916	683
73	885
917	636
10	456
274	397
806	377
191	609
190	157
693	103
271	169
14	163
870	428

70

600
600
600
600
600

10
20
10
14
20
19
14
15
11
19
17
19
10
17
11
11
20
15
14
20
16
18
11
20
12
14
10
14
16
16
12
10
20
19
19
14
18
15
14
19
10
14
17
18
17
16
19
11
20
18

3
3
4
4
4

0

1
