50
5

94	895
161	987
367	485
662	605
978	368

937	172
50	684
729	299
858	284
536	734
172	265
56	793
155	102
246	224
288	272
168	743
358	473
611	822
763	230
504	342
106	115
961	97
174	115
78	258
490	894
905	141
6	673
465	992
306	79
670	89
448	502
845	38
159	222
204	790
421	553
503	576
421	997
54	857
182	44
906	175
381	794
445	419
648	908
25	41
565	479
986	472
372	132
874	639
897	748
761	897
219	552
845	372
702	918
951	488
915	972

70

400
400
400
400
400

20
14
15
12
12
20
11
12
19
14
16
19
19
10
10
20
16
12
14
12
19
12
10
18
17
16
20
16
11
20
20
11
13
18
18
15
18
16
17
13
16
13
10
14
14
19
13
20
15
19

3
2
4
4
2

0

1
