50
5

301	354
629	25
416	679
273	526
85	4

3	706
128	835
329	957
303	892
613	420
440	376
129	635
387	687
103	786
43	551
232	985
488	540
646	941
107	990
371	57
206	405
110	854
565	0
129	449
438	969
29	786
295	593
208	344
626	526
481	965
336	762
4	343
385	571
140	456
228	871
79	548
474	934
534	817
566	616
333	428
577	166
336	236
524	678
494	464
320	954
817	837
928	816
272	130
774	515
724	848
739	753
169	301
852	730
155	312
162	230

150

1200
1200
1200
1200
1200

10
18
18
13
12
17
11
15
16
10
20
19
12
20
16
16
11
16
13
10
12
20
16
10
13
19
18
15
12
15
15
18
14
13
10
13
18
18
20
13
15
17
13
12
15
16
13
17
15
10

2
4
4
2
4

0

1
