50
5

22	106
754	748
410	669
169	670
958	595

490	542
565	543
379	949
609	727
870	859
828	920
355	638
533	399
629	785
99	225
1	298
445	953
358	448
200	271
298	90
682	969
350	686
646	584
104	324
571	396
607	723
110	317
485	378
868	987
266	863
691	990
426	670
449	751
142	934
8	850
703	992
384	508
302	25
828	989
391	345
612	690
120	295
448	434
261	29
205	135
937	184
698	53
779	88
272	412
681	539
138	636
976	539
626	113
919	277
750	81

70

600
600
600
600
600

19
13
19
16
14
10
18
20
15
18
14
10
13
10
11
19
14
12
19
20
17
10
20
13
15
20
20
16
18
19
20
14
20
17
14
12
17
12
13
10
16
13
12
15
10
18
12
20
10
17

35130
20215
24829
30650
20952

0

1
