50
5

274	470
822	855
133	538
274	438
585	507

874	758
230	590
250	397
168	19
129	77
14	208
815	632
229	562
92	553
779	521
769	620
49	620
43	792
831	350
10	160
804	741
129	144
249	18
135	818
989	911
60	445
35	217
981	682
230	99
114	312
326	8
103	396
39	670
285	379
772	921
162	323
932	840
50	175
68	468
768	475
258	151
966	814
246	534
12	212
696	437
594	670
500	772
637	584
464	639
885	177
731	184
624	968
498	326
555	800
814	101

300

400
400
400
400
400

12
13
10
20
19
17
16
15
20
11
14
12
12
11
12
10
11
19
19
18
16
12
10
20
17
12
14
20
18
14
12
10
16
10
10
16
17
12
11
12
14
18
10
14
15
10
18
12
14
20

2
3
3
4
3

0

1
