50
5

55	40
759	575
92	641
223	292
406	334

263	724
123	634
361	89
993	453
63	957
611	229
13	174
234	262
122	285
80	31
472	86
583	177
303	145
9	223
794	441
236	380
7	662
70	428
194	191
253	951
256	472
269	271
161	142
133	494
346	315
282	109
128	627
521	228
676	648
491	310
81	773
172	224
211	723
292	608
197	574
294	713
776	453
251	440
617	108
587	45
369	482
656	913
433	998
851	785
440	577
463	553
376	808
754	903
501	435
783	213

70

400
400
400
400
400

20
17
10
18
14
19
19
20
16
16
17
20
17
16
17
16
19
20
11
16
13
15
19
14
12
12
13
15
16
13
16
17
17
13
13
11
12
11
10
11
16
12
15
12
16
17
15
19
19
15

37282
21782
36515
22222
26108

0

1
