50
5

348	319
333	324
929	160
824	290
796	905

484	202
815	155
218	748
414	326
40	319
260	870
97	887
652	794
586	995
420	762
527	282
775	260
690	84
509	261
231	815
330	829
261	89
357	746
305	187
117	36
69	240
775	166
420	24
315	248
21	695
320	686
751	55
447	146
400	871
552	891
764	151
864	88
132	17
911	226
531	126
567	254
345	215
939	127
254	757
369	849
765	652
468	625
255	337
158	641
559	382
860	351
205	446
961	377
477	345
408	349

300

400
400
400
400
400

16
17
12
14
11
14
19
15
17
11
11
10
16
13
12
18
17
12
15
12
10
19
10
18
17
16
11
17
10
11
20
20
12
18
12
20
16
11
16
20
13
11
13
16
10
19
20
19
14
15

32941
30679
34436
39675
25015

0

1
