50
5

689	616
388	805
334	656
382	991
197	484

548	297
360	645
726	346
927	687
885	761
630	53
566	923
596	57
509	304
740	478
836	462
714	536
512	193
392	31
838	763
425	931
618	221
674	373
609	728
338	765
486	425
427	309
589	600
610	719
634	630
371	618
977	932
618	743
459	337
619	828
376	757
573	634
365	947
581	332
806	466
589	586
821	376
785	762
499	203
643	218
146	81
959	133
879	134
301	317
332	790
155	174
237	337
133	532
317	821
262	844

150

1200
1200
1200
1200
1200

17
10
20
13
11
20
16
10
12
19
18
10
15
18
16
17
16
18
14
10
10
17
18
17
14
13
12
18
15
11
14
10
16
14
14
15
16
19
16
12
17
10
11
19
11
17
19
16
17
12

283
221
335
224
346

0

1
