50
5

769	747
451	395
75	659
620	561
953	559

475	131
692	914
785	719
277	835
974	750
69	689
899	841
232	918
136	531
648	348
201	462
675	883
550	488
567	423
338	613
478	208
626	495
429	284
428	191
277	912
963	791
638	624
326	999
629	262
571	26
340	664
951	747
234	445
586	226
801	922
2	429
191	437
371	92
446	366
754	827
435	104
9	474
243	930
577	526
556	534
837	58
890	495
946	277
407	826
111	16
547	863
284	76
654	937
458	956
555	790

300

600
600
600
600
600

14
15
13
10
13
16
18
10
17
12
13
15
13
10
12
12
10
10
18
16
17
17
15
19
14
15
16
13
19
17
13
20
17
19
16
12
17
16
18
11
10
20
15
17
19
20
10
20
16
10

3
3
2
3
2

0

1
