50
5

248	668
287	188
38	983
870	10
875	840

249	373
82	123
223	150
566	201
208	155
209	620
59	706
152	320
87	884
427	22
202	974
918	88
224	444
711	276
968	155
965	256
304	593
51	417
511	259
14	814
668	95
68	575
15	100
589	265
418	70
141	386
46	477
99	504
69	226
77	448
429	309
194	15
151	775
383	13
57	448
65	792
588	163
273	120
166	562
96	613
439	735
964	810
532	467
643	380
627	998
357	986
541	712
953	825
428	910
467	869

70

1200
1200
1200
1200
1200

17
17
12
10
20
19
18
18
12
15
14
15
11
12
12
17
16
10
14
20
18
18
20
18
15
10
16
19
19
20
11
17
15
13
18
15
17
20
10
15
11
10
14
14
20
15
14
17
14
17

37902
35633
28745
24765
20022

0

1
