500
25

240	284
361	664
928	158
420	477
148	315
762	289
532	633
622	348
319	80
321	204
250	104
749	330
165	270
289	118
633	484
18	177
59	157
25	94
552	363
252	87
481	806
842	578
936	470
259	386
405	998

896	131
750	234
933	240
621	624
580	652
665	447
882	214
841	103
968	65
884	129
912	218
535	390
259	280
813	181
901	180
766	151
95	228
653	644
249	61
806	299
22	61
967	224
378	545
498	467
689	298
740	123
190	224
120	46
676	69
764	259
713	105
723	84
947	131
588	464
623	439
656	616
292	65
663	535
404	538
302	208
601	429
914	123
95	321
487	572
917	8
20	123
729	50
121	106
509	615
850	293
764	5
633	604
10	171
864	328
118	229
890	24
654	370
834	247
469	440
773	101
147	231
591	400
439	341
551	414
741	98
177	326
393	428
465	574
928	154
378	529
66	140
985	87
69	50
714	327
646	642
22	200
73	322
783	162
675	17
628	444
798	202
581	470
495	476
835	53
271	114
688	249
604	657
539	648
998	332
197	174
593	494
802	151
164	43
652	378
481	612
308	128
647	457
666	393
765	7
990	123
496	573
365	651
209	236
450	345
20	262
471	438
914	212
873	292
413	439
589	335
820	117
395	637
571	558
64	181
388	437
145	206
500	341
801	24
294	54
62	95
646	356
486	599
461	601
299	10
165	39
641	559
794	206
967	208
296	221
114	93
399	563
957	297
860	110
638	642
186	41
817	34
257	327
242	237
996	111
19	51
425	479
829	144
71	172
82	231
812	158
174	159
711	130
641	630
13	137
359	543
139	271
97	97
232	42
580	519
894	122
734	25
991	144
265	306
469	514
802	112
684	315
761	282
762	216
181	133
932	323
581	358
489	548
498	430
742	95
685	19
436	360
662	598
30	15
346	567
964	309
279	69
87	179
360	640
701	162
541	656
502	345
248	109
766	95
938	212
303	20
152	131
822	246
736	68
641	601
5	164
957	148
335	388
289	13
41	29
616	389
463	625
966	39
526	497
474	665
226	117
877	127
5	275
556	430
231	280
102	300
704	131
475	414
709	321
726	248
300	313
608	645
484	621
182	40
937	321
932	188
568	455
754	76
415	424
883	82
395	342
474	608
58	85
897	204
264	43
263	190
636	479
447	340
703	191
294	107
673	276
402	371
793	30
42	153
521	365
317	166
563	505
723	178
561	621
988	181
90	123
429	610
532	607
374	543
101	229
623	419
889	20
348	420
80	119
912	104
191	172
82	16
145	104
757	208
330	41
16	309
249	248
267	76
786	96
721	161
943	272
908	266
146	22
846	128
822	42
64	36
461	623
211	183
885	178
546	468
628	384
52	254
483	556
508	353
905	202
872	91
62	105
733	216
404	561
688	130
787	323
195	181
591	406
563	501
932	319
694	239
845	153
735	14
91	81
718	320
392	362
234	265
839	144
280	145
778	175
0	6
201	142
506	457
493	649
322	60
393	642
251	311
540	485
457	601
290	35
843	275
428	335
713	104
817	104
639	612
538	628
557	504
964	127
797	271
860	29
658	641
56	238
934	53
941	35
912	172
3	102
333	186
349	354
86	274
562	467
115	253
101	89
736	190
242	199
962	41
720	207
267	295
34	279
827	202
88	75
115	161
292	60
167	116
337	447
160	105
724	263
52	58
765	48
377	618
123	153
21	120
427	334
432	445
625	482
759	331
145	72
541	636
70	250
489	449
382	543
685	124
263	137
875	288
34	322
354	482
151	32
831	22
855	51
840	106
436	508
94	229
849	104
777	3
621	447
372	398
267	64
675	23
851	134
146	252
561	527
408	578
85	193
769	244
404	653
743	197
608	643
472	406
251	269
263	257
474	371
60	142
463	559
305	199
886	46
660	348
778	310
564	511
877	57
813	167
313	241
685	38
365	521
677	38
481	606
623	469
994	177
802	671
516	948
19	831
750	816
468	237
909	546
420	980
680	607
105	345
986	630
806	345
629	157
672	416
639	167
673	869
717	915
819	430
714	370
470	67
417	708
850	853
888	657
409	125
501	304
860	712
549	180
448	302
141	948
58	775
537	20
43	804
638	785
564	716
261	875
26	782
120	513
810	573
329	829
439	332
571	740
678	987
188	990
218	504
660	173
934	878
783	476
975	353
577	62
982	530
230	592
970	980
260	980
906	603
347	53
632	866
749	772
605	708
824	863
857	971
924	786
408	882
393	682
85	351
864	906
276	696
338	173
445	276
325	835
956	534
11	972
559	727
802	866
348	88
44	676
275	842
743	922
623	813
913	537
23	820
912	536
750	795
607	817
286	971
686	368
79	901
80	612
106	630
255	753
550	725
940	940
683	419
436	231
302	561
308	780
71	500
804	523
240	919
551	291
705	365
508	67

300

400
400
400
400
400
400
400
400
400
400
400
400
400
400
400
400
400
400
400
400
400
400
400
400
400

18
16
10
19
19
16
11
13
14
19
13
12
18
15
14
16
11
18
17
11
17
12
15
11
12
12
20
15
16
12
14
10
13
11
11
19
10
11
17
12
15
20
13
20
18
16
18
16
17
13
10
18
17
12
13
17
20
17
13
19
11
15
19
11
19
13
18
19
10
14
18
16
11
13
10
14
18
12
16
10
12
12
17
16
15
12
18
12
17
17
20
18
10
15
11
14
20
17
11
20
10
20
15
20
12
14
14
14
13
15
12
14
10
12
19
11
20
17
17
11
11
16
13
11
14
20
11
15
11
16
17
16
19
15
17
13
14
10
14
17
12
15
10
17
10
12
10
12
15
11
15
18
20
14
14
10
11
17
18
12
15
15
18
12
19
13
16
11
15
16
16
12
19
18
16
14
17
18
16
19
17
17
20
14
16
19
12
12
17
11
12
12
16
12
13
10
17
12
11
17
16
15
10
13
20
17
12
16
13
20
16
20
15
10
18
18
12
16
18
12
20
18
15
14
15
11
11
15
17
19
17
20
11
14
19
16
20
18
18
18
18
12
17
19
11
14
15
14
12
11
10
13
12
11
16
15
20
16
12
17
14
18
17
18
10
11
12
14
12
12
14
11
15
16
11
18
14
11
20
11
14
12
13
14
13
18
19
18
20
12
10
16
20
14
16
13
15
19
20
12
15
15
12
14
13
18
10
14
11
12
19
13
16
12
14
16
11
13
19
12
11
11
10
17
11
15
16
17
16
15
16
11
16
15
18
20
17
10
18
18
19
17
11
20
11
10
16
11
13
16
15
14
15
11
16
16
14
14
19
19
10
17
20
16
15
17
19
20
14
20
12
19
17
19
11
13
15
19
14
10
20
10
12
14
15
17
10
19
19
20
17
17
18
18
14
19
14
18
13
19
18
15
19
14
19
18
12
13
12
10
13
13
20
10
19
16
16
18
15
16
13
19
17
14
11
20
20
10
16
14
14
20
17
19
12
13
19
14
18
14
16
15
18
18
18
16
19
17
18
12
15
20
15
12
12
11
13
19
14
16
19
14
16
17
20
15
19
17
17
19
10
12
20
13
14
20
14
12
13
14
13
17
20
11
18
17
18
19
14
12
19
10
20
16
20
19
18
17
11
20

4
3
2
3
4
4
3
4
4
3
2
2
4
2
2
3
2
3
2
2
2
2
2
3
4

0

1
