500
25

658	417
581	467
364	342
56	909
597	342
569	254
105	913
119	917
374	274
340	283
630	321
205	845
457	554
430	98
386	157
321	930
485	440
415	47
533	287
187	995
764	413
155	341
10	153
749	519
213	249

78	818
4	896
514	646
564	34
558	17
252	917
406	106
462	609
84	891
228	704
528	310
204	895
28	794
517	569
655	85
186	675
381	328
193	962
489	595
483	345
567	301
457	284
97	936
616	128
614	68
320	887
503	225
445	626
42	708
416	79
436	123
297	721
191	982
582	189
437	457
42	961
287	955
454	301
625	459
449	636
60	711
440	349
398	17
131	866
383	375
516	340
343	102
456	568
539	476
354	490
484	15
576	80
339	526
217	886
495	74
229	696
244	969
367	174
569	125
540	57
450	460
73	911
508	170
625	302
254	881
345	274
388	605
13	766
264	843
606	367
171	988
321	780
320	940
518	548
646	454
447	375
584	557
363	306
382	165
596	569
454	451
506	655
400	403
159	947
62	874
42	711
272	914
404	546
650	482
540	339
617	179
499	648
227	780
406	478
244	820
40	940
112	846
237	702
542	363
619	114
632	464
540	61
308	689
207	852
488	448
506	589
483	66
462	545
173	724
228	984
248	666
413	261
453	645
522	228
596	164
630	14
359	578
641	383
429	304
555	520
541	58
85	999
464	372
506	521
103	801
420	34
657	243
319	871
645	465
629	45
122	870
42	990
512	200
126	846
73	966
593	609
415	88
636	138
71	914
608	620
145	766
560	561
428	30
395	473
110	935
130	677
605	268
407	448
619	359
394	314
616	110
75	709
590	175
629	339
311	750
637	276
640	24
336	363
613	509
478	89
235	807
459	346
398	324
560	612
457	216
177	939
429	542
536	511
526	489
382	364
195	831
523	79
292	849
544	18
604	217
63	873
524	272
382	410
383	122
558	460
507	8
351	1
541	73
162	686
556	540
40	731
433	306
405	273
367	442
520	308
533	395
656	1
343	615
383	100
493	229
503	165
471	399
427	280
503	499
536	43
244	798
338	106
453	163
284	801
652	71
142	875
133	713
414	36
632	124
475	461
499	209
394	181
513	604
552	126
360	435
397	403
522	75
17	682
424	624
408	8
55	720
70	942
86	743
641	412
136	731
159	698
324	853
415	596
485	57
425	10
350	228
321	731
349	438
271	870
262	976
288	738
128	920
529	442
331	734
599	554
139	775
313	853
345	323
552	294
607	546
400	66
4	685
285	889
579	530
160	906
308	961
588	286
656	252
268	740
81	758
459	530
349	213
361	597
631	81
484	37
425	476
424	87
427	52
419	630
73	783
620	522
222	746
592	34
65	720
613	640
652	203
72	848
532	329
374	328
562	92
294	935
615	221
666	306
324	732
10	729
563	531
462	321
495	296
509	315
384	291
108	671
379	389
544	160
420	504
444	535
610	561
448	202
228	889
639	118
535	377
482	235
660	10
200	940
98	913
609	217
3	718
287	800
230	847
145	814
143	865
548	419
101	773
532	129
421	460
333	107
512	565
616	370
654	574
47	911
205	993
526	90
147	939
335	61
642	204
165	886
414	563
335	437
401	538
622	421
558	54
379	98
620	656
425	407
357	15
85	773
468	259
216	715
545	542
435	654
437	245
336	300
160	888
423	224
552	307
419	203
522	248
529	171
230	969
252	702
664	230
536	80
269	937
354	345
521	528
389	410
60	847
12	806
552	239
610	209
270	910
355	666
455	167
491	192
402	642
429	90
555	273
508	561
596	13
619	205
648	516
160	722
496	593
421	540
472	392
661	79
404	500
459	438
477	302
32	965
140	764
592	517
100	769
572	281
441	570
247	967
551	482
146	777
496	373
573	619
248	758
620	279
518	474
181	923
58	909
239	963
309	841
294	976
223	699
442	403
553	441
566	579
229	694
223	830
560	369
96	740
581	994
482	996
935	397
690	695
238	566
304	488
331	557
291	142
549	739
830	452
835	122
644	853
141	173
302	495
761	938
734	914
736	818
961	154
723	493
561	689
72	601
220	179
175	81
84	207
643	843
882	484
263	459
90	305
766	24
235	304
853	551
876	983
28	425
897	265
988	45
823	542
109	588
462	886
799	523
982	164
213	76
738	742
556	822
784	370
392	714
251	399
689	321
987	931
976	938
593	757
122	329
149	301
732	803
477	966
243	282
313	165
920	21
221	128
829	428
673	273
982	225
910	129
407	820
888	343
132	152
590	719
758	293
837	886
620	907
700	940
412	851
871	379
970	162
667	773
688	824
640	987
357	952
856	189
215	233
5	256
202	383
738	964
269	404
33	533
77	468
121	306
808	930
881	21
720	913
229	471
493	676
285	594
18	569
930	138
112	61
764	352
352	980
933	933
886	424
297	36

70

600
600
600
600
600
600
600
600
600
600
600
600
600
600
600
600
600
600
600
600
600
600
600
600
600

19
13
10
17
16
10
11
14
10
12
13
18
10
16
14
18
17
20
10
18
18
14
17
19
18
20
17
12
19
12
14
11
11
11
19
20
17
16
12
14
12
20
12
15
17
19
11
16
15
19
11
12
11
12
15
13
13
18
17
19
16
15
15
12
18
16
12
16
15
12
17
12
12
19
13
10
17
10
13
12
16
15
10
10
12
16
12
18
10
18
18
15
11
11
15
12
12
13
15
14
18
16
14
14
11
10
11
20
20
15
15
11
19
17
12
10
18
14
20
13
13
18
20
16
16
17
12
19
18
13
16
11
14
20
11
11
14
12
14
10
13
10
16
18
12
19
19
20
10
16
15
12
18
12
19
11
15
19
10
15
13
12
17
10
17
14
18
16
18
17
14
20
18
10
19
18
20
17
10
16
16
16
18
13
12
11
19
13
20
17
18
13
13
20
17
17
12
15
16
17
14
18
13
18
12
15
17
13
17
10
16
12
15
15
20
12
19
12
20
16
16
17
17
15
12
17
11
19
14
16
18
19
18
13
13
11
18
14
12
20
11
17
11
11
20
17
10
15
12
12
20
17
14
15
18
17
12
17
10
18
17
15
17
15
11
14
12
15
15
13
17
18
16
10
13
10
18
14
15
17
13
16
20
14
19
12
18
15
20
19
16
15
12
20
16
16
11
16
11
15
10
14
20
19
10
18
18
12
16
18
18
18
20
20
12
15
17
12
10
19
19
15
16
11
11
20
17
14
11
18
12
16
11
16
12
20
16
20
12
12
14
17
14
11
18
13
15
15
19
20
15
15
12
13
11
12
18
11
13
15
17
15
16
13
10
17
12
15
13
10
19
17
18
17
17
12
10
17
13
16
19
12
12
11
19
20
16
20
20
16
20
19
14
10
18
11
18
15
16
19
20
16
19
13
10
12
16
19
14
13
11
13
20
12
10
13
18
16
17
11
14
15
16
10
15
11
14
20
14
20
18
15
16
20
18
15
10
14
13
14
20
14
18
16
16
10
20
12
19
10
18
13
11
20
12
20
19
16
17
19
15
20
20
11
12
19
20
18
13
16
18
15
16
20
16
20
11
19
20
11
14
11
19
18
14
19
13
14
19
17
10
18
15
20
18
17
19
17
12
11

23143
39727
27191
33354
26209
22773
34156
29007
22429
35639
29509
35906
27529
32356
23350
33913
26345
27581
32605
27136
30264
34763
24312
37297
26956

0

1
