500
25

227	49
526	836
646	795
284	536
557	854
862	116
410	505
481	449
721	575
30	310
253	280
512	534
120	495
326	267
303	6
568	520
963	368
501	72
362	677
631	600
298	650
452	838
393	862
720	898
215	748

839	262
633	526
216	909
120	699
589	303
570	474
277	259
527	793
58	455
527	12
557	877
371	305
317	552
979	79
824	192
108	239
310	269
383	970
200	130
511	849
730	963
354	983
811	359
789	740
107	687
31	547
292	189
196	653
234	310
27	670
800	302
197	157
32	283
176	950
562	319
915	136
395	680
83	728
879	795
678	924
22	745
55	321
912	778
842	104
129	592
306	177
320	86
514	461
115	683
182	687
3	5
971	431
549	884
281	288
933	451
751	230
256	50
797	48
26	398
185	467
609	341
619	12
297	282
178	835
130	706
326	463
9	273
739	619
915	64
592	31
33	749
236	113
965	199
280	966
173	767
64	443
510	329
246	100
315	948
192	314
872	852
980	28
930	450
222	337
715	596
59	695
910	658
373	343
373	9
459	587
845	434
779	643
609	43
425	246
176	640
425	957
414	338
814	804
925	97
556	756
322	922
326	674
104	938
197	16
607	266
26	863
941	193
591	969
732	867
614	188
344	944
217	641
641	997
863	332
676	249
39	78
656	502
13	388
310	414
258	181
666	516
147	897
87	730
464	851
233	844
478	525
318	860
376	200
648	561
901	78
297	399
685	949
563	932
310	263
675	936
295	36
553	390
230	738
929	550
14	218
573	451
740	156
514	362
917	427
458	73
190	312
14	214
14	298
206	603
746	467
94	630
923	808
320	580
166	89
508	328
600	640
995	421
852	793
246	538
3	46
383	104
997	925
141	288
289	423
246	888
298	3
325	416
913	548
843	908
915	864
163	694
202	337
557	980
686	617
833	916
242	551
93	885
378	673
297	650
678	902
154	298
811	218
368	533
754	618
714	679
205	905
180	903
887	540
82	761
492	359
70	602
313	52
906	635
12	326
756	785
1	143
85	154
553	614
975	991
707	874
443	351
624	715
322	674
779	287
606	43
522	129
268	533
17	83
362	500
6	933
562	295
878	1
713	983
99	671
41	594
483	435
307	580
362	901
34	767
78	571
184	539
829	154
23	836
902	895
392	912
569	243
485	851
168	85
185	11
870	715
77	805
370	805
571	716
122	855
168	430
703	481
494	574
112	306
704	860
685	870
290	409
696	87
547	248
383	239
585	784
32	89
483	264
280	393
673	136
978	265
491	362
65	19
40	733
681	40
758	133
882	119
130	192
540	489
766	647
957	41
852	261
882	498
922	800
996	443
218	227
785	281
587	463
770	426
320	901
17	112
472	436
426	66
811	428
298	66
651	50
228	540
568	363
225	527
574	323
746	475
527	683
5	155
526	482
625	308
827	679
153	656
627	829
915	741
617	469
379	90
448	246
432	545
222	135
789	246
818	37
887	783
797	652
898	514
457	544
661	516
901	183
793	252
980	925
331	645
588	236
266	483
931	199
328	54
632	701
778	39
281	671
108	792
448	158
717	705
334	909
21	982
371	482
146	492
648	655
298	336
797	103
20	850
847	934
547	292
955	562
951	776
763	717
791	642
940	631
487	254
966	312
946	904
813	304
827	118
298	57
868	916
963	640
227	516
881	941
972	386
972	886
538	80
682	168
580	144
854	792
631	606
862	532
285	960
830	123
843	102
340	161
319	267
538	730
231	117
400	265
597	2
978	566
780	715
16	293
611	860
61	481
307	828
334	632
333	43
201	831
714	321
495	27
690	741
551	354
40	359
85	557
931	219
541	171
371	133
493	907
57	691
636	443
495	303
430	308
656	130
658	85
307	731
835	545
919	49
347	740
415	868
676	404
52	126
831	253
56	807
462	243
523	484
122	646
776	60
904	576
822	567
883	748
504	972
854	88
924	699
432	182
531	63
434	950
901	203
746	644
847	181
632	111
439	912
527	732
405	558
825	838
469	842
264	517
994	876
223	707
645	191
535	496
806	700
638	112
92	102
592	762
789	735
987	48
452	152
142	151
819	792
446	680
808	26
774	908
760	452
529	540
605	772
971	381
363	744
545	244
157	874
131	19
250	215
117	847
822	374
654	824
225	926
901	786
593	418
945	435
553	178
564	855
582	464
329	152
937	732
542	517
44	233
864	819
743	887
748	439
184	191
591	513
747	846
772	558
70	725
474	155
342	607
386	391
613	739
10	122
793	183
683	1
215	757
917	606
751	395
663	916
769	552
397	315
462	676
980	817
115	797
143	426
381	699
91	620
18	612
76	664
519	641
595	963
159	161
371	790
512	631
739	288
27	475
715	6
767	806
928	208
523	504
326	433
15	273
435	457
367	128
28	257
925	60
388	621
846	16

150

400
400
400
400
400
400
400
400
400
400
400
400
400
400
400
400
400
400
400
400
400
400
400
400
400

13
13
13
14
20
18
20
20
16
20
18
11
16
17
11
17
16
14
11
11
11
20
14
15
13
16
14
16
20
16
13
14
12
19
14
10
14
10
10
10
13
15
10
12
18
12
11
17
15
10
11
19
12
13
10
14
15
12
16
17
18
11
14
17
19
17
16
17
11
16
14
12
14
13
15
14
10
16
11
20
13
14
20
20
19
15
11
17
15
13
10
10
11
11
18
18
18
20
20
12
20
16
11
11
11
12
16
14
15
17
14
14
11
12
10
11
19
11
15
20
20
10
13
19
11
20
19
16
11
12
14
19
16
20
14
15
13
19
20
14
16
20
13
12
14
15
11
15
17
15
18
14
19
12
15
12
18
14
13
11
19
13
18
15
17
17
10
15
20
15
10
13
10
14
12
15
11
16
20
10
16
19
19
10
20
12
17
17
12
11
14
16
16
11
15
11
15
13
11
15
18
13
19
17
15
14
18
20
14
16
14
12
13
20
18
10
11
12
16
11
13
11
18
12
11
20
20
12
12
18
10
20
11
16
14
10
14
15
18
20
14
19
11
15
16
19
13
19
18
11
15
11
16
20
14
11
10
17
14
14
19
13
19
15
11
10
14
18
12
14
12
13
15
12
20
13
10
16
18
12
11
15
15
10
19
10
20
17
12
10
11
12
13
11
18
14
10
15
19
13
10
14
17
17
12
16
15
14
17
17
19
12
15
13
20
10
13
15
10
11
11
11
11
19
15
11
19
13
12
13
11
18
12
19
19
11
11
14
18
14
14
13
13
20
18
14
13
11
14
16
14
13
17
17
12
17
11
10
10
13
20
19
11
13
17
12
10
13
15
12
13
17
17
14
16
11
19
13
17
20
13
16
11
15
16
14
18
18
13
13
10
19
16
19
20
13
17
13
13
13
17
20
13
13
13
14
11
17
13
13
11
19
12
18
16
17
20
13
10
17
18
17
15
19
11
17
13
13
17
10
20
11
16
15
18
10
18
10
10
17
16
14
20
20
19
19
11
20
16
15
15
10
10
20
12
20
18
19
19
14
14
18
15
11
15
18
15
12
12
10
12
11
12
13
18
17
17
10
15
14
16
19
20
10
11
11
10
20
14
15
13
14
15
10
16
17
17
20
10
11

2
4
4
2
4
3
2
3
2
3
2
2
2
2
4
3
4
4
3
2
2
4
2
4
2

0

1
