500
25

229	488
378	247
587	69
599	723
509	994
421	912
592	701
135	430
359	723
572	285
615	939
982	413
824	607
39	380
534	2
446	78
453	397
529	69
374	925
808	428
836	736
215	771
956	26
777	265
316	800

830	365
405	209
251	383
207	537
997	563
717	594
399	360
787	628
490	603
547	321
529	722
668	421
534	559
513	981
376	947
658	528
21	538
698	636
559	743
123	479
406	499
410	93
703	600
547	737
666	178
514	149
428	798
401	655
350	263
788	343
597	245
548	179
431	52
591	605
399	617
578	815
279	518
603	861
533	462
199	502
146	437
582	847
103	464
467	339
628	397
719	658
498	351
428	191
361	100
461	305
798	608
335	988
471	614
643	921
924	378
645	195
648	926
788	484
565	991
544	870
489	662
508	837
56	588
374	807
369	551
639	926
963	642
542	895
279	598
203	389
428	836
382	310
216	521
666	183
7	454
75	533
639	159
335	83
706	504
598	16
400	538
816	524
373	935
53	403
520	259
837	532
569	258
392	450
545	358
265	580
409	636
350	322
594	530
261	420
366	797
551	826
960	413
405	677
619	125
576	895
487	145
730	642
661	326
334	11
281	590
812	550
155	655
251	655
562	266
801	405
640	542
583	454
536	565
491	414
605	548
524	43
160	530
164	568
731	523
632	899
471	990
734	351
524	677
407	463
936	456
711	589
307	384
354	992
928	663
230	482
659	276
897	560
633	348
105	438
503	226
508	750
101	341
975	605
643	424
987	366
620	890
184	440
549	532
625	496
412	74
685	639
587	109
815	505
666	548
248	478
70	661
403	684
366	292
479	779
665	771
632	144
33	526
36	374
132	375
155	516
215	346
581	193
464	785
534	673
19	489
86	563
739	397
376	268
38	348
363	753
314	488
960	446
662	445
362	219
464	700
542	73
123	482
645	753
518	307
571	871
373	849
349	859
979	527
200	409
733	579
46	612
387	154
446	667
892	435
408	468
609	740
654	445
972	560
458	147
581	283
898	649
595	245
870	573
3	561
584	128
955	405
480	689
477	559
454	520
296	633
290	416
928	655
153	492
72	591
443	669
260	553
812	578
486	926
85	510
835	594
111	553
124	428
426	645
425	30
240	534
364	328
230	612
389	683
299	474
835	611
583	929
826	624
406	133
611	269
143	515
582	810
246	569
416	67
175	532
435	76
923	465
17	538
396	75
33	351
211	478
481	462
730	468
402	256
193	402
383	970
122	430
577	854
534	932
460	845
508	858
85	432
438	825
515	647
122	447
574	264
147	433
960	560
276	443
991	412
532	957
18	500
992	374
656	473
432	145
429	992
174	606
794	410
604	246
152	606
64	625
952	607
697	516
14	644
982	623
615	6
361	69
886	408
643	430
539	309
573	592
99	611
600	400
357	710
521	895
565	308
989	550
414	430
958	651
570	448
16	440
364	735
80	610
791	383
591	44
618	857
709	376
987	337
413	489
13	461
595	344
421	239
658	961
649	532
947	414
621	916
480	458
498	117
801	381
611	962
578	246
305	337
604	473
152	501
461	96
652	700
105	662
785	483
460	998
58	479
950	485
316	348
455	979
629	960
124	577
931	519
392	559
409	918
661	977
367	849
664	402
822	523
286	364
24	359
931	369
342	156
350	549
355	485
152	427
304	471
200	349
410	409
343	214
514	314
363	414
462	386
448	361
624	765
905	533
635	821
410	91
593	937
431	178
465	789
16	626
596	572
658	322
584	873
501	386
883	521
107	514
508	685
411	727
497	822
623	841
658	941
935	407
820	641
403	910
693	567
408	985
992	393
436	206
510	676
411	942
497	761
286	641
362	39
609	209
208	662
801	587
461	939
119	590
743	565
393	192
349	494
888	386
511	864
366	359
435	239
677	457
430	205
624	442
802	381
197	374
981	492
387	551
607	205
850	497
339	804
987	396
787	58
917	910
187	851
181	9
120	893
776	268
936	238
960	288
883	307
58	94
204	834
738	86
183	884
12	312
689	690
306	818
254	939
815	911
883	99
296	21
23	94
144	182
8	813
324	328
693	121
887	835
56	740
766	913
895	885
138	683
744	274
934	864
265	718
21	197
668	726
225	98
878	307
747	37
129	950
212	56
960	228
331	120
720	270
675	116
144	945
217	921
280	745
63	328
262	323
694	862
307	813
200	937
316	283
80	998
59	933
86	824
18	992
931	829
777	798
294	678
204	715
33	183
58	232
724	297
204	927
72	952
287	97
744	165
219	0
782	851
38	322
750	309
845	143
266	202
82	23
93	800
943	877
327	258
839	727
71	306
675	286
127	975
326	199
818	921
876	929
938	9
900	730
934	313
668	181
1	777
958	685
34	754
42	979
94	774
692	263
726	184
212	94
917	923
700	879
858	272

70

1200
1200
1200
1200
1200
1200
1200
1200
1200
1200
1200
1200
1200
1200
1200
1200
1200
1200
1200
1200
1200
1200
1200
1200
1200

13
18
15
17
20
19
20
20
16
18
15
15
15
17
18
17
15
20
17
13
12
15
12
17
13
12
15
15
15
11
17
17
11
15
15
18
10
12
18
10
17
18
19
11
10
16
16
11
17
15
12
16
18
11
17
10
15
12
20
11
17
20
14
16
13
16
15
18
14
16
15
14
18
20
12
17
20
18
14
20
17
19
16
11
20
19
12
14
19
19
15
18
11
16
15
20
19
13
13
12
17
19
15
19
12
20
18
13
16
15
20
12
11
13
14
14
12
15
13
12
12
10
20
16
15
18
10
15
15
18
17
20
15
18
17
14
17
10
13
11
15
19
12
11
20
15
13
12
19
18
20
17
17
11
14
15
13
17
13
14
14
10
18
10
12
14
20
15
10
20
17
10
12
19
12
15
11
14
14
12
16
10
10
16
11
16
17
13
12
14
14
10
19
17
14
15
16
16
11
17
10
19
14
15
12
14
17
14
15
14
16
14
10
16
15
10
10
13
17
20
12
11
15
20
19
16
19
17
14
17
20
19
18
18
12
13
18
14
19
14
14
14
10
14
18
19
11
12
15
20
14
17
18
10
13
11
13
14
15
13
15
18
13
11
12
19
18
17
16
12
19
17
12
19
17
16
16
20
18
16
11
11
13
20
18
18
18
16
16
19
14
15
19
10
17
12
16
15
13
12
11
15
15
19
11
16
20
13
13
10
15
16
19
11
17
12
13
10
12
16
15
18
15
12
12
18
17
12
13
17
11
13
13
13
12
15
14
10
19
19
17
15
10
17
18
16
15
12
17
16
17
19
14
18
13
16
10
12
15
17
16
12
14
10
17
11
13
12
10
19
13
18
20
14
11
14
13
12
11
13
14
13
19
13
17
11
15
19
13
20
19
11
11
12
11
19
11
11
12
10
20
14
17
13
18
10
20
18
14
12
19
10
10
11
12
11
15
19
16
18
14
12
15
15
12
10
18
19
10
12
11
13
18
12
15
18
13
16
20
11
18
15
11
10
10
12
12
18
11
13
16
12
18
16
10
18
14
15
17
15
17
15
17
19
18
15
11
19
11
16
12
16
16
17
20
19
10
12
13
19
12
16
10
16
10
10
20
20
20
18
11
11
20
11
16
10
17
14
15
13

22744
22798
34123
39567
26374
27350
25230
27834
39387
21355
23076
33027
39998
34755
31956
34800
26553
24226
32421
32804
33071
37721
30538
22178
30184

0

1
