500
25

693	548
630	754
889	353
628	605
357	389
691	358
543	798
496	888
581	577
532	414
399	945
471	777
394	416
435	760
916	438
414	435
621	766
736	567
592	874
788	580
66	466
586	113
447	126
296	245
707	872

639	967
864	580
584	834
364	957
425	449
516	717
374	509
678	575
880	369
470	659
563	658
428	472
629	591
732	577
859	645
996	649
662	641
904	556
581	666
671	451
486	745
740	433
783	610
352	739
538	877
526	464
515	837
437	914
725	628
358	723
676	453
438	461
519	576
620	358
421	932
631	965
448	564
659	553
548	883
997	468
655	367
430	669
440	709
917	567
373	670
915	619
557	582
345	856
605	843
353	578
420	784
557	867
337	389
542	496
859	610
387	659
892	648
865	385
717	372
337	632
603	916
875	580
452	543
647	872
728	511
725	348
531	621
454	746
543	348
451	891
376	866
608	767
588	478
427	761
798	462
674	579
435	425
376	621
632	388
565	875
635	540
340	919
534	742
384	453
501	593
466	712
600	409
849	443
748	573
829	402
464	531
724	640
685	496
343	565
513	789
940	483
675	392
553	425
348	484
341	846
427	693
766	377
992	456
432	344
460	698
874	438
464	424
602	539
465	970
431	908
992	355
801	451
543	500
570	504
342	837
498	721
525	465
468	437
363	714
457	788
360	488
929	572
578	485
612	632
714	597
397	672
948	355
924	438
333	979
461	650
591	559
446	338
352	393
455	534
442	657
466	525
569	761
408	618
546	359
682	542
517	854
531	491
364	381
813	499
425	497
425	884
591	842
805	639
869	368
566	477
484	694
480	533
378	444
626	629
612	802
747	584
626	337
753	492
974	406
944	629
831	644
764	485
991	373
399	600
864	437
338	548
637	768
336	789
447	924
911	647
476	420
347	664
463	930
914	603
554	470
677	390
841	546
763	462
649	910
649	365
346	769
975	665
662	481
333	885
764	408
723	581
670	493
875	414
550	862
366	587
567	430
447	892
424	857
619	402
582	355
678	347
667	480
760	341
552	587
468	508
434	515
950	458
424	527
736	626
731	616
413	441
544	875
632	481
335	706
873	503
653	797
770	551
618	337
488	669
398	384
518	735
603	728
396	502
466	992
349	632
485	975
623	571
922	600
577	555
705	636
514	334
906	515
427	861
635	879
922	429
785	376
630	650
588	664
472	936
466	935
757	502
633	761
557	952
452	970
576	715
414	389
456	402
849	391
915	462
658	352
418	981
544	467
767	548
673	473
488	645
534	772
838	593
621	617
974	569
653	653
608	872
558	366
427	469
965	604
590	692
387	507
841	594
565	498
845	374
591	725
604	969
402	818
572	707
459	412
658	594
516	374
515	818
488	480
339	432
449	615
666	615
641	737
647	955
605	800
701	660
597	388
589	876
879	526
651	696
952	550
725	661
601	637
790	660
682	650
714	513
488	916
412	590
716	390
491	593
660	758
469	727
688	617
347	557
402	532
488	721
475	473
962	586
383	357
983	658
359	801
834	648
633	410
622	643
669	421
359	621
563	653
599	487
919	392
493	698
739	370
465	534
833	385
661	344
800	409
365	611
581	364
379	376
891	398
856	446
427	392
640	580
344	968
497	350
429	393
701	408
648	851
413	974
347	403
602	816
530	440
886	580
480	684
423	911
652	608
628	786
603	456
564	750
615	453
616	820
593	869
601	749
374	485
870	569
533	501
802	417
824	445
545	493
462	401
584	651
657	909
558	505
397	718
894	648
456	411
361	819
581	688
916	400
822	495
608	386
529	955
358	953
534	744
704	450
682	447
433	415
502	599
537	893
994	367
555	684
896	404
599	441
653	888
580	369
524	782
530	955
464	361
562	793
837	564
749	620
636	653
614	675
600	648
575	417
363	851
825	641
994	505
606	511
361	679
419	919
396	699
880	567
639	803
767	559
573	631
753	424
242	669
234	14
447	159
212	865
749	685
314	729
7	505
39	319
808	697
554	235
242	724
250	913
106	881
294	636
970	66
552	63
901	769
286	589
538	214
11	429
901	841
860	101
801	2
316	531
927	736
372	251
665	320
131	488
296	864
223	812
879	949
990	787
908	753
53	826
959	758
101	599
533	200
194	754
126	600
829	285
465	64
644	295
790	674
884	142
878	70
783	927
762	937
309	514
75	284
124	857
851	182
526	188
150	500
263	744
624	116
322	281
91	592
74	730
46	890
363	211
467	151
302	576
831	707
976	53
556	239
17	882
673	822
528	205
616	156
812	826
338	308
235	705
995	328
842	89
722	235
873	777
232	285
711	668
790	911
993	871
808	955
987	102
24	991
47	733
96	478
552	22
227	497
793	946
912	706
179	118
826	886
538	325
288	289
782	215
41	425
961	939
981	285
286	287
760	872
33	778

150

600
600
600
600
600
600
600
600
600
600
600
600
600
600
600
600
600
600
600
600
600
600
600
600
600

13
13
16
16
17
10
19
19
20
10
17
16
12
20
13
17
19
13
11
19
10
16
10
15
19
19
18
18
17
16
13
11
12
16
15
12
19
16
20
15
12
16
16
20
14
10
15
13
15
19
17
11
13
19
20
14
13
12
20
11
13
12
18
12
15
15
17
15
12
18
13
16
16
12
18
16
16
14
17
13
12
13
11
13
12
19
20
10
12
11
18
16
17
10
10
14
13
16
19
17
14
11
11
17
16
11
17
10
15
17
19
17
12
13
18
10
17
16
10
12
11
18
16
15
10
16
14
17
10
20
16
13
13
11
10
10
17
14
10
12
12
18
18
12
20
10
10
12
19
15
18
16
10
17
14
19
15
19
14
20
10
18
19
20
17
15
20
16
16
16
17
16
12
12
10
19
19
20
20
20
14
17
14
10
17
12
20
17
15
17
12
18
14
20
10
15
12
20
19
20
18
17
11
12
17
16
18
13
15
19
15
20
19
13
11
20
12
11
16
12
17
19
13
17
13
17
12
17
18
10
18
12
11
10
14
19
17
10
16
11
20
13
10
18
10
20
19
20
12
14
15
18
13
13
18
17
14
11
12
10
12
14
12
18
16
11
13
12
16
10
11
10
13
19
19
16
19
15
16
18
12
13
16
11
16
18
13
19
19
20
17
17
17
17
10
11
13
17
16
15
18
15
10
15
13
17
13
17
16
17
15
10
17
11
19
15
11
20
10
16
13
15
13
11
19
19
19
19
10
11
10
18
10
18
11
12
13
11
12
20
11
16
19
18
12
19
16
13
16
16
11
11
13
13
15
17
10
13
12
13
16
10
14
14
19
20
16
16
19
15
11
18
15
10
11
15
20
17
16
18
16
16
11
13
15
17
17
17
11
19
17
17
19
17
13
12
12
19
15
10
19
16
16
20
16
12
17
12
18
11
20
15
16
15
19
15
20
19
11
15
16
17
14
12
14
20
20
13
11
13
20
10
20
10
15
10
17
15
14
12
10
15
17
14
13
15
11
12
18
15
19
13
20
15
10
10
16
15
10
15
20
15
18
11
11
18
12
14
18
15
12
18
15
14
10
18
19
12
15
17
12
12
20
17
13
17
19
15
15
10
15
15
16
19
13
19
16
18
11
11

4
4
2
4
2
2
2
4
3
4
3
3
2
2
4
4
2
2
3
3
4
2
4
4
3

0

1
