500
25

38	961
974	208
961	106
318	398
50	129
188	663
346	226
931	182
81	79
16	705
108	248
966	232
218	645
918	75
888	240
139	334
745	191
141	307
31	956
426	120
847	469
923	588
353	464
654	951
346	573

186	203
513	18
186	98
306	257
191	749
289	720
432	273
958	143
979	288
963	225
218	585
328	242
565	6
196	622
866	240
640	114
997	102
211	505
19	603
158	341
756	173
333	712
607	219
208	955
768	29
304	605
152	591
47	834
507	331
379	177
114	171
832	280
919	270
717	146
318	367
894	197
526	105
147	173
58	34
165	678
316	923
264	119
54	826
198	385
172	867
737	57
325	568
82	464
276	494
200	986
177	330
297	181
900	163
236	755
239	803
322	502
307	107
277	162
274	877
874	149
258	904
306	208
594	287
31	105
259	435
299	6
720	174
17	784
212	192
336	101
165	822
44	653
21	772
122	259
473	290
129	814
921	109
153	426
697	167
938	270
131	676
953	240
47	286
666	267
270	676
348	141
328	729
100	458
917	66
745	160
311	93
120	755
249	959
213	41
164	886
516	68
147	560
526	328
225	307
217	236
11	561
168	716
401	268
302	87
196	988
102	370
135	548
901	191
242	727
11	399
149	268
294	935
574	153
266	172
754	102
139	700
114	130
690	195
169	261
143	954
731	114
618	311
394	175
21	908
651	277
243	657
139	103
46	9
951	314
856	297
841	195
315	796
194	672
553	316
127	412
300	821
78	757
35	241
329	309
137	207
638	90
286	88
950	155
120	941
140	429
886	190
542	216
400	57
201	162
735	179
285	109
273	418
651	204
612	282
434	309
557	179
182	531
137	603
764	30
860	53
841	72
439	171
101	967
133	373
559	253
128	592
41	814
392	253
292	155
991	322
773	166
230	83
9	448
79	975
567	126
287	483
316	242
813	268
292	782
153	583
808	183
92	282
492	319
239	651
665	154
921	243
166	449
967	243
716	240
133	19
288	130
180	529
13	901
766	60
904	118
940	133
331	284
159	739
513	256
102	984
207	976
852	77
824	243
232	88
272	242
851	212
149	459
920	287
316	621
143	225
185	815
817	214
281	697
125	790
314	698
144	90
33	719
439	28
243	243
60	512
166	182
204	501
580	229
32	802
735	75
139	118
15	965
849	311
250	823
869	188
492	117
238	659
981	121
288	959
282	533
32	441
984	242
730	237
149	785
121	537
993	105
219	638
149	102
873	190
534	33
588	106
616	7
841	277
159	602
761	137
775	308
374	39
234	470
371	214
99	319
158	672
72	324
886	21
240	170
70	258
178	710
204	242
278	955
475	126
847	325
335	236
685	39
244	32
595	279
203	582
330	468
176	881
286	750
573	223
781	16
742	78
264	16
571	285
100	224
769	75
85	405
307	207
100	68
331	749
675	179
249	348
66	513
171	666
680	143
962	247
67	190
785	271
189	245
880	71
191	633
926	280
589	213
517	53
38	588
178	845
136	128
285	257
779	152
753	154
824	289
109	228
548	85
119	692
162	769
806	71
225	123
78	843
131	27
699	185
458	26
240	530
246	821
236	763
227	476
84	222
233	978
28	27
204	203
161	8
16	7
202	480
493	296
25	832
15	141
114	669
376	57
124	72
938	2
357	310
413	247
220	817
149	154
820	73
153	380
396	125
44	599
470	196
905	112
592	77
300	756
11	668
266	108
561	20
441	87
826	320
322	422
245	749
148	18
47	817
574	99
726	276
214	937
660	323
989	187
58	431
133	971
143	233
94	761
430	170
4	187
440	285
516	164
75	236
297	237
931	23
166	656
450	313
143	81
766	11
879	147
214	725
577	246
915	307
447	76
154	30
934	31
879	222
185	40
539	297
175	373
569	264
97	951
791	113
543	156
476	224
306	598
220	760
143	469
170	336
203	747
910	88
120	994
624	88
632	214
301	871
652	356
458	863
930	445
799	510
829	556
419	826
546	399
806	934
601	883
576	408
548	607
492	587
917	982
364	755
394	817
428	680
420	873
942	951
573	719
523	892
911	643
602	437
393	517
505	878
771	442
454	957
953	543
685	524
733	396
562	890
855	415
371	689
420	849
901	390
516	678
821	589
566	889
688	851
451	533
450	540
954	659
349	599
472	722
740	811
462	899
837	645
578	811
636	454
929	461
391	654
353	759
453	642
981	730
592	711
771	942
511	987
380	376
476	383
850	431
338	759
377	514
965	739
590	374
367	635
462	702
971	417
864	788
774	907
516	425
372	383
534	597
513	765
720	987
669	459
450	624
790	970
864	479
982	648
376	462
902	578
441	700
724	405
864	679
978	534
708	905
891	739
777	444
950	981
859	820
961	483
980	599
981	476
341	819
890	719
621	505
957	518
468	740
542	704
858	734
536	604

150

600
600
600
600
600
600
600
600
600
600
600
600
600
600
600
600
600
600
600
600
600
600
600
600
600

15
11
19
12
13
15
16
10
11
11
16
14
11
20
12
12
12
17
12
19
18
17
14
13
16
18
12
17
12
14
13
16
10
16
15
12
18
13
11
10
10
10
19
20
19
13
16
11
20
10
13
14
20
16
10
15
14
13
19
10
20
10
18
11
14
12
17
20
17
20
19
11
13
13
20
12
12
14
14
15
12
20
11
18
15
12
14
12
13
10
18
16
17
19
16
10
20
17
13
17
10
20
19
15
17
20
16
12
17
10
11
19
20
16
15
14
18
19
16
11
18
16
20
20
15
10
20
15
11
16
10
12
11
18
11
19
18
17
15
12
18
10
11
11
14
10
13
17
13
16
17
10
16
10
18
18
16
12
13
17
17
13
10
11
18
15
12
19
20
15
18
11
16
19
14
17
12
15
13
14
13
20
19
17
12
12
18
16
12
16
10
10
10
14
15
14
10
17
16
19
15
18
14
14
11
13
14
13
15
13
20
15
17
15
10
20
19
12
13
18
15
17
14
14
17
13
18
12
18
18
13
20
13
14
12
17
15
18
16
10
11
12
13
10
15
17
20
17
11
19
18
17
13
11
13
19
17
13
15
16
10
12
20
10
10
13
15
13
16
15
17
17
17
10
14
19
18
20
13
15
12
15
17
13
18
13
14
16
18
15
17
19
20
10
11
20
11
15
15
10
20
18
19
18
19
11
14
12
14
13
15
19
18
20
11
14
15
14
11
17
17
16
10
12
14
19
13
20
15
15
12
11
12
10
18
11
19
18
14
15
19
12
11
13
20
19
13
13
10
12
14
17
10
15
18
10
12
12
19
19
18
15
12
17
11
11
10
20
16
18
12
10
15
13
17
11
13
11
16
11
13
16
20
14
12
13
11
14
15
17
19
11
10
10
14
10
14
18
18
16
19
10
16
14
14
10
16
16
19
13
19
19
17
19
20
13
14
14
15
14
16
13
10
11
14
13
18
11
13
17
11
11
19
15
15
13
14
12
15
12
16
19
18
13
19
20
17
15
12
15
20
11
18
14
13
20
18
12
14
15
18
15
10
15
14
11
14
12
16
15
10
19
14
15
14
20
13
12
20
13
18
18
20
14
13
17
16
16
15
13
11
20
18
14
16
12
10
20
13
18

375
223
327
219
369
296
236
276
321
342
388
370
206
392
220
279
335
328
303
396
237
370
358
326
266

0

1
