500
25

559	963
450	161
296	984
468	905
608	887
982	819
314	164
680	994
271	842
172	330
665	91
802	483
705	47
564	101
397	31
163	100
341	609
186	918
245	549
520	781
727	828
913	190
658	648
729	275
103	686

657	514
202	404
274	416
363	332
541	400
212	66
900	252
607	179
828	999
722	97
501	141
291	712
715	151
137	479
318	788
746	46
250	1
658	884
702	545
446	876
525	501
447	468
588	187
963	991
445	547
435	856
215	784
321	282
932	768
509	55
600	776
776	667
437	433
851	779
763	262
974	698
476	492
127	385
28	84
642	772
869	720
436	817
283	129
597	400
647	764
771	806
29	476
939	127
63	558
442	978
709	461
439	303
43	93
125	964
16	88
118	164
622	356
232	772
580	742
43	10
746	459
506	833
62	749
581	759
773	209
297	926
824	818
420	340
640	752
45	796
265	79
382	588
513	89
432	725
454	571
128	336
503	486
79	714
278	865
337	715
279	846
195	809
424	97
281	842
737	77
757	795
100	641
349	877
740	546
948	145
241	858
573	939
380	367
351	461
910	103
551	566
650	374
489	281
822	147
11	648
254	445
485	565
165	884
117	680
223	644
617	379
504	802
292	421
355	408
986	719
685	629
849	452
503	538
882	894
168	480
922	44
923	776
815	615
491	946
122	337
426	467
981	372
307	978
131	206
452	470
794	932
388	780
865	933
668	21
476	883
123	437
797	892
429	484
183	797
718	125
61	158
117	524
203	11
370	683
998	289
326	992
243	849
434	88
132	833
318	44
673	7
467	796
131	551
777	581
18	980
297	719
716	944
115	754
484	145
868	859
782	635
478	961
992	129
220	149
488	134
580	546
590	356
653	46
22	249
443	307
933	230
224	201
904	155
497	999
851	89
801	410
149	928
621	376
936	292
602	828
937	261
183	273
970	945
645	561
60	977
230	951
750	366
877	697
193	900
974	991
499	290
171	768
886	250
468	126
355	809
71	319
892	81
410	169
106	396
440	72
750	684
668	559
605	961
192	92
679	997
67	854
551	720
988	593
964	134
799	183
305	806
105	949
354	494
146	166
47	685
32	306
260	220
297	519
700	261
471	16
63	237
999	631
825	138
301	473
101	470
951	167
314	118
356	35
99	134
935	274
989	636
186	514
62	117
792	840
3	787
256	947
559	68
129	361
935	357
806	897
838	456
981	595
218	118
510	372
98	820
71	712
685	100
437	871
110	778
717	737
612	402
719	359
627	130
481	513
497	14
833	916
490	194
682	194
863	663
961	689
469	816
127	269
149	566
577	128
884	612
256	617
476	760
304	794
495	308
883	690
775	791
635	15
243	353
734	367
197	694
147	191
598	218
201	356
524	435
205	241
115	897
28	457
974	243
878	484
315	48
78	717
573	884
672	822
583	153
243	576
951	514
199	302
554	800
265	965
677	569
888	920
776	686
30	321
988	663
49	160
892	901
435	110
733	528
998	881
560	862
745	128
860	875
634	113
522	589
933	593
775	214
891	893
193	872
178	748
263	189
708	846
468	775
155	430
223	727
816	509
158	376
39	440
891	56
134	179
643	625
27	493
409	981
907	182
24	363
368	76
494	244
250	264
684	319
390	844
941	906
88	866
37	474
509	942
961	446
806	290
985	895
759	654
181	8
930	999
229	579
861	831
490	251
596	862
295	950
150	285
133	16
256	236
359	628
244	220
938	410
107	186
857	364
781	76
915	1
851	395
373	185
420	560
996	958
52	871
359	117
321	616
865	293
15	952
303	340
969	661
162	858
830	814
528	191
522	934
560	344
860	750
554	733
583	386
285	293
432	328
66	886
470	521
687	732
485	615
277	41
4	997
287	160
487	798
194	776
322	602
275	779
73	392
272	618
702	872
779	195
263	235
926	819
690	776
906	115
225	258
424	274
127	162
941	721
673	501
263	154
629	83
747	584
200	553
966	952
826	195
502	431
555	91
739	802
186	723
440	133
236	961
915	688
535	105
868	297
941	168
649	798
86	843
744	684
68	336
890	844
555	571
786	474
461	808
514	102
390	336
335	464
42	884
77	172
905	153
320	855
378	112
498	955
830	815
147	643
335	153
593	683
756	18
471	459
828	980
227	187
453	901
824	753
268	731
233	189
894	453
226	148
571	994
733	84
859	31
961	808
735	820
820	178
914	877
225	301
282	63
526	522
625	234
754	533
664	483
981	525
224	736
784	102
739	864
15	166
392	442
57	175
355	763
38	420
430	981
39	555
536	92
361	951
910	556
896	518
924	222
20	15
932	435
565	148
26	319
908	292
500	620
148	776
366	143
774	684
810	477
981	182
323	208
13	533
40	437
737	672
302	402
853	1
954	870
735	795
682	269
862	734
400	795
429	193
24	465
61	239

300

1200
1200
1200
1200
1200
1200
1200
1200
1200
1200
1200
1200
1200
1200
1200
1200
1200
1200
1200
1200
1200
1200
1200
1200
1200

12
17
12
15
14
12
13
20
19
18
12
11
13
14
19
12
15
16
12
13
11
15
17
16
13
13
20
11
12
14
12
19
15
16
16
12
15
17
16
13
10
15
20
17
20
15
19
20
16
16
14
19
13
12
13
12
12
20
10
11
12
17
13
19
15
18
15
13
12
13
18
13
17
12
14
16
10
18
18
14
11
15
19
19
14
17
16
16
16
20
15
12
19
17
10
10
18
13
16
20
15
15
12
15
15
16
13
15
20
11
19
12
19
19
15
12
18
12
15
16
17
15
11
14
20
14
15
15
11
16
20
17
17
19
18
20
15
18
11
14
19
20
15
19
12
19
19
11
12
10
12
12
18
16
18
18
14
16
10
16
16
20
16
13
16
20
13
11
19
14
15
18
12
17
12
11
10
16
14
13
15
18
10
17
11
20
13
20
12
14
13
12
20
17
19
15
18
19
18
20
10
17
12
20
20
18
11
17
19
10
10
10
14
20
12
10
17
12
19
17
14
19
20
11
20
16
19
17
11
11
13
18
14
18
11
15
11
13
16
12
18
11
18
13
11
19
15
13
18
19
16
16
10
20
15
18
15
14
19
19
18
11
11
19
11
11
13
17
13
16
10
13
12
14
15
10
19
17
18
12
17
18
12
18
16
11
12
15
14
11
20
11
16
20
20
11
13
15
10
20
12
17
10
18
19
16
11
17
20
17
20
15
15
10
14
15
11
15
13
16
13
16
12
17
20
17
17
20
13
19
13
11
12
14
12
10
13
16
10
14
18
16
15
11
11
15
17
17
17
14
20
17
11
18
16
15
12
18
15
13
17
18
16
17
20
20
20
19
19
12
19
16
18
18
18
10
12
10
18
18
14
13
13
20
12
13
19
16
14
16
11
15
11
14
20
10
20
17
14
13
17
14
18
15
14
13
14
11
20
16
18
14
12
16
17
14
14
10
10
13
16
14
17
19
10
20
17
17
11
17
14
17
18
10
12
17
19
10
18
12
11
20
18
20
14
17
11
10
11
17
10
14
15
14
14
20
15
12
19
20
13
14
13
12
12
14
16
16
17
11
13
14
12
15
12
16
14
15
10
12
13
13
11
12
17
18
12
16
19
20
10
16
17
19
16
15
17
14
16
12

3
2
3
4
3
3
2
2
3
3
2
2
4
3
3
2
3
3
2
2
3
2
2
3
3

0

1
