500
25

200	731
291	796
886	908
530	781
856	240
164	307
785	919
809	53
117	822
260	306
950	62
369	688
93	27
789	320
527	940
971	90
594	744
435	830
293	786
799	58
498	509
217	508
351	530
837	385
331	572

948	782
971	5
883	243
826	675
811	10
737	742
319	766
844	258
282	71
136	883
457	753
777	91
129	84
7	119
712	78
307	790
912	744
942	88
22	918
141	92
473	800
756	10
666	90
783	972
213	7
827	936
756	721
777	251
798	173
289	896
80	146
288	300
29	953
852	749
319	231
256	39
722	759
286	892
242	102
312	79
140	285
322	894
652	719
75	873
916	794
775	129
242	94
857	144
844	934
889	136
674	52
885	860
865	716
892	768
841	29
500	827
158	48
6	258
454	895
825	238
928	837
0	17
683	709
302	171
566	826
48	86
789	981
855	141
847	219
818	972
679	52
733	974
329	309
615	673
857	111
313	190
545	674
887	314
790	265
205	901
850	722
975	732
919	741
387	834
281	122
868	203
162	110
976	142
244	803
289	296
684	328
103	217
688	300
793	284
58	199
827	205
765	702
910	843
900	793
901	932
333	725
999	698
251	234
947	819
333	208
802	87
766	883
715	6
727	27
881	214
647	972
886	802
863	813
640	880
813	951
246	302
872	302
245	781
965	148
218	711
208	889
771	784
687	738
58	186
105	119
17	915
14	940
29	201
172	936
748	288
844	91
216	302
726	155
692	114
102	829
240	712
840	280
288	166
163	25
132	759
897	763
255	280
497	974
231	933
127	291
863	200
195	866
911	303
439	816
204	12
839	901
417	963
952	982
301	803
745	982
593	877
172	36
897	17
889	23
480	750
535	997
205	700
207	213
14	151
837	877
972	768
42	785
502	806
967	68
916	876
209	726
170	280
39	972
77	775
689	74
385	692
818	90
83	960
735	766
836	943
108	981
203	207
161	692
498	781
175	9
988	47
968	172
905	194
206	330
91	286
368	702
268	332
390	750
196	197
930	861
8	6
699	782
322	224
324	211
83	800
771	719
709	188
209	136
295	959
774	287
370	912
848	231
868	242
443	787
488	692
514	790
762	862
565	961
915	750
328	666
874	889
333	873
11	872
273	792
132	130
749	191
317	68
183	280
799	815
93	212
676	789
948	264
429	796
110	979
118	731
278	813
680	1
54	218
391	760
132	756
521	761
986	175
312	278
104	325
304	119
815	680
248	862
3	679
551	783
990	982
835	949
53	103
765	771
501	941
666	927
537	671
454	674
827	121
215	66
437	896
973	284
275	861
830	272
437	724
284	267
58	730
479	700
298	853
757	25
840	179
712	865
699	331
237	746
970	106
136	316
194	979
673	684
136	26
236	737
836	690
139	978
894	45
626	701
236	194
111	872
784	134
516	999
790	326
217	271
888	853
553	961
901	903
601	856
152	852
190	837
85	223
896	745
532	864
272	48
776	15
756	822
670	224
799	249
607	707
202	211
861	996
294	771
327	56
970	972
41	938
797	985
59	95
478	678
710	268
461	683
1	57
439	673
222	71
610	961
469	935
130	781
74	282
683	5
27	164
666	780
178	670
133	709
595	765
173	143
456	777
219	88
619	866
650	816
309	97
886	168
91	101
151	166
374	887
184	196
472	725
957	303
5	68
374	989
169	172
411	666
299	997
991	137
767	178
870	65
636	671
427	837
871	872
71	874
331	896
249	893
131	244
584	827
673	114
890	147
855	851
936	16
125	261
37	774
906	678
796	285
320	718
846	18
452	984
177	156
864	827
980	304
255	87
754	274
804	683
542	684
806	127
837	314
833	114
86	38
216	731
989	288
646	958
810	35
819	166
516	925
828	88
517	753
291	49
312	985
356	868
752	128
254	56
231	277
722	283
158	319
915	43
160	186
698	994
484	985
4	708
56	887
274	995
599	688
952	299
154	911
418	203
918	392
399	403
51	443
608	543
252	465
517	442
404	476
101	443
639	567
345	173
459	506
977	381
476	577
614	407
840	384
710	397
703	627
965	558
659	20
471	141
355	205
522	580
731	611
152	417
326	341
394	381
233	455
619	388
538	252
754	440
459	113
361	380
260	605
183	580
472	277
803	581
352	551
403	384
870	474
475	655
847	395
935	372
779	612
92	460
381	351
391	62
130	531
919	526
269	505
207	554
72	597
717	465
387	366
181	381
54	376
997	407
226	544
983	613
471	479
29	475
364	510
877	364
353	42
430	476
416	287
369	21
559	658
535	350
468	391
709	615
459	281
499	430
95	605
561	375
350	196
502	491
425	361
676	617
433	30
839	588
545	505
349	656
394	517
437	449
35	635
169	397
136	397
171	655
219	642
919	462
388	379
558	593
376	126
291	420
964	665
234	591
457	636
967	585
967	495

70

600
600
600
600
600
600
600
600
600
600
600
600
600
600
600
600
600
600
600
600
600
600
600
600
600

11
13
19
15
20
19
14
19
11
19
15
11
12
18
12
12
20
17
12
12
10
15
10
17
10
12
20
10
18
11
19
17
17
11
15
20
16
15
19
13
12
16
20
10
17
19
14
14
20
15
10
16
16
10
19
11
20
16
12
17
18
16
11
13
16
17
19
16
17
15
16
18
11
10
19
11
12
11
11
18
18
10
13
16
19
15
20
10
16
14
15
15
20
14
10
16
18
15
17
13
11
15
16
10
11
12
12
20
20
18
18
11
15
14
15
14
18
12
13
17
13
10
15
11
15
14
17
12
15
18
19
19
10
16
12
17
19
14
14
20
13
12
14
18
19
14
10
13
10
14
15
19
18
12
10
10
11
17
16
13
16
13
12
10
18
11
10
18
10
11
14
14
20
16
16
12
19
14
12
11
17
12
16
18
14
12
16
11
11
17
19
12
18
19
20
11
18
13
16
17
11
18
20
10
12
15
12
14
13
20
15
20
14
16
14
17
18
18
14
10
14
12
17
15
18
19
15
20
15
11
15
18
14
11
10
18
10
16
11
18
18
17
12
14
11
15
11
19
15
16
20
10
12
14
16
20
15
16
19
16
10
10
14
11
11
16
13
19
15
19
18
11
16
20
12
20
11
14
16
13
13
15
14
18
17
15
20
16
18
10
19
11
16
18
12
19
13
11
13
17
16
16
18
16
18
12
19
12
15
17
13
20
15
14
13
18
16
19
16
17
15
15
10
11
17
10
15
12
18
17
17
17
15
15
18
17
19
11
20
12
20
18
13
15
17
15
14
12
17
19
17
19
10
18
13
14
15
17
12
11
15
11
12
19
17
14
18
12
11
14
11
10
16
11
10
11
18
10
10
13
11
19
17
16
12
11
12
18
12
13
11
17
15
10
20
10
16
14
14
11
13
18
20
18
12
15
13
16
16
18
14
11
13
19
13
11
15
17
14
15
18
11
14
18
11
13
13
18
13
15
16
16
13
15
17
18
12
19
14
16
12
17
11
16
16
18
18
17
19
15
15
13
11
12
16
11
10
10
17
15
14
13
20
11
18
13
18
12
15
17
14
19
13
13
10
15
12
15
18
16
11
14
17
14
13
14
12
20
19
16
15
15
14
14
14
17
11
20
14
18

4
2
4
4
4
4
3
2
3
3
3
4
3
4
2
4
4
4
2
4
2
4
4
2
4

0

1
