5000
250

488	766
397	294
191	493
595	315
800	710
899	945
21	298
937	6
939	903
334	334
154	545
390	586
561	324
487	543
926	253
968	97
408	761
451	34
762	560
99	236
911	845
380	17
657	793
793	161
907	522
735	978
283	946
951	97
774	839
480	246
7	31
858	949
441	248
34	880
214	495
865	585
789	364
863	743
560	757
870	112
29	564
296	900
755	851
624	922
190	551
903	935
450	173
476	568
89	850
754	954
671	191
563	827
741	929
789	242
43	779
353	92
123	736
398	419
596	3
751	673
331	592
726	387
383	275
786	46
844	188
224	882
76	928
60	565
821	245
613	713
600	118
263	168
87	286
607	983
640	35
168	528
144	717
163	293
798	231
561	84
169	125
428	79
3	866
31	184
523	576
851	564
242	967
161	617
760	803
721	105
887	843
302	529
541	783
544	888
104	787
16	127
344	831
961	754
226	890
235	889
160	288
735	887
822	585
976	486
999	249
916	15
702	615
461	113
560	860
588	737
971	539
438	838
269	815
684	701
163	267
442	678
913	432
907	31
954	647
887	727
139	409
515	697
438	969
403	103
407	381
423	598
581	763
705	725
566	858
361	817
346	398
904	878
626	641
756	78
152	164
566	150
217	608
538	778
603	907
60	635
107	103
923	354
42	512
486	987
700	936
901	633
129	372
957	740
454	789
7	247
633	35
927	703
675	828
504	798
351	677
516	459
558	556
24	224
978	378
145	863
686	765
507	854
651	896
715	807
798	135
840	910
371	636
273	626
862	805
988	979
353	123
718	899
910	291
495	121
936	25
694	343
342	103
539	780
969	222
586	689
41	896
107	77
396	914
58	232
904	366
195	842
552	36
740	773
881	466
946	581
993	702
438	691
785	995
740	512
771	94
504	43
830	988
76	434
752	74
480	925
68	79
14	440
392	973
249	751
766	439
506	484
98	277
839	670
669	754
690	270
415	632
670	326
768	84
250	711
833	147
428	623
7	206
882	446
909	104
917	272
89	568
936	229
869	115
38	236
816	407
841	949
251	906
972	236
865	534
649	647
553	706
214	950
183	289
603	144
764	546
647	562
555	397
561	974
2	265
851	278
809	24
855	199
323	304
61	719
135	248
735	841
592	914
608	590
689	443
756	592

599	505
924	628
574	680
390	347
706	323
600	469
785	36
86	413
316	372
761	534
813	560
203	621
388	516
231	501
18	401
842	59
513	397
294	550
990	252
227	586
136	842
280	248
59	996
901	78
130	0
550	381
977	675
670	510
788	188
343	760
626	110
39	888
946	512
670	43
423	955
267	168
244	833
323	325
856	656
347	311
251	530
351	186
868	499
91	270
744	767
758	866
808	386
143	430
641	344
280	283
598	221
110	346
698	77
863	501
187	268
901	450
49	240
262	360
201	162
228	882
109	469
489	347
186	892
161	422
947	998
786	516
494	324
799	988
411	600
875	988
258	390
543	282
150	776
219	283
282	559
737	656
642	653
992	293
224	394
870	919
374	511
324	789
100	157
739	432
180	319
132	476
671	12
14	606
501	40
117	468
456	454
638	412
159	667
435	582
447	987
755	556
219	781
474	894
102	453
119	974
90	688
202	985
822	146
648	54
337	480
673	486
913	775
954	311
277	286
586	746
464	577
584	492
484	695
435	326
705	950
456	782
419	791
648	142
326	457
44	689
535	129
752	18
157	605
28	628
99	748
566	358
394	772
188	155
417	370
986	76
102	771
224	966
354	743
550	451
736	286
661	737
250	254
830	27
329	742
233	72
261	544
63	446
578	532
274	525
488	708
438	559
204	550
752	603
401	832
49	362
25	157
295	377
409	731
460	315
935	999
439	891
145	399
934	418
198	428
671	513
854	257
380	319
583	513
120	75
12	849
997	939
634	981
700	399
734	867
987	736
265	971
272	159
886	600
129	709
249	174
641	979
686	124
620	528
237	990
247	902
540	473
973	48
789	200
573	745
920	798
752	428
514	822
655	47
446	255
454	947
9	724
398	659
388	415
628	257
11	699
171	892
398	126
620	789
155	549
387	120
795	970
437	895
761	978
422	908
684	96
227	534
804	227
358	491
39	498
88	246
0	660
364	549
362	349
895	278
417	616
492	496
696	491
700	218
291	679
376	748
60	816
452	731
156	437
219	676
160	729
563	12
72	924
15	456
417	655
92	778
33	447
86	339
84	775
151	369
450	35
94	822
997	61
427	91
93	281
932	880
487	413
547	330
128	868
248	272
657	363
829	984
347	96
320	732
416	102
287	514
928	317
498	319
132	223
39	966
40	971
769	549
643	46
193	420
348	198
578	257
933	967
760	84
379	455
499	423
602	462
148	869
69	219
182	384
503	191
656	830
187	658
244	743
767	362
165	364
485	934
791	908
624	119
753	546
112	174
911	960
899	101
838	622
910	831
10	712
888	267
388	593
781	176
313	725
731	146
551	135
803	306
749	309
229	639
982	337
601	561
460	388
884	585
335	842
322	268
435	796
677	982
747	81
447	586
865	537
844	845
619	286
222	594
551	351
754	949
473	705
974	917
192	798
656	978
330	200
94	307
470	911
41	8
560	822
54	668
637	220
587	72
493	569
702	723
162	938
155	704
17	888
533	31
88	572
862	896
810	836
974	532
955	229
728	526
115	230
811	709
505	143
439	574
263	914
677	94
833	215
34	806
543	386
196	222
624	240
704	209
667	517
607	271
289	793
73	643
893	283
216	620
422	933
871	151
641	107
195	919
553	743
151	631
880	827
150	278
585	212
726	742
714	779
555	741
934	494
927	188
782	962
289	417
762	861
886	961
916	872
690	358
237	947
523	547
16	339
566	722
528	225
739	440
317	258
947	328
235	756
558	171
830	33
102	603
932	945
209	952
698	52
610	942
256	478
77	246
161	823
263	814
387	79
797	162
205	509
553	347
429	855
336	727
480	689
623	854
194	305
134	483
245	585
712	112
428	443
195	474
588	246
785	545
42	836
87	269
359	599
721	983
261	113
56	376
757	969
23	962
514	187
522	22
253	271
746	983
483	27
235	837
950	645
633	945
671	537
612	800
513	870
322	100
217	397
87	329
158	359
350	548
63	183
655	404
284	140
104	924
133	456
514	468
903	127
918	256
993	244
526	155
955	716
173	433
642	621
873	497
929	826
583	646
706	940
48	318
892	374
287	222
307	408
34	382
528	282
710	482
268	154
936	483
133	449
424	54
936	578
7	857
701	506
861	822
266	218
662	124
969	150
162	589
211	421
939	521
716	524
148	220
237	764
888	187
977	541
69	130
132	225
953	75
160	805
39	997
882	373
956	221
454	531
472	601
419	830
620	68
399	824
800	199
414	172
104	60
312	604
720	972
268	848
943	794
863	558
342	417
150	401
374	734
221	340
844	243
902	246
39	841
415	57
222	336
75	95
517	461
644	762
201	897
954	561
273	148
151	65
668	165
613	533
119	672
4	332
308	110
214	865
944	765
561	38
935	324
48	435
332	465
587	442
902	452
65	408
429	210
270	808
30	509
556	507
499	366
938	439
629	465
410	219
975	543
120	592
280	978
703	510
305	667
30	896
570	42
903	86
896	563
455	47
527	46
966	490
579	199
570	155
465	418
815	182
247	317
222	631
377	763
836	585
286	494
800	854
702	574
332	906
144	856
908	935
886	403
554	225
620	272
632	952
954	447
229	775
471	814
974	505
123	542
797	692
149	533
397	462
124	933
774	338
986	849
10	841
764	223
986	274
70	401
593	815
909	258
877	316
687	810
504	718
249	951
179	353
727	935
765	157
295	775
372	789
272	616
651	248
58	981
365	317
125	394
237	278
0	666
673	558
486	31
227	217
504	950
134	189
791	696
847	809
130	421
129	630
981	307
919	468
138	694
905	981
423	996
144	151
712	557
460	192
568	449
50	194
157	676
687	347
901	777
294	219
831	999
397	648
997	423
962	840
166	101
926	65
312	157
349	457
39	251
590	553
986	293
637	17
802	234
93	663
916	307
777	403
377	164
473	401
178	928
603	995
455	383
659	504
737	1
297	836
110	460
856	482
405	676
762	556
427	190
622	788
577	782
271	205
580	682
960	360
682	440
186	510
612	469
306	677
151	57
545	922
877	602
459	744
205	158
636	304
465	331
801	699
379	897
971	289
453	696
447	476
960	249
594	226
97	783
540	853
254	678
157	942
952	891
800	467
957	435
279	743
455	666
467	906
329	784
580	501
641	434
585	732
391	230
968	474
869	193
417	857
117	608
752	118
427	98
831	623
84	48
266	479
108	455
891	360
982	474
740	659
171	704
907	675
970	183
696	967
814	647
163	753
987	946
956	215
978	458
859	763
788	403
388	711
161	434
121	175
930	312
731	8
143	692
910	334
572	471
587	321
593	0
631	102
87	471
818	599
208	97
203	797
902	629
342	455
131	89
831	204
155	599
602	832
739	938
760	748
387	730
930	217
42	498
860	952
152	231
590	867
756	198
383	320
465	283
720	980
266	554
264	598
804	884
713	597
972	404
113	941
215	243
198	163
13	853
773	388
952	555
387	686
630	776
271	804
969	586
152	946
660	973
736	892
205	702
58	766
601	562
606	435
770	973
404	243
358	361
648	995
436	413
784	71
848	583
449	148
616	504
128	24
94	347
907	927
361	370
627	187
89	243
681	534
484	309
968	273
803	129
184	707
963	928
476	11
496	656
898	603
13	227
215	586
458	216
291	650
428	171
128	828
273	533
373	309
857	910
50	967
409	138
231	835
490	656
943	133
906	701
888	732
560	812
335	935
994	795
865	355
130	812
70	564
779	435
745	200
481	758
884	798
757	37
739	665
464	427
768	41
246	402
226	845
336	609
731	576
35	965
318	936
210	266
178	487
896	883
765	310
698	161
266	406
344	525
746	949
935	612
959	546
581	274
823	283
582	949
770	782
156	586
317	213
402	333
32	952
642	987
136	416
907	471
36	567
937	420
82	532
637	633
668	771
615	430
391	657
405	818
469	96
940	689
809	12
963	847
650	381
546	649
748	853
999	425
862	916
666	806
231	985
858	347
218	880
90	155
511	929
839	699
201	153
490	814
639	941
728	75
860	670
490	955
886	61
642	659
928	856
757	567
141	26
633	952
460	100
67	172
746	651
589	569
710	193
700	216
891	972
202	288
113	709
984	150
394	632
70	537
113	332
930	822
239	783
724	601
885	377
744	584
765	945
353	618
308	318
994	800
652	908
774	461
825	828
470	525
779	315
37	285
989	961
123	546
776	596
242	561
131	180
59	676
125	896
307	757
314	144
550	69
533	918
221	988
232	999
932	406
157	685
77	387
690	672
92	356
187	50
447	319
216	995
365	539
167	715
727	809
412	486
423	479
102	652
251	404
350	157
921	519
10	591
427	639
659	186
964	688
824	350
360	352
620	554
670	789
578	957
645	45
659	113
468	124
37	53
38	889
240	333
855	715
645	258
479	935
992	320
853	975
748	892
85	884
62	851
65	418
879	677
654	513
83	2
984	202
756	449
461	548
535	841
350	954
799	650
798	798
982	841
831	693
744	619
15	948
532	340
34	254
635	186
569	957
811	162
958	101
306	639
829	417
138	94
387	492
377	66
432	747
402	552
541	641
744	781
378	296
17	834
357	326
139	868
172	749
200	330
959	167
925	419
640	3
718	980
706	778
693	799
515	385
987	357
618	417
778	86
806	567
317	773
219	762
775	552
194	519
853	813
859	807
47	125
853	101
975	600
743	479
123	727
810	873
456	10
951	7
80	176
280	700
200	546
835	947
85	999
551	907
470	52
348	177
493	146
218	145
392	985
568	520
722	77
18	813
469	365
713	683
238	922
372	989
953	643
897	362
281	15
441	236
200	41
961	142
725	437
461	553
371	770
258	933
730	65
190	537
854	271
782	367
597	710
997	346
741	663
378	425
368	840
919	548
76	767
827	149
258	699
730	716
603	796
822	959
285	284
251	732
170	645
669	723
954	617
148	582
891	53
851	947
903	13
443	15
382	222
534	963
455	828
18	884
81	596
350	56
196	73
200	610
899	788
403	998
772	820
619	449
133	782
651	66
531	83
31	971
900	587
414	688
657	279
135	135
993	316
774	247
187	33
330	63
332	871
758	356
131	329
702	647
476	520
194	180
232	661
284	414
631	542
571	696
250	59
551	957
727	472
440	218
74	917
810	556
638	739
841	995
612	320
337	537
468	729
508	863
771	791
198	235
3	84
633	817
518	36
284	300
104	964
416	969
857	119
877	361
310	93
201	127
576	883
12	847
861	509
555	697
675	670
26	289
5	204
942	889
23	824
624	269
953	344
601	716
963	978
286	411
580	854
514	450
295	398
453	251
319	885
921	115
736	898
641	537
714	429
731	589
389	630
339	352
212	419
359	944
544	647
342	944
763	894
310	989
935	45
157	818
297	807
598	707
0	644
239	10
765	263
613	405
778	143
384	448
237	237
214	347
789	644
683	154
362	648
363	626
115	405
641	765
692	70
259	908
646	722
353	176
357	14
582	324
510	848
476	503
994	828
524	477
405	835
441	92
333	475
60	556
358	251
50	754
10	729
148	761
251	159
170	14
148	503
566	285
194	907
234	135
746	472
286	171
930	308
703	850
982	963
382	456
668	632
745	165
938	617
649	161
0	766
945	999
451	619
962	411
65	412
367	956
534	656
141	258
995	563
941	913
580	796
792	85
401	254
242	239
640	118
496	842
142	60
236	203
199	149
751	422
229	205
778	781
461	100
956	817
266	669
781	717
749	768
896	774
481	110
682	314
454	563
516	731
554	475
790	247
160	395
373	19
346	901
220	460
547	823
677	992
544	445
193	445
869	980
472	496
158	34
520	379
801	997
635	332
939	829
412	627
182	255
54	119
662	515
376	196
735	168
644	943
325	602
120	404
89	914
5	280
770	910
53	840
574	739
889	801
697	145
375	948
307	840
969	888
556	673
972	554
976	104
253	664
889	884
232	402
553	123
898	748
554	68
774	206
761	862
296	607
488	764
145	359
410	474
377	77
514	97
61	74
416	775
449	157
63	550
308	545
560	391
295	960
324	440
27	494
180	493
438	411
252	177
765	368
973	180
180	752
155	570
157	899
96	640
814	259
40	324
394	355
897	878
971	854
404	201
426	52
159	832
541	253
670	344
377	458
814	787
808	612
390	498
820	554
941	801
249	835
484	238
16	970
283	702
454	70
892	577
198	340
313	224
649	970
998	992
337	980
342	770
650	523
384	4
314	506
924	451
456	557
559	942
997	76
571	508
91	825
843	157
100	583
970	196
793	51
466	425
717	824
57	662
682	206
465	128
688	57
271	656
492	885
174	45
312	366
761	681
421	257
691	788
162	75
421	666
805	303
976	573
682	627
242	905
963	89
575	576
932	282
362	631
505	794
438	480
519	258
122	653
465	197
23	463
677	719
879	719
567	808
1	409
309	507
949	820
538	283
616	784
70	165
652	628
192	193
78	701
66	905
444	811
884	358
713	865
537	76
692	340
546	820
799	29
273	933
497	407
606	586
915	595
882	985
697	832
810	178
505	43
610	192
575	181
11	922
618	734
0	692
819	784
329	362
986	423
3	907
50	311
74	27
283	206
844	890
381	919
482	692
123	490
595	824
128	812
175	362
377	775
855	299
684	148
646	621
709	215
937	198
511	174
152	632
105	490
610	398
494	444
496	833
657	828
653	717
657	455
256	241
527	655
457	539
569	283
624	793
283	235
325	683
940	144
252	648
762	565
162	246
713	242
116	561
680	626
491	989
681	851
350	283
590	762
438	736
492	386
859	32
82	867
612	393
358	639
997	122
729	36
732	457
952	845
378	280
506	481
419	103
931	113
798	305
464	911
139	938
247	665
150	196
547	232
280	851
113	912
294	945
667	409
56	304
198	133
544	9
597	72
32	325
724	268
976	240
688	535
403	499
147	832
288	896
198	705
346	400
105	889
900	961
311	976
904	164
141	1
638	307
776	727
226	465
6	930
752	437
991	426
205	868
938	535
354	552
899	606
850	735
71	20
194	112
40	514
565	65
100	657
503	570
950	958
3	311
161	160
273	850
515	515
549	461
981	335
84	78
107	261
310	4
809	674
267	3
486	277
400	317
241	501
521	572
478	994
305	806
251	372
818	368
764	959
529	590
388	472
897	619
256	212
934	373
171	316
782	802
147	61
196	102
973	454
562	290
522	481
56	862
39	805
336	992
789	568
88	420
635	668
22	246
238	142
39	713
480	973
427	784
634	19
753	994
90	550
984	235
135	880
113	49
4	735
701	917
384	93
379	727
16	785
111	929
452	297
213	894
983	587
471	42
662	612
266	109
560	258
929	635
939	78
660	904
269	891
147	669
518	343
12	724
320	88
192	762
98	557
701	86
431	867
27	259
933	917
187	917
784	364
186	261
284	47
196	504
464	692
624	607
227	788
370	401
433	411
764	862
262	401
966	274
666	110
422	255
322	478
71	538
500	280
339	366
32	497
349	33
635	32
387	115
294	128
433	571
800	809
590	870
649	560
353	135
354	168
112	452
526	424
419	330
844	208
31	751
412	405
653	506
490	541
372	350
81	621
447	240
889	567
412	348
933	305
466	806
205	651
455	682
858	408
900	365
187	51
564	539
381	756
839	793
345	370
298	588
910	766
218	705
262	450
74	559
899	422
844	824
287	901
268	712
804	940
825	856
638	458
556	838
64	993
869	532
511	13
332	886
497	946
656	307
113	727
482	727
433	205
469	700
392	118
261	588
717	458
571	494
668	615
169	222
151	913
539	347
385	678
594	229
850	121
835	479
78	284
258	356
161	954
370	785
813	354
833	792
137	693
573	34
445	714
517	133
260	488
975	793
450	170
782	779
92	273
15	132
454	486
116	598
708	452
114	902
314	573
467	65
289	858
33	873
708	384
191	695
426	984
694	984
872	416
790	487
681	600
680	432
823	131
310	902
676	616
147	71
177	747
84	381
453	929
661	571
201	529
399	844
459	330
99	699
495	892
180	311
651	263
143	661
523	677
891	131
969	301
934	573
304	683
363	734
296	741
906	61
487	807
462	763
452	570
598	27
3	709
901	12
127	704
974	983
660	781
750	658
725	642
215	901
625	764
682	319
61	953
815	323
178	774
839	419
975	825
72	779
636	840
419	571
58	495
705	693
833	136
597	412
910	577
958	668
744	765
374	584
595	686
307	806
815	376
159	349
270	957
464	634
266	924
536	96
388	288
668	733
736	332
622	47
283	535
238	531
261	825
107	399
33	293
51	586
616	105
793	962
522	491
770	257
998	251
283	203
159	956
400	564
433	253
470	946
527	423
292	594
786	269
294	165
95	277
178	699
302	104
837	717
979	50
7	961
666	350
701	850
758	772
376	786
262	847
614	888
364	997
930	927
121	226
258	130
549	533
228	651
437	365
431	291
163	289
288	903
485	55
698	373
404	437
850	47
961	741
272	400
729	27
41	463
182	218
19	890
404	899
725	367
633	443
430	191
873	369
723	337
990	755
153	10
149	251
274	831
323	903
718	420
542	106
124	943
447	532
350	90
284	774
922	415
235	816
331	988
541	0
792	733
387	327
209	360
637	451
157	72
158	56
842	772
785	743
845	341
716	345
113	102
955	514
767	833
201	385
543	382
399	866
244	588
187	958
343	247
734	321
257	805
167	586
2	492
697	924
140	337
381	433
686	62
76	452
471	444
462	398
427	41
532	23
737	332
499	794
321	174
858	977
264	37
476	307
94	284
385	352
340	11
512	441
384	367
821	230
278	963
15	831
203	379
770	206
223	281
555	681
519	677
954	18
308	429
620	616
819	126
266	316
291	188
617	452
904	370
318	850
676	551
301	640
554	57
618	159
934	459
647	618
246	664
985	333
714	712
841	12
557	482
246	775
79	99
663	487
778	929
87	84
529	835
471	0
360	255
159	675
395	32
321	304
58	721
633	513
843	756
282	310
266	521
816	876
279	162
410	572
92	184
786	747
524	507
146	689
747	274
82	97
570	468
418	591
658	142
646	693
807	787
535	128
627	988
452	528
19	631
995	187
206	122
506	268
12	751
939	979
856	115
677	641
415	576
813	662
54	114
988	116
443	442
809	121
487	23
360	807
421	324
931	588
963	17
735	522
600	275
312	480
299	205
678	641
929	810
466	936
424	45
725	485
993	684
382	224
147	452
126	368
953	768
879	352
55	926
249	176
717	226
744	585
860	638
783	461
321	917
140	696
206	40
400	77
4	282
345	934
307	796
152	484
763	930
206	608
151	228
111	785
194	906
722	61
646	412
681	208
869	343
344	497
356	853
712	201
470	771
296	654
257	107
825	794
478	882
626	896
322	534
930	489
814	312
699	864
498	313
392	4
59	537
860	803
971	242
214	773
998	283
459	998
839	686
277	558
234	217
701	228
110	38
720	623
10	660
191	479
206	919
573	372
619	350
653	603
904	520
594	361
224	951
24	236
183	232
175	540
210	795
487	548
501	947
322	279
66	195
526	596
502	4
771	721
949	860
970	121
42	197
675	112
453	701
211	612
87	316
888	276
313	647
253	697
822	560
65	960
809	896
410	187
905	407
172	149
896	80
937	4
214	900
678	827
484	160
702	999
488	477
612	468
723	172
203	977
562	741
215	848
102	911
241	689
974	667
79	11
398	190
207	740
996	188
524	185
28	523
961	815
804	362
75	355
259	964
19	971
531	319
297	285
726	851
335	370
9	762
649	897
506	568
377	579
340	861
940	641
174	464
556	797
611	778
498	36
964	820
709	753
643	16
553	10
901	573
963	654
653	922
622	549
884	543
220	865
761	83
284	842
206	372
624	384
583	408
585	441
700	707
791	280
204	463
957	344
525	951
593	283
445	492
690	962
569	770
483	550
49	552
890	747
51	751
886	554
683	319
473	286
442	146
299	131
140	114
713	435
179	958
725	700
668	687
256	581
853	242
18	652
63	889
531	930
557	829
441	67
594	409
333	99
379	993
694	789
527	902
309	92
174	454
501	50
504	512
527	985
416	816
457	555
796	724
920	17
664	842
373	51
696	828
833	177
195	538
846	40
47	451
844	492
523	330
261	520
850	555
725	656
903	670
759	615
196	43
588	901
901	811
78	471
469	460
986	924
877	153
331	364
313	809
770	953
165	793
259	892
654	984
217	821
666	718
350	135
75	496
664	227
43	826
106	732
185	474
204	24
574	315
670	258
495	182
728	457
743	842
922	429
157	364
746	192
140	877
101	3
937	443
237	883
181	240
602	191
733	974
86	214
116	128
684	653
856	453
520	509
225	512
507	170
616	533
585	398
211	711
648	946
478	413
835	395
230	939
650	46
231	131
244	544
95	184
371	944
167	841
160	626
445	422
21	29
566	884
363	867
947	559
945	31
191	585
130	698
640	961
310	613
813	534
414	846
610	563
52	664
11	908
628	159
194	307
837	607
813	14
601	380
863	734
887	505
396	163
327	118
360	398
320	134
688	819
865	107
628	272
300	538
523	195
856	462
880	710
373	3
245	621
317	412
872	536
174	184
436	495
767	686
227	977
993	323
334	262
483	129
630	727
638	880
479	40
522	372
888	138
176	61
932	847
102	90
848	418
894	332
77	997
538	329
990	538
833	543
887	204
332	860
109	497
429	926
957	658
444	449
492	335
307	186
408	861
594	9
571	362
866	623
672	149
952	974
449	547
52	369
982	964
785	376
659	701
423	269
102	909
839	521
829	107
914	357
536	138
373	995
320	289
549	832
819	888
409	923
957	938
582	929
227	756
649	830
850	188
0	685
899	301
697	574
444	777
315	578
938	327
132	732
562	360
808	669
228	658
580	775
229	751
129	942
117	378
742	412
911	811
706	273
806	395
71	367
431	104
576	417
895	279
470	768
863	56
225	140
989	76
695	808
577	893
887	388
535	890
135	797
722	789
863	836
787	642
248	768
487	405
917	500
398	600
247	450
905	866
183	943
931	69
448	814
208	946
519	802
306	357
139	543
251	801
506	588
583	336
72	592
406	696
596	446
316	912
723	213
897	328
903	918
22	464
666	830
702	931
389	804
20	953
496	675
468	529
862	639
279	781
256	232
575	397
734	474
581	114
778	606
26	277
352	305
761	587
248	42
678	561
833	599
40	43
37	349
344	588
906	943
742	753
623	962
813	885
949	698
671	465
67	588
636	849
708	444
100	98
785	182
288	440
2	933
636	302
888	782
800	651
767	854
219	54
129	714
210	432
286	891
423	487
227	77
232	887
583	524
358	104
889	896
947	424
431	565
241	748
471	211
765	242
79	776
390	953
799	65
329	623
472	346
650	120
566	143
546	907
163	112
126	904
843	830
505	179
317	921
794	318
62	633
256	983
767	932
692	750
577	96
354	675
819	186
52	437
27	469
559	853
17	391
366	469
42	866
935	694
624	899
655	697
630	680
831	478
403	208
733	9
193	185
329	14
247	135
515	915
536	595
134	227
479	314
644	412
91	721
638	548
505	887
536	833
251	457
648	448
464	194
734	777
934	559
439	647
803	675
906	920
172	640
864	548
34	744
113	167
644	731
945	395
370	750
11	811
991	673
176	651
82	843
912	515
215	284
304	553
25	339
736	878
396	2
66	536
512	436
956	668
816	919
670	834
250	293
656	259
672	324
494	326
980	805
82	260
467	258
149	452
708	429
777	25
7	986
794	948
776	142
568	553
937	944
802	126
961	272
477	638
875	252
166	918
672	595
73	657
786	472
367	117
764	125
334	103
322	830
151	586
412	183
685	90
743	316
262	198
315	960
595	135
961	661
853	131
187	508
86	446
683	546
604	822
195	86
722	439
378	799
620	263
708	896
265	81
470	587
898	604
674	887
851	619
107	815
201	207
55	888
123	516
482	192
300	723
7	751
407	559
997	201
484	40
340	898
996	51
954	973
597	873
198	131
888	453
881	736
271	893
705	217
292	154
525	629
353	5
159	17
821	895
13	324
315	117
798	847
141	14
144	363
232	943
516	943
15	554
24	485
148	273
311	832
45	510
606	38
387	80
264	205
719	183
492	451
783	325
181	757
304	514
629	91
283	557
216	769
884	454
680	307
377	733
279	414
275	206
127	679
653	100
597	935
585	552
627	280
586	190
17	795
628	61
354	517
977	856
164	762
731	199
170	17
363	24
311	702
77	311
124	69
799	842
904	28
402	504
599	598
223	448
335	545
604	743
718	223
441	665
802	957
80	332
973	397
814	829
317	388
792	36
817	426
75	832
234	221
350	267
933	77
345	711
250	517
543	948
355	220
728	729
574	469
321	581
23	925
520	972
456	742
782	69
88	914
252	665
908	542
229	13
669	961
462	653
212	666
492	783
606	783
407	838
649	183
583	557
834	747
166	454
946	460
958	585
685	827
880	120
67	133
310	746
111	245
419	731
667	821
315	624
425	666
283	383
162	787
593	594
295	263
193	776
609	629
210	628
546	297
726	864
695	686
793	944
738	126
111	372
150	630
695	566
55	479
626	327
969	562
431	728
560	197
150	608
650	548
450	731
602	488
899	731
113	978
605	11
157	858
963	175
111	79
671	930
423	665
760	497
661	521
731	672
906	586
559	443
710	6
965	969
203	558
240	690
263	583
838	690
558	554
505	22
453	330
2	77
991	878
0	66
461	211
745	805
504	538
841	228
872	718
179	542
739	88
590	307
615	781
997	123
308	583
732	604
651	464
830	958
313	520
139	646
250	428
775	487
58	486
113	904
391	993
378	220
488	656
395	793
901	304
106	621
886	11
468	388
802	803
628	45
975	896
758	236
17	837
883	355
516	743
197	649
403	59
822	839
400	209
672	434
380	13
641	154
231	512
384	422
880	709
365	950
412	886
23	188
240	411
140	64
904	642
600	990
915	92
116	674
958	664
943	360
329	201
575	256
836	32
418	889
903	452
812	603
557	817
905	811
710	339
68	300
49	938
404	320
797	274
813	76
741	539
301	779
391	97
142	266
506	106
817	501
788	969
839	823
763	622
78	754
994	781
531	853
655	140
351	792
36	883
963	351
128	983
242	528
185	243
798	761
236	688
387	256
84	604
318	787
626	370
354	30
238	872
941	970
423	336
185	703
37	337
663	746
412	800
541	714
610	616
667	269
421	640
454	764
666	99
477	873
537	108
563	552
91	282
640	49
590	805
866	960
434	542
362	696
195	431
578	110
518	618
890	655
295	360
203	323
332	892
383	693
172	210
431	76
370	766
262	784
148	291
517	443
554	515
932	701
328	401
228	688
300	326
810	960
439	77
719	736
514	307
41	206
952	877
611	193
219	948
454	389
20	48
635	774
66	714
841	906
329	422
556	436
538	260
218	102
864	243
617	439
599	445
473	423
748	91
921	287
913	819
683	248
82	872
100	942
94	750
971	128
80	148
952	115
219	639
357	432
146	617
907	146
791	662
564	889
381	37
439	442
729	745
126	834
845	951
165	842
517	588
778	283
181	737
397	216
103	265
976	918
616	410
208	991
77	163
389	291
761	33
557	772
579	252
969	495
188	286
357	990
161	691
737	716
730	917
418	221
996	302
196	848
76	69
491	799
679	250
44	558
259	914
875	631
796	809
452	143
373	467
433	77
127	307
424	740
967	515
117	196
233	444
7	185
572	652
797	824
228	538
601	559
530	990
499	714
765	29
112	469
265	63
345	243
35	136
994	497
261	548
664	740
287	293
76	885
693	159
570	462
739	380
766	848
965	521
828	943
141	142
360	526
292	7
204	398
967	600
663	626
969	519
148	959
719	133
758	491
879	360
323	941
813	542
602	221
165	286
146	154
24	886
858	479
191	162
997	523
336	349
777	960
37	55
764	401
777	715
277	16
355	991
32	862
790	818
882	803
39	918
364	278
293	827
428	718
30	185
25	377
708	696
133	617
660	596
508	282
231	367
460	641
291	187
225	888
80	453
361	137
8	688
475	493
125	903
348	710
356	145
370	432
261	195
911	338
856	397
987	127
326	84
295	804
420	740
847	286
559	983
577	931
782	468
866	863
15	332
524	200
976	639
939	775
511	913
617	364
617	659
359	532
6	622
875	246
495	822
656	881
900	68
477	699
132	283
187	312
541	469
104	237
945	343
678	222
872	81
295	537
593	37
505	381
353	559
256	727
393	513
649	702
222	935
848	108
796	385
701	15
369	86
712	417
876	482
678	477
139	150
372	21
249	559
37	37
801	824
375	126
33	40
979	209
302	610
242	493
116	755
551	722
20	53
595	644
917	540
244	829
829	998
148	575
832	88
839	640
279	508
904	450
673	936
578	530
994	543
930	299
35	442
326	321
926	830
962	239
593	273
961	316
436	335
512	47
528	523
396	689
126	134
961	591
399	831
947	904
873	264
786	476
987	684
571	87
744	51
11	907
235	681
449	534
669	135
182	729
172	460
736	688
178	617
122	665
52	469
548	408
271	325
725	664
266	184
923	590
0	245
630	686
33	820
354	400
761	142
619	927
667	615
327	406
250	634
470	797
519	405
447	399
912	6
901	329
404	976
832	851
801	322
207	234
21	904
114	201
824	462
796	438
679	480
453	964
973	760
52	541
577	868
730	858
402	1
754	903
218	129
808	845
507	64
46	610
856	447
182	964
445	657
501	810
213	339
830	571
524	614
569	913
913	853
508	105
789	46
724	387
980	195
14	651
854	44
451	289
423	877
824	998
45	358
760	53
457	181
822	483
321	241
247	293
41	851
990	196
977	843
468	993
307	530
283	733
842	306
800	654
209	648
734	420
826	736
851	383
305	970
30	998
374	801
881	537
843	34
171	452
11	542
932	729
836	516
216	215
252	76
716	389
962	58
265	806
569	45
16	104
719	995
278	194
506	800
347	961
652	385
150	48
974	569
582	191
460	135
343	625
669	718
777	436
776	424
167	58
115	67
516	297
615	691
828	773
547	310
331	936
245	67
202	1
706	205
629	576
680	857
692	4
568	582
213	737
563	813
976	960
408	882
379	470
956	946
192	679
691	721
562	97
225	937
508	928
403	953
778	20
437	253
122	865
337	442
30	239
796	746
306	737
945	808
258	789
342	446
19	213
858	728
689	960
140	309
614	98
1	169
733	310
595	174
284	685
31	804
250	952
730	80
97	489
351	258
657	87
58	173
305	209
312	949
15	567
706	553
45	954
493	47
171	629
472	198
675	384
925	350
151	427
996	668
829	561
399	929
954	683
282	40
158	557
383	466
750	888
41	338
98	935
44	236
119	518
898	925
632	798
894	343
344	601
60	488
654	174
762	148
594	263
612	398
696	534
716	304
906	647
882	496
501	479
23	595
235	331
783	911
978	807
567	373
533	852
454	521
495	724
299	474
112	942
779	269
581	742
708	731
337	997
207	609
917	132
154	875
950	698
780	3
681	327
645	530
464	244
802	662
149	394
254	212
464	49
660	176
526	305
113	768
465	317
154	877
665	974
633	794
39	268
619	803
751	44
247	496
679	330
655	678
38	849
352	485
413	857
985	945
818	373
967	838
250	911
498	735
274	836
517	817
545	558
270	163
972	45
742	990
154	700
702	660
284	325
855	457
83	821
110	92
515	194
755	279
196	725
670	688
689	910
933	165
982	861
395	433
569	785
275	683
727	274
348	770
625	596
819	374
956	785
2	299
711	292
951	509
765	455
609	839
376	296
321	997
841	809
579	571
526	778
350	180
281	769
235	46
765	391
242	8
324	605
708	738
84	115
994	919
767	127
930	223
398	755
647	674
62	509
548	735
418	832
618	741
23	412
288	299
795	81
804	589
486	64
206	94
709	146
168	178
844	593
363	52
489	89
366	451
391	429
107	143
361	607
839	594
504	484
732	955
783	559
216	204
630	759
226	513
616	988
240	665
532	854
358	409
755	792
69	53
829	2
641	698
731	533
167	512
115	732
313	745
955	843
130	152
69	354
175	45
10	353
279	812
256	659
692	283
738	497
554	25
61	356
270	536
775	174
715	252
328	722
440	242
838	755
790	812
350	690
364	69
408	163
474	718
738	167
772	835
978	904
584	908
21	917
574	398
421	575
272	410
309	918
11	517
915	517
552	884
413	362
251	368
293	860
494	684
981	502
154	665
268	399
91	868
616	672
91	174
109	525
16	882
275	914
501	445
686	730
795	863
885	524
528	338
394	711
353	141
608	303
751	739
800	724
26	546
56	741
37	578
935	710
234	638
531	383
401	309
623	815
742	627
72	864
62	492
308	933
99	501
252	407
907	102
292	750
386	10
962	520
674	324
211	307
739	537
134	883
280	165
83	672
825	864
980	843
156	568
258	442
627	983
236	411
123	751
331	997
685	317
635	467
679	139
840	895
83	745
649	423
998	556
957	159
962	960
822	266
107	973
288	674
930	669
940	439
718	737
142	246
462	625
221	138
263	218
675	12
956	407
208	960
606	928
746	268
186	660
473	824
239	35
511	484
189	13
621	213
663	385
855	671
218	524
561	534
356	387
696	155
519	104
53	275
372	715
550	263
109	118
717	241
643	711
477	548
192	564
715	418
69	748
857	177
143	7
392	153
382	10
146	26
968	92
915	487
719	19
237	906
369	792
565	94
879	338
312	215
442	306
520	971
924	475
851	362
608	354
149	241
843	785
391	421
277	985
587	705
203	543
120	709
124	454
10	703
83	972
832	623
389	275
37	743
912	992
617	807
754	257
564	521
529	228
483	102
15	417
248	957
708	426
419	800
516	379
6	833
53	39
846	858
948	305
602	69
421	821
597	766
379	795
671	958
540	353
840	461
470	456
655	221
431	66
156	878
346	918
696	996
222	503
576	723
711	205
898	641
23	956
539	192
867	938
413	453
35	126
193	576
399	241
127	170
808	766
472	873
342	684
686	13
941	30
851	293
743	287
651	725
91	741
460	813
458	323
347	940
663	812
135	130
446	200
3	768
355	58
682	45
919	535
915	754
453	784
97	636
637	717
337	503
204	554
762	495
234	403
920	683
669	701
927	655
16	997
456	893
868	387
757	475
508	950
618	427
772	806
869	412
2	326
814	677
106	297
865	706
636	816
420	800
548	646
63	826
455	466
240	804
54	83
895	53
570	295
752	626
784	6
423	305
449	926
407	477
877	787
927	468
826	112
124	62
433	5
272	619
668	266
845	336
908	302
80	151
104	519
648	270
930	475
618	669
649	100
996	328
243	925
616	848
770	786
206	539
994	717
314	428
708	470
913	272
947	312
329	528
407	752
479	854
735	305
36	531
175	780
680	203
931	619
14	791
956	412
743	689
954	223
958	106
933	552
197	67
655	931
5	942
892	81
867	207
996	983
914	525
765	640
685	681
688	464
998	672
72	540
782	561
488	799
906	288
211	692
380	891
41	686
626	26
264	86
147	166
838	271
730	196
783	930
618	261
119	258
568	329
516	523
568	961
790	804
364	403
534	366
239	297
869	478
508	24
356	331
700	519
973	916
803	488
404	387
859	490
541	958
213	626
77	283
642	377
593	494
60	355
288	96
155	894
647	182
272	870
367	478
248	547
477	839
358	849
924	117
517	62
669	541
834	571
689	476
516	596
224	715
910	632
942	230
729	39
818	6
946	771
306	575
532	423
25	378
643	289
489	675
783	854
396	646
336	947
883	182
855	337
38	479
750	591
441	495
587	304
357	502
251	587
643	304
107	393
925	457
589	306
262	132
962	36
834	893
812	791
367	647
386	975
573	869
154	763
421	806
12	667
499	148
837	535
470	83
610	349
845	687
772	997
449	136
456	120
986	279
483	32
735	993
180	268
640	470
507	371
434	496
556	44
560	794
48	415
146	410
903	745
861	901
691	659
417	694
984	286
475	800
551	570
111	102
19	240
150	44
957	606
536	552
728	864
146	158
831	306
51	495
583	611
849	580
340	582
153	52
75	995
827	517
289	984
467	775
648	975
491	141
424	688
950	678
164	818
403	221
369	920
287	635
958	486
365	113
541	957
84	761
516	695
109	910
817	683
549	570
40	566
67	404
134	848
802	430
764	472
258	712
111	818
461	170
553	844
313	140
947	410
856	443
964	212
584	469
550	161
369	49
231	784
4	864
968	104
749	687
460	176
640	658
172	796
294	422
717	886
551	555
4	71
495	389
928	769
300	294
84	97
751	468
557	752
405	40
688	63
816	237
137	731
31	765
612	37
721	648
910	975
691	519
525	290
919	561
931	59
334	703
715	398
972	398
907	54
577	366
186	735
235	170
524	910
381	119
495	471
203	306
938	182
442	697
644	584
634	856
337	744
494	348
373	211
363	773
132	784
502	765
273	167
659	392
897	588
69	335
103	853
771	577
375	41
536	389
375	374
848	416
213	636
325	328
2	142
333	598
234	33
303	280
865	849
404	880
185	942
441	985
582	106
229	750
387	874
853	991
345	317
612	135
123	913
617	429
891	756
250	636
129	495
462	41
419	980
5	805
259	665
220	681
329	849
619	797
41	35
108	947
965	388
749	449
91	822
687	259
69	758
362	721
763	90
586	359
667	758
448	693
266	34
261	484
796	697
930	687
142	776
141	831
908	781
251	703
606	234
467	71
795	996
902	785
34	664
819	622
709	521
37	924
78	162
176	648
987	304
956	303
113	881
685	15
188	455
121	405
106	643
622	180
739	770
392	238
185	764
634	162
486	315
356	678
879	904
81	264
985	686
820	693
772	781
789	216
475	621
440	304
22	366
73	59
764	701
19	972
750	928
17	891
12	46
349	40
406	166
785	458
556	32
28	872
292	642
146	853
30	23
715	603
92	198
803	973
897	101
860	577
359	210
183	13
366	781
599	86
63	257
690	647
783	259
248	736
4	70
772	286
726	573
733	903
798	172
793	889
935	904
823	802
553	672
743	643
112	553
795	407
611	794
808	172
342	967
159	171
577	207
950	133
989	493
351	605
698	61
694	346
964	994
819	253
405	254
917	83
794	714
557	564
485	51
771	406
680	171
872	712
832	591
407	986
792	309
756	740
924	115
567	39
948	628
908	452
790	309
178	705
259	208
843	59
38	841
100	495
927	930
212	856
287	967
987	453
546	915
93	778
108	198
269	121
743	723
474	872
296	190
584	750
73	878
422	867
17	757
319	329
454	572
122	537
906	179
228	421
81	734
187	871
412	973
490	205
54	913
139	701
762	782
566	624
260	86
166	814
611	415
718	870
142	524
912	94
984	726
916	704
950	351
489	310
818	258
286	487
122	163
946	428
901	773
864	539
143	558
79	968
983	89
685	944
973	456
13	733
488	190
339	886
392	93
791	413
414	497
939	7
352	109
234	239
808	642
144	851
943	221
669	649
678	394
273	237
982	6
880	941
827	844
330	24
428	463
428	957
511	732
789	983
591	652
995	433
777	816
771	823
799	240
765	14
730	989
40	231
980	317
518	719
603	813
556	415
646	338
821	421
152	922
422	314
280	606
701	79
88	196
162	695
276	19
611	372
646	546
437	104
925	780
446	896
877	913
848	509
526	701
654	33
528	435
297	748
524	955
301	580
676	579
460	245
373	77
967	812
417	25
181	621
412	583
73	660
548	312
87	535
926	930
142	466
790	588
727	321
540	589
718	976
593	513
410	416
786	371
734	132
146	700
296	202
208	52
600	945
801	397
69	870
713	334
372	771
449	820
110	562
822	497
390	48
811	741
472	791
264	965
328	271
326	505
76	254
967	639
629	84
456	495
835	865
650	965
923	372
198	368
862	801
632	454
299	945
458	526
667	178
827	840
136	450
170	11
572	115
626	219
33	898
540	491
311	274
484	827
563	750
785	538
764	144
926	370
599	766
193	58
218	557
855	460
675	496
658	225
685	648
178	238
120	994
334	96
738	352
295	986
630	829
994	933
54	151
473	891
34	160
858	323
601	962
837	941
688	674
958	967
226	230
738	435
661	777
801	48
372	934
704	627
999	391
318	526
728	208
209	550
758	467
981	393
419	408
611	351
800	999
818	419
74	364
542	242
146	4
621	203
876	474
647	606
22	496
989	151
621	297
738	759
897	384
721	211
973	105
147	593
453	909
798	631
896	409
351	917
860	693
944	551
107	275
847	211
626	186
759	216
27	281
839	739
384	68
9	630
363	325
768	868
25	407
73	679
230	314
943	698
564	279
701	466
728	918
766	759
913	128
610	269
105	926
416	236
369	111
24	643
91	365
490	791
586	787
470	954
567	245
778	955
992	7
502	186
75	623
318	128
128	180
641	130
746	654
272	631
849	873
981	849
375	723
170	881
826	185
341	733
83	393
619	228
629	993
344	644
503	126
188	804
589	84
427	249
162	583
226	619
160	605
92	465
113	348
692	68
662	618
334	612
990	145
865	375
408	259
541	867
443	937
664	355
660	649
910	681
337	633
139	132
394	778
505	868
602	112
601	390
597	777
401	679
707	187
179	335
509	85
962	46
561	68
677	924
758	536
901	139
960	220
437	16
714	372
26	152
758	395
713	723
996	488
633	896
513	684
854	738
954	889
392	159
423	649
20	774
303	303
441	265
538	856
908	294
438	788
893	478
723	395
583	894
379	250
9	879
166	312
747	816
46	221
24	285
365	777
980	655
171	885
362	273
666	410
990	187
79	494
690	604
113	892
135	358
843	991
949	695
587	313
868	704
180	310
162	405
627	832
489	997
939	12
441	725
379	921
46	679
475	582
860	664
591	865
493	772
620	964
165	41
11	192
638	914
653	201
235	679
993	101
695	145
713	657
769	843
712	592
294	178
393	393
540	984
945	355
109	865
228	69
764	192
918	91
119	168
586	57
778	391
687	758
191	940
642	290
319	558
825	14
18	439
508	108
84	459
862	380
847	540
298	895
216	587
406	394
424	852
684	814
382	477
952	780
234	355
345	664
569	353
287	609
711	350
703	542
195	727
120	679
879	814
558	168
36	896
793	633
245	334
955	234
638	474
20	305
892	968
465	621
478	639
376	214
373	91
665	74
20	637
476	393
730	534
345	772
537	449
123	749
244	721
12	515
319	516
278	230
720	415
441	27
852	277
31	483
124	574
581	648
0	867
801	810
364	72
161	499
565	531
642	555
921	930
500	978
894	630
9	339
451	132
226	974
142	505
284	345
918	137
277	409
254	17
525	360
300	121
626	937
504	5
422	140
550	298
579	303
754	991
286	887
363	672
648	858
335	435
378	670
526	532
435	54
231	41
878	803
472	310
124	731
148	699
142	314
885	579
407	715
519	971
87	251
610	89
301	867
763	710
855	176
430	859
766	741
337	711
499	750
784	393
112	936
951	722
922	753
549	43
199	817
646	333
274	960
818	34
451	991
17	790
771	493
111	163
332	699
351	392
819	54
128	250
710	214
306	178
101	223
359	203
870	913
13	972
423	57
589	779
605	564
710	317
46	571
410	936
267	696
953	126
617	219
766	19
379	385
958	955
10	823
162	417
563	389
269	506
190	202
913	864
986	912
183	338
351	751
326	228
266	198
491	332
177	78
254	190
513	403
578	633
200	27
891	717
253	804
204	444
733	22
184	636
521	526
952	172
911	198
168	41
396	621
461	253
201	585
353	193
229	161
32	662
406	980
777	828
106	776
156	786
587	637
920	257
313	991
994	503
29	540
2	671
0	272
733	771
779	988
251	958
900	651
40	325
534	645
204	671
878	818
197	186
447	837
15	916
861	941
198	129
541	793
427	622
882	210
897	993
938	655
317	430
980	257
575	44
238	111
41	929
961	478
6	648
357	899
305	85
219	451
218	818
291	43
326	575
208	720
390	710
373	422
957	927
902	240
112	321
900	467
460	698
894	591
625	481
289	229
547	827
554	78
427	11
322	607
993	614
66	379
14	59
93	481
779	351
822	711
652	675
390	24
588	833
967	467
767	309
964	326
391	22
625	156
703	68
701	935
384	886
166	881
479	577
198	517
591	459
743	714
309	792
602	910
699	709
369	124
623	297
374	63
659	120
631	768
328	784
973	763
259	328
172	863
629	243
891	721
789	685
349	509
180	338
812	564
391	356
535	900
317	536
196	587
146	520
940	926
980	10
930	542
948	613
205	870
740	922
33	857
123	694
207	634
423	658
260	196
822	295
522	204
202	329
201	591
892	867
224	839
594	431
795	764
334	163
500	613
871	706
260	776
619	299
938	811
876	388
424	103
277	28
430	484
880	761
414	439
933	805
36	26
438	104
797	97
899	389
982	85
419	844
40	15
702	156
964	701
3	109
549	203
578	761
877	492
857	790
209	336
731	389
502	473
374	877
611	165
270	733
724	319
293	772
692	138
364	971
427	413
188	421
305	321
533	716
801	422
393	879
42	916
599	550
957	691
254	759
224	659
6	884
446	651
20	320
331	65
658	84
839	485
626	745
32	950
633	682
209	809
140	226
432	136
412	985
181	354
125	892
749	348
37	554
332	350
925	314
955	336
551	260
888	391
94	221
520	872
266	39
822	988
137	119
401	321
693	299
257	366
435	487
911	70
397	571
263	227
643	573
272	414
159	487
619	898
27	237
682	492
900	265
300	758
308	648
512	314
297	137
89	246
316	989
228	278
990	910
485	149
887	374
659	960
194	769
997	235
834	168
508	996
62	812
535	482
402	156
392	800
816	696
503	446
873	525
260	568
705	649
984	498
975	183
234	518
168	175
245	285
124	870
51	309
811	205
28	866
805	841
108	840
525	410
745	190
280	97
420	52
33	262
211	499
509	835
756	804
150	220
336	50
481	52
100	430
330	781
280	617
542	612
636	176

150

600
600
600
600
600
600
600
600
600
600
600
600
600
600
600
600
600
600
600
600
600
600
600
600
600
600
600
600
600
600
600
600
600
600
600
600
600
600
600
600
600
600
600
600
600
600
600
600
600
600
600
600
600
600
600
600
600
600
600
600
600
600
600
600
600
600
600
600
600
600
600
600
600
600
600
600
600
600
600
600
600
600
600
600
600
600
600
600
600
600
600
600
600
600
600
600
600
600
600
600
600
600
600
600
600
600
600
600
600
600
600
600
600
600
600
600
600
600
600
600
600
600
600
600
600
600
600
600
600
600
600
600
600
600
600
600
600
600
600
600
600
600
600
600
600
600
600
600
600
600
600
600
600
600
600
600
600
600
600
600
600
600
600
600
600
600
600
600
600
600
600
600
600
600
600
600
600
600
600
600
600
600
600
600
600
600
600
600
600
600
600
600
600
600
600
600
600
600
600
600
600
600
600
600
600
600
600
600
600
600
600
600
600
600
600
600
600
600
600
600
600
600
600
600
600
600
600
600
600
600
600
600
600
600
600
600
600
600
600
600
600
600
600
600
600
600
600
600
600
600

16
17
11
14
19
18
10
15
17
13
11
12
17
15
11
13
15
12
11
12
18
16
11
14
11
17
16
17
19
16
13
13
19
16
13
18
11
10
14
11
13
17
15
17
20
20
18
10
16
17
12
17
19
14
14
14
15
16
14
17
15
11
11
20
16
15
15
15
19
11
18
19
12
19
10
17
14
18
10
16
17
12
11
20
16
10
20
16
14
14
15
14
10
11
20
16
10
17
14
10
17
10
11
19
15
16
12
14
12
11
18
19
11
14
15
13
10
11
15
14
15
10
14
20
17
17
20
20
13
16
15
16
20
11
15
16
18
16
18
18
18
12
19
20
18
20
15
11
18
20
15
18
17
10
17
18
17
20
17
20
16
13
12
17
14
15
15
15
19
11
20
20
20
16
10
12
18
18
13
14
13
13
11
19
16
18
20
17
10
12
17
11
16
17
14
15
19
16
18
19
11
17
17
17
20
17
14
18
19
18
16
11
19
11
10
15
12
13
17
18
11
19
18
17
15
17
15
17
10
18
10
17
18
10
18
17
20
13
18
12
19
16
11
15
14
18
11
10
11
20
14
14
20
10
12
17
17
12
15
13
11
15
11
10
10
15
19
11
11
17
10
11
11
15
12
16
12
20
14
19
13
14
15
12
13
12
12
11
14
16
20
16
15
12
11
19
13
14
19
18
14
11
13
19
10
14
20
20
10
19
10
18
19
11
12
12
13
19
11
13
12
16
11
10
12
16
13
17
11
17
10
13
19
15
19
11
14
17
19
12
10
17
11
16
15
10
17
19
18
20
10
14
19
12
15
11
14
18
13
17
19
14
17
18
15
18
20
12
15
19
19
16
20
15
18
14
16
13
16
13
14
18
10
12
20
17
14
18
10
17
11
19
12
15
17
14
16
12
11
19
11
10
17
10
16
16
18
11
20
14
10
12
11
16
16
12
11
17
15
14
19
12
16
16
15
11
13
16
15
16
11
20
17
12
13
12
19
15
13
20
19
13
17
19
16
12
16
10
12
16
14
13
10
19
17
11
12
13
14
14
17
13
17
11
20
18
20
20
18
12
20
19
11
20
16
19
17
10
17
20
18
16
12
18
14
11
10
13
12
11
19
17
18
18
16
14
15
12
16
12
12
15
10
13
19
12
16
12
15
19
13
18
12
17
11
20
15
16
15
20
12
20
13
18
18
17
20
15
18
11
19
13
10
10
14
16
14
18
16
14
17
12
14
16
20
18
12
18
11
17
20
17
13
20
14
17
20
14
18
17
20
10
14
17
14
14
18
17
20
13
17
14
12
20
20
18
10
18
17
20
12
11
19
12
13
17
14
18
11
18
14
15
13
16
17
14
14
17
16
16
13
13
19
13
13
11
18
20
20
10
18
19
16
19
10
17
11
16
10
19
19
14
16
10
16
14
20
15
17
19
10
17
11
16
10
18
10
17
17
16
20
16
10
20
16
20
19
17
10
12
15
14
13
11
19
11
15
20
12
20
12
14
12
18
10
20
10
14
13
17
16
18
17
20
19
16
14
11
12
19
14
15
13
20
16
18
19
15
13
16
19
20
15
19
16
19
14
20
13
20
17
10
13
16
14
13
12
17
14
18
14
12
18
11
17
20
13
14
15
16
11
17
19
13
19
18
18
16
14
11
18
11
13
20
12
20
11
16
11
19
14
13
17
19
17
17
16
15
12
10
15
12
17
20
12
12
10
17
14
17
15
15
14
15
19
16
16
11
15
19
16
20
20
18
11
15
11
13
20
18
14
12
19
19
19
10
10
14
10
13
15
19
19
11
17
14
13
15
14
13
11
20
19
16
12
11
12
14
12
10
16
10
10
20
14
14
14
17
16
14
15
20
12
10
11
17
17
20
17
11
10
11
10
10
10
18
12
18
14
20
17
15
13
10
10
14
10
10
13
17
20
11
18
19
17
13
13
13
13
16
18
17
15
14
13
15
18
18
13
16
15
13
16
12
13
11
15
16
13
18
17
14
10
16
17
13
17
20
14
10
15
15
18
19
18
14
20
14
10
12
12
13
11
11
18
15
20
14
16
20
12
11
12
14
20
10
11
18
18
16
16
13
10
14
19
13
19
17
13
17
10
11
19
19
12
10
12
16
20
12
17
13
13
10
15
18
15
17
10
12
14
17
13
19
11
15
15
20
14
14
11
18
14
13
19
17
15
14
11
17
15
15
16
14
15
12
14
19
14
16
10
15
15
17
17
12
16
14
20
17
18
18
15
14
15
12
12
15
13
10
10
19
13
10
10
20
20
13
15
16
17
16
19
11
13
18
14
15
11
10
17
17
20
10
16
20
12
10
16
10
13
10
12
11
16
13
11
16
18
14
15
13
20
18
14
15
18
10
16
18
20
16
16
13
20
10
19
11
19
17
19
17
20
12
11
19
17
11
18
12
17
19
11
14
17
11
19
10
16
18
15
12
15
14
14
14
16
18
18
11
14
12
15
16
16
15
14
20
15
20
14
11
20
18
16
14
20
17
16
13
15
10
10
15
10
13
17
20
16
12
18
10
20
13
19
14
13
14
14
15
12
14
12
12
14
18
20
11
20
16
19
12
17
15
12
19
15
19
20
10
17
10
16
18
10
20
19
11
17
12
17
18
18
10
11
14
18
12
20
13
15
15
19
10
15
19
10
11
14
15
11
15
15
15
13
17
20
14
10
16
10
12
18
12
12
20
12
19
16
18
11
11
19
11
14
12
18
16
16
18
14
19
11
14
20
16
20
14
20
10
19
13
19
13
14
11
10
16
14
15
12
11
20
16
12
13
12
19
20
13
16
19
17
17
12
19
16
15
16
16
20
16
15
14
13
11
12
16
16
15
15
20
14
13
10
14
15
18
14
14
16
15
15
11
10
16
16
15
17
17
11
16
10
14
11
16
12
17
18
18
16
14
10
14
15
17
15
11
10
10
16
19
17
16
19
17
18
15
11
18
13
17
17
16
14
13
16
15
11
12
13
20
12
16
17
18
16
16
13
16
17
13
10
12
11
12
10
15
17
12
12
11
15
12
16
20
20
18
16
15
13
12
12
13
15
17
13
15
20
13
18
13
15
18
10
20
18
20
16
19
12
15
14
14
10
19
10
14
16
10
15
11
10
16
18
14
16
10
15
12
20
16
19
10
20
16
13
20
13
12
11
16
13
12
13
18
17
16
18
10
15
19
17
19
18
15
14
10
16
12
16
10
18
12
19
19
20
19
14
10
12
12
12
13
13
10
16
14
14
18
10
19
12
10
15
12
17
10
20
19
12
11
15
16
20
15
16
11
14
18
19
12
18
12
14
19
13
14
13
12
15
12
17
18
17
12
15
11
20
10
14
12
11
15
17
19
18
14
15
15
14
19
10
10
18
10
15
12
14
12
12
12
17
11
16
11
10
12
13
11
14
15
13
12
19
11
20
18
13
11
20
12
10
19
12
15
15
10
10
14
14
20
12
13
11
11
17
17
10
10
13
15
13
10
13
16
16
14
15
19
17
20
15
19
10
17
15
12
18
19
10
14
15
20
18
19
19
16
16
13
20
10
14
13
15
14
20
12
10
11
17
10
14
16
19
18
14
11
14
18
10
16
12
20
11
17
10
13
18
12
14
11
14
15
11
11
16
10
11
19
13
14
11
13
14
13
17
12
12
12
10
20
11
19
16
12
20
14
18
11
15
15
17
10
20
13
14
11
18
19
14
13
14
16
13
14
18
12
20
17
20
10
14
15
18
13
17
20
19
15
16
13
20
16
20
13
14
18
11
15
13
10
20
14
14
15
20
19
15
19
19
11
10
19
13
10
14
10
20
15
14
10
14
20
10
15
16
17
11
10
18
15
18
16
14
18
16
17
13
18
17
13
14
17
10
15
10
20
18
11
18
12
12
18
15
15
13
15
12
11
10
20
13
20
16
11
10
18
14
10
11
18
20
17
16
19
14
14
13
14
13
15
20
17
14
17
19
11
12
12
14
13
19
18
10
18
20
15
11
16
12
16
11
13
20
12
18
14
17
19
20
17
12
18
17
15
12
11
10
11
17
20
13
17
19
14
16
13
20
11
20
18
12
17
10
12
18
11
12
12
12
14
14
13
11
10
11
13
18
10
11
17
12
18
20
18
19
18
18
14
14
13
19
12
18
18
14
18
14
13
17
11
16
20
16
16
19
20
11
17
17
15
18
19
16
11
18
14
18
10
10
14
12
12
12
16
13
14
19
14
13
18
15
20
11
11
17
13
20
15
11
14
11
14
13
12
12
18
15
18
19
13
14
15
20
15
16
16
12
15
12
10
14
13
14
11
18
11
12
13
20
20
16
19
19
19
17
10
20
10
19
16
12
14
17
16
10
10
19
19
15
10
12
10
18
18
16
18
17
14
12
17
10
16
16
14
10
17
11
16
12
18
12
18
19
18
10
19
18
17
11
14
12
17
18
11
15
20
10
15
10
17
11
15
15
12
13
13
10
12
20
16
17
10
17
10
17
19
17
15
18
17
11
15
10
19
16
19
18
12
10
11
14
14
20
19
18
12
15
15
12
16
13
17
16
12
16
13
14
14
11
14
17
15
19
17
20
16
13
11
11
17
12
15
19
15
20
13
19
13
13
17
19
18
18
19
10
17
15
14
14
19
13
10
12
16
20
12
19
14
20
11
13
19
15
13
14
11
13
18
15
16
15
19
13
11
19
17
18
13
20
15
10
18
13
16
11
10
13
14
18
13
20
11
16
15
20
14
17
11
11
15
10
11
17
10
19
14
17
10
11
19
11
19
20
14
16
12
18
11
18
20
11
14
20
11
10
19
18
20
19
18
14
17
15
10
15
10
17
18
14
16
17
10
16
16
12
11
13
14
12
11
12
18
19
14
12
19
17
19
19
10
19
19
18
14
19
16
17
11
12
12
17
20
12
11
18
12
10
20
11
11
20
19
14
16
13
11
15
16
15
19
11
11
11
14
17
14
20
17
10
11
11
14
19
10
17
16
10
16
18
14
16
20
15
12
14
17
11
16
10
17
18
18
20
11
19
14
10
11
20
10
16
19
17
19
14
17
10
13
16
20
20
16
15
16
17
12
18
11
10
10
16
18
13
13
14
11
17
19
11
15
16
14
15
14
18
15
17
10
16
15
10
17
18
17
17
15
20
13
13
15
17
14
18
15
14
15
15
10
11
18
13
16
13
20
20
15
13
19
18
18
11
11
15
19
16
20
17
19
11
17
17
17
19
19
14
14
19
14
18
20
15
13
18
20
10
11
12
13
11
19
17
12
17
14
14
11
17
13
11
19
10
14
14
19
17
12
10
13
14
16
19
18
17
19
10
15
19
10
10
19
11
11
13
11
18
15
11
13
19
19
15
15
16
10
15
13
19
19
14
14
18
10
17
13
12
20
13
18
20
16
20
16
14
13
20
17
10
17
16
15
18
11
12
16
11
14
13
18
16
16
15
16
17
20
19
12
11
18
14
18
14
16
13
13
14
19
17
12
16
12
19
11
13
17
14
20
11
17
17
10
16
16
17
10
11
10
19
15
20
18
19
18
11
19
12
16
11
17
13
15
12
20
10
18
20
10
10
17
18
13
10
19
16
17
17
14
20
18
16
12
19
12
14
18
18
16
12
19
17
12
19
19
12
10
13
15
17
15
13
10
17
13
11
16
16
12
20
12
16
16
20
17
17
11
11
18
20
12
19
13
17
19
12
10
17
14
19
18
11
16
13
20
12
20
15
10
11
18
14
17
20
13
19
13
12
15
18
14
18
18
18
19
16
12
13
20
19
10
18
11
17
15
17
16
15
12
18
17
16
20
19
17
18
14
17
13
20
19
20
11
18
14
18
11
14
10
10
16
20
12
16
15
13
11
14
12
18
16
17
16
20
15
13
11
19
11
20
11
13
13
19
16
19
17
20
16
20
15
14
12
11
10
18
16
20
15
14
20
16
10
13
19
10
11
15
16
20
19
16
20
14
17
15
11
16
15
11
15
19
12
16
12
13
11
15
19
20
11
18
20
10
13
14
10
18
18
13
19
17
16
10
18
15
20
15
17
13
12
17
12
19
19
13
20
10
16
17
15
18
14
10
17
16
16
12
17
17
19
14
14
12
16
16
13
16
15
18
14
15
17
18
18
17
10
11
19
20
14
10
13
16
19
19
10
11
16
18
10
14
19
16
15
14
19
16
11
15
12
15
14
13
10
15
17
15
13
19
20
11
14
11
19
18
17
11
10
11
10
13
10
12
13
12
11
20
18
14
16
17
18
11
20
20
15
13
17
20
17
11
18
17
10
17
20
12
11
10
17
14
19
19
13
11
11
20
19
10
18
15
18
14
19
18
12
12
11
14
10
12
10
12
18
17
13
16
19
16
20
10
14
17
14
15
12
13
17
16
15
10
17
15
18
18
17
20
10
13
17
20
14
20
18
17
20
15
10
10
17
11
11
11
11
15
12
16
13
10
12
20
18
16
10
17
12
18
12
12
17
18
12
15
14
10
13
14
20
10
15
10
16
19
16
18
14
18
12
17
14
12
14
12
10
12
16
18
19
16
15
20
15
17
14
12
17
18
12
10
14
18
20
17
20
14
20
12
20
16
11
11
14
17
14
19
19
19
18
16
20
16
13
15
18
13
15
13
20
11
14
11
10
15
15
10
18
20
15
12
15
16
10
12
19
18
15
12
16
13
17
20
12
12
14
18
11
11
17
18
11
10
16
15
15
14
16
16
16
11
13
19
11
19
15
17
14
15
11
19
18
20
13
10
10
19
19
17
10
19
18
18
13
12
19
13
17
20
12
16
13
19
17
16
16
10
13
13
15
15
16
13
16
13
13
20
11
20
13
16
15
19
16
20
10
13
14
13
17
10
15
10
11
13
17
14
17
18
14
19
15
10
14
10
16
20
17
19
13
15
16
19
11
19
11
18
17
19
14
12
15
11
20
18
14
14
15
11
11
10
20
17
18
20
19
13
10
10
18
17
12
19
16
10
17
17
11
10
13
18
20
13
17
15
17
11
19
18
14
20
14
12
16
10
14
10
10
18
14
16
11
15
20
17
13
16
17
10
12
18
11
11
15
12
12
14
13
11
13
10
20
20
18
18
16
17
10
16
14
12
14
14
10
17
14
12
15
12
18
16
12
20
16
12
20
19
19
19
17
12
20
13
20
18
15
17
13
13
13
16
11
11
19
18
10
16
17
10
16
16
12
10
13
13
19
18
11
11
15
17
18
16
19
18
19
14
16
16
16
16
19
14
20
20
12
11
18
16
12
16
12
17
13
19
16
19
16
13
15
18
17
19
13
14
18
15
17
13
15
10
15
15
20
11
12
17
17
19
10
10
12
18
15
11
11
14
11
12
19
17
10
15
15
18
11
10
10
15
20
11
11
18
19
19
12
20
18
10
15
13
20
19
10
15
15
12
13
11
12
19
17
16
18
14
18
14
17
19
20
18
20
19
12
17
11
14
20
16
15
20
20
12
14
19
18
14
20
15
14
11
11
20
18
17
12
16
15
17
16
10
16
11
20
19
15
20
15
14
19
16
16
11
11
12
13
14
18
15
20
14
15
19
14
16
12
19
11
14
10
18
12
14
16
16
13
19
20
18
17
19
20
13
15
14
17
18
13
15
14
20
20
13
18
13
19
12
10
14
10
17
17
11
10
11
19
18
18
20
16
20
10
16
20
11
17
20
20
18
20
10
11
17
10
15
18
20
10
15
17
16
14
20
10
19
14
13
13
11
18
14
10
13
16
16
10
10
20
16
19
14
17
20
10
17
12
12
11
15
20
15
12
13
19
10
11
13
17
19
13
12
11
17
16
17
15
20
15
16
16
12
12
14
14
20
15
19
12
12
12
16
20
19
19
18
13
20
15
15
15
13
20
18
11
18
20
16
12
16
18
15
10
15
16
15
18
19
14
20
19
11
16
20
18
15
13
18
20
20
16
14
10
17
10
15
10
15
18
11
16
17
17
14
16
18
13
17
13
19
18
15
18
15
10
10
15
10
17
18
12
16
14
20
17
18
16
19
12
17
10
13
12
12
13
17
18
14
18
16
16
17
11
19
19
16
12
18
18
19
18
18
10
18
14
11
10
11
12
13
12
11
20
15
13
17
17
11
10
12
15
16
10
14
11
17
14
14
20
10
19
17
12
19
19
20
14
13
20
19
12
15
11
17
14
20
19
18
10
15
14
20
17
16
13
16
12
17
14
16
16
11
13
13
10
11
19
16
17
19
15
14
18
10
20
20
10
18
12
16
17
14
19
17
14
10
20
20
10
15
12
13
13
11
17
11
11
10
10
14
11
19
18
12
13
17
20
11
14
14
12
13
14
11
11
16
12
13
19
16
12
10
11
17
18
11
13
18
13
11
17
17
14
11
10
14
15
16
10
15
18
20
13
14
14
18
13
14
15
11
17
19
13
11
17
15
17
16
12
20
15
14
19
10
12
14
16
17
11
13
14
16
10
13
15
13
16
19
15
19
11
13
10
15
12
19
14
18
20
15
19
10
15
14
11
16
10
17
20
13
11
19
18
13
14
13
17
18
16
16
10
12
16
17
18
18
10
10
19
17
18
10
14
15
15
18
17
15
10
15
10
15
20
11
10
16
17
17
12
17
16
11
20
13
14
11
10
10
17
13
10
11
16
13
20
20
15
13
16
16
13
18
17
17
11
10
11
10
18
12
20
14
12
12
14
10
16
12
12
10
13
15
15
17
10
15
17
17
15
15
14
14
20
15
17
14
19
13
10
16
16
11
12
19
17
14
19
10
16
17
10
17
20
19
16
11
10
10
13
19
18
11
12
12
20
16
16
15
11
10
19
11
11
15
15
10
14
10
20
15
17
17
15
17
15
19
19
17
11
11
15
20
20
10
20
12
10
17
19
13
12
17
11
16
19
17
14
16
14
14
13
19
19
17
11
17
15
11
14
11
17
16
20
19
18
17
20
18
17
13
14
10
20
16
19
10
16
15
17
19
12
14
19
16
13
16
19
18
14
14
17
19
15
18
14
17
16
15
13
20
10
20
18
14
11
18
18
11
19
13
20
17
17
11
16
19
20
19
19
19
20
18
16
11
11
11
13
12
14
19
18
16
20
10
15
14
17
18
15
16
19
20
19
16
14
17
20
12
14
14
12
15
15
12
20
17
20
13
19
13
15
19
12
13
12
11
10
13
16
14
12
11
12
12
12
17
10
17
18
18
13
17
17
14
11
14
17
10
17
11
14
10
13
14
15
17
13
14
13
20
15
12
19
17
16
20
20
11
12
16
12
13
10
18
11
18
20
17
15
13
20
15
11
10
20
20
17
20
13
19
18
19
11
15
10
20
16
19
11
18
10
17
16
14
10
15
17
20
14
12
11
10
12
16
11
18
17
14
19
16
12
17
13
11
13
17
18
18
14
12
14
20
10
16
13
14
18
19
17
18
12
14
12
13
12
18
15
16
13
11
18
11
18
13
16
17
20
16
12
13
18
12
12
10
13
11
20
15
14
10
13
17
15
18
16
19
18
14
10
14
19
15
20
12
14
12
17
14
20
17
10
19
17
19
12
12
15
15
10
17
17
15
14
20
17
11
13
19
18
20
18
14
10
19
15
13
17
13
19
11
17
15
20
10
10
15
16
20
17
13
12
20
17
17
10
15
12
17
12
13
11
16
17
14
12
15
14
14
19
14
16
19
10
12
12
10
13
10
19
16
10
16
12
14
18
15
13
11
20
19
17
14
14
20
16
12
13
15
18
12
10
18
11
18
17
19
18
17
10
12
11
17
14
15
16
13
14
10
14
16
12
13
19
19
11
17
17
10
19
15
14
11
11
20
11
16
13
14
13
20
17
18
12
12
11
13
15
15
10
14
12
12
13
10
15
13
14
10
15
20
11
15
10
18
12
10
12
17
15
14
19
18
14
13
16
10
12
12
14
16
10
20
17
13
18
11
11
15
12
11
14
11
14
16
11
16
20
10
10
18
20
15
19
19
11
18
14
12
19
14
16
18
13
13
15
11
17
20
19
12
11
14
17
17
11
17
12
16
20
20
10
15
14
20
14
13
15
10
13
13
17
18
20
13
11
19
13
10
10
12
17
14
17
11
13
19
14
13
13
15
18
19
13
20
14
12
13
13
15
10
11
15
11
18
11
18
14
10
15
17
18
10
20
13
17
15
15
17
19
14
18
12
20
13
17
17
11
17
18
15
11
16
17
12
20
20
13
15
17
12
11
11
12
20
17
18
18
13
11
13
10
15
12
10
12
10
19
16
12
11
16
12
15
11
13
11
16
10
17
14
12
13
17
14
10
11
13
17
13
10
20
15
19
12
18
19
11
16
18
13
18
12
12
13
16
12
13
19
14
17
11
15
16
17
19
13
10
14
14
10
17
18
13
13
19
20
10
12
19
20
14
15
10
13
17
12
14
16
16
13
19
10
17
15
13
16
11
11
12
18
20
11
11
13
11
14
15
10
11
17
12
20
11
14
18
20
15
20
15
11
18
11
15
18
20
20
14
17
11
11
17
12
11
18
20
12
12
18
13
16
15
13
17
13
15
10
12
12
20
11
11
12
10
20
15
11
12
19
18
16
18
15
19
16
18
18
14
17
19
18
10
19
20
17
18
10
12
19
10
19
18
18
14
10
13
16
16
17
16
12
14
10
13
17
16
11
13
14
14
17
19
19
16
17
20
18
14
13
11
11
18
13
18
18
19
12
13
14
13
11
15
16
20
18
16
16
15
10
18
19
11
16
11
16
10
20
16
18
10
13
11
10
16
10
15
20
18
19
16
18
13
11
14
12
17
18
12
20
18
16
18
11
20
15
20
17
11
15
18
10
19
14
10
12
13
19
11
16
19
18
16
15
17
11
13
16
13
17
19
17
12
11
11
19
19
16
18
18
16
13
15
14
14
18
14
14
19
16
12
14
15
16
18
11
13
15
13
15
14
18
20
19
11
10
20
10
16
17
16
18
12
12
19
18
11
12
19
19
10
19
16
15
16
12
20
12
11
16
11
12
18
19
12
14
20
16
19
19
19
13
11
19
17
10
16
12
14
12
12
20
20
15
20
12
11
17
13
18
14
19
12
18
19
12
15
15
20
14
14
16
19
19
16
10
17
17
18
12
11
17
11
10
14
10
12
13
14
14
17
16
20
19
15
19
15
10
12
20
15
13
11
12
13
16
19
19
20
18
12
20
19
10
11
14
10
14
12
17
15
14
10
14
19
20
15
11
10
15
15
15
18
10
11
10
19
18
18
15
10
18
19
12
17
18
12
10
15
20
17
18
15
20
17

273
320
264
245
355
281
210
270
226
296
338
330
331
228
264
393
236
298
379
346
203
253
222
295
229
271
243
233
320
336
222
351
296
310
246
396
386
281
283
233
287
281
351
209
245
290
215
229
374
370
351
336
300
307
270
233
341
257
231
260
316
356
220
274
261
293
288
258
352
331
286
394
215
299
215
294
318
212
336
262
256
365
257
231
240
255
352
222
293
378
240
221
324
324
294
221
279
262
256
294
361
214
280
273
308
275
252
264
355
239
376
340
367
257
227
306
312
314
374
213
264
385
249
364
345
241
252
269
322
309
310
246
239
343
356
319
357
235
359
358
377
314
247
291
267
333
363
277
326
269
349
300
288
206
374
244
237
247
291
241
270
345
394
291
204
298
279
281
241
356
267
274
386
319
351
252
207
362
233
202
224
374
361
256
365
212
272
308
240
263
297
277
362
288
349
276
200
372
298
346
203
283
217
263
254
319
257
243
245
304
360
319
258
356
240
379
374
367
330
229
269
231
301
226
261
335
324
251
237
326
228
350
293
315
383
376
387
319
269
390
383
216
372
375
369
280
387
380
316
383

0

1
