5000
250

311	472
72	565
500	528
916	177
622	557
543	440
213	468
55	437
648	420
133	446
440	336
691	95
274	457
93	557
816	17
900	183
88	395
722	156
337	515
781	329
888	200
462	367
965	316
420	588
780	208
989	57
745	8
933	0
819	55
342	579
395	352
759	132
773	249
875	229
351	644
476	440
87	460
28	446
72	450
507	621
435	433
981	26
258	517
523	520
755	278
453	577
555	370
684	91
762	189
678	53
268	608
12	589
807	168
652	363
422	359
265	589
271	381
56	650
709	299
570	428
172	369
711	255
613	638
280	553
901	118
249	340
503	389
242	369
653	587
82	637
558	341
556	593
942	305
399	539
396	478
57	432
876	279
660	629
170	508
887	274
319	388
100	574
534	653
680	184
111	422
263	401
404	555
737	112
35	555
526	486
531	595
436	434
438	618
49	426
318	542
678	248
180	417
939	109
551	593
928	184
126	351
322	427
1	517
901	149
788	196
189	443
14	459
471	397
717	267
743	316
780	295
773	147
585	551
255	351
678	23
225	466
879	78
236	653
442	665
802	239
961	279
25	470
307	482
634	534
375	613
975	84
194	378
918	325
961	190
667	107
794	238
537	460
5	391
23	516
151	513
175	371
676	95
247	344
594	508
259	582
869	57
73	496
611	450
768	229
196	581
465	404
758	321
864	133
742	146
258	436
821	140
949	27
359	367
855	24
17	550
857	266
934	141
215	334
369	548
83	611
82	481
434	454
172	417
552	644
77	446
171	647
117	411
528	459
162	567
58	547
37	518
276	597
797	304
978	210
654	590
122	337
998	317
876	49
843	242
448	424
68	612
376	647
314	433
429	435
908	113
968	69
596	475
811	147
568	478
65	345
484	401
860	73
99	534
440	446
2	633
249	463
373	516
387	652
329	553
875	317
245	22
764	722
377	2
242	70
638	78
125	932
7	63
713	973
646	168
830	949
286	204
898	768
535	153
910	748
490	60
194	844
563	885
268	815
823	617
15	854
453	38
375	866
595	280
18	720
244	195
507	174
405	281
367	140
267	137
635	268
193	963
720	516
634	738
410	106
28	916
899	662
211	135
507	274
964	496
714	896
702	683
352	96
267	800
356	914
495	834
176	747
451	24
658	6
780	675
370	117

688	161
617	434
429	652
183	666
802	79
707	94
790	145
785	203
554	441
912	99
642	428
666	465
122	382
954	139
591	568
41	620
555	442
828	325
547	598
190	584
716	206
440	524
806	129
701	144
197	625
766	148
29	600
342	529
117	397
241	425
28	416
523	429
671	66
158	352
219	357
907	298
635	389
136	613
504	485
133	647
967	249
645	434
196	616
896	327
737	266
132	353
716	224
744	8
958	61
417	388
268	454
398	470
138	407
683	300
189	355
733	273
4	494
383	609
475	568
989	260
698	12
603	458
979	64
825	150
803	291
655	361
688	69
949	162
682	273
320	520
145	377
274	425
269	664
838	300
720	123
587	666
959	273
51	368
695	301
437	655
722	151
963	16
471	530
749	302
643	612
226	647
411	481
35	521
630	358
677	302
936	199
913	126
819	86
780	36
651	502
993	173
966	157
199	564
749	192
143	400
411	597
973	132
137	406
553	662
516	396
277	499
57	441
446	620
160	549
900	47
723	100
249	539
797	85
997	296
251	541
155	515
275	368
722	25
189	652
702	291
402	369
936	107
534	502
139	596
707	57
254	482
647	475
469	608
219	453
418	549
211	605
501	501
250	346
524	532
378	415
276	506
574	488
245	452
853	305
762	88
64	368
74	589
998	163
468	341
4	433
70	459
466	472
268	529
996	41
232	463
292	401
924	64
961	286
878	309
123	454
205	645
115	454
572	389
195	622
983	96
917	331
613	580
222	546
403	475
941	88
533	623
696	113
91	654
897	122
657	558
321	554
237	639
811	303
940	222
891	136
686	93
334	540
934	151
755	235
796	48
462	433
771	80
305	421
297	484
849	323
625	435
653	490
608	462
189	368
336	490
257	510
705	13
370	551
562	549
842	101
270	447
629	435
814	67
935	162
854	85
197	577
738	12
714	235
294	496
650	451
444	337
111	579
4	635
868	146
700	277
685	133
138	380
70	436
672	157
870	93
312	559
495	509
100	509
758	182
114	402
340	603
574	637
727	320
385	420
379	641
374	417
812	1
752	171
816	206
867	228
449	498
371	518
753	158
567	465
314	440
415	483
528	544
143	546
477	432
318	581
949	290
951	307
84	661
773	169
242	446
494	343
925	219
411	649
837	11
565	598
365	402
334	631
868	140
328	548
507	521
525	485
448	389
6	547
510	524
172	373
90	641
441	508
588	356
205	635
948	99
849	278
402	525
268	578
236	383
200	657
669	323
539	396
0	664
915	59
986	42
924	42
420	431
532	624
290	387
197	357
853	257
158	597
880	317
390	476
564	367
572	652
117	658
606	492
533	613
678	106
818	41
509	346
888	181
995	232
473	463
893	243
953	177
110	652
281	400
381	535
852	148
600	377
452	345
652	574
114	626
572	359
515	434
385	476
216	652
516	508
313	507
89	456
752	276
948	112
716	289
27	478
642	382
883	243
637	383
422	560
830	113
213	649
640	543
847	322
162	362
175	573
744	267
580	629
813	332
217	363
987	247
443	623
816	245
132	530
207	650
75	502
72	469
698	153
603	340
227	577
50	388
890	236
122	376
933	28
707	169
767	280
779	85
632	489
806	294
133	468
147	341
768	155
472	431
733	256
117	447
592	432
30	520
166	590
61	350
728	132
585	384
243	594
880	333
741	189
419	490
30	628
273	568
525	350
150	581
357	374
656	440
488	456
482	382
443	598
623	436
690	98
286	602
230	598
106	478
96	340
120	403
741	21
631	515
365	389
640	440
217	624
95	484
643	614
388	663
959	26
396	582
788	88
518	391
630	354
6	379
414	392
280	538
175	499
583	659
413	353
254	643
678	36
536	527
84	541
247	399
193	533
187	401
784	172
686	133
941	108
653	610
885	98
937	186
160	493
792	331
170	353
856	47
610	596
849	176
473	557
801	134
232	514
249	476
320	414
327	469
205	626
700	327
382	651
838	5
806	59
933	252
714	154
428	635
312	394
92	399
383	334
198	510
410	617
587	540
98	442
159	473
363	408
203	643
30	378
675	173
897	221
272	652
217	484
529	643
230	538
937	130
972	2
429	417
402	640
639	473
302	465
203	580
774	219
387	440
886	85
989	56
914	329
983	276
240	504
670	47
69	464
550	609
860	145
45	431
425	338
627	529
637	438
971	324
752	100
945	136
228	552
148	456
573	472
386	348
449	562
427	502
677	299
197	659
879	250
822	309
86	658
565	490
429	407
71	621
664	472
743	185
781	254
410	363
565	407
278	411
605	478
401	596
798	300
147	362
305	473
540	489
571	360
65	651
579	586
37	573
429	495
74	613
606	609
787	115
946	0
397	466
993	259
108	565
37	337
905	328
680	163
795	242
723	44
61	512
622	604
715	185
78	511
330	489
596	489
640	493
861	199
616	565
624	356
566	526
490	648
817	283
153	467
625	444
302	562
210	475
199	562
933	288
732	176
642	538
189	464
28	568
588	536
98	510
354	466
817	270
551	462
221	433
854	289
585	567
342	336
864	120
480	543
65	540
693	86
674	165
543	517
862	143
102	655
50	499
969	174
199	370
70	377
87	484
230	504
802	223
727	233
317	512
12	353
940	69
473	435
665	600
76	526
443	640
101	415
519	419
418	490
332	589
959	126
291	438
35	541
440	426
625	632
541	461
479	646
403	588
604	491
398	586
438	637
455	380
545	619
274	544
864	93
840	146
893	266
174	402
788	299
448	337
61	492
954	67
345	437
167	484
171	594
194	616
599	651
468	648
640	454
175	647
960	215
665	662
199	392
86	375
565	508
68	438
414	549
151	605
158	433
453	554
205	649
903	7
710	54
387	630
704	126
653	565
849	147
533	367
676	280
856	145
279	499
921	299
430	546
620	615
153	623
99	565
995	288
315	336
437	505
29	422
128	420
574	654
219	658
275	437
93	647
183	532
956	32
946	66
497	606
693	209
838	185
821	71
99	388
92	404
935	37
663	644
416	636
982	46
983	32
827	27
801	87
126	335
469	598
312	436
256	463
544	635
482	367
873	46
187	607
376	514
993	307
412	479
664	381
112	402
773	160
492	547
28	565
407	394
846	202
976	65
60	338
223	529
568	402
774	196
961	321
281	377
98	549
395	466
447	585
885	240
697	6
382	382
107	490
0	553
586	508
380	488
887	192
983	196
211	341
377	635
80	334
295	447
286	388
147	386
221	492
97	339
607	574
592	570
963	242
934	255
58	664
207	400
108	555
600	566
340	664
526	566
985	211
438	624
556	442
73	638
957	138
319	430
889	64
752	270
560	549
462	491
785	89
505	418
344	336
710	298
816	129
542	379
842	326
312	529
528	381
807	30
676	45
313	666
900	59
551	543
239	518
282	631
736	251
298	409
66	660
994	230
44	405
926	188
425	347
273	473
822	215
892	130
361	568
953	54
835	101
785	193
125	403
946	107
902	263
226	333
549	423
294	651
820	129
46	552
294	494
852	241
133	472
327	334
49	512
738	37
441	433
237	342
829	125
371	665
834	308
948	319
190	466
973	127
640	530
373	640
508	522
686	73
227	378
171	458
729	11
239	490
445	483
305	607
94	523
441	393
506	495
612	398
410	351
286	632
940	97
677	127
252	368
506	411
205	451
173	548
896	322
808	278
950	284
518	419
276	619
972	58
961	102
857	324
938	178
615	370
78	607
326	347
599	461
87	369
573	375
226	418
852	184
510	360
445	560
362	535
289	561
862	234
613	627
638	412
124	645
177	635
464	400
700	193
711	11
988	104
639	647
514	617
405	350
890	202
590	504
712	48
245	660
925	165
84	379
812	212
556	636
142	417
672	48
144	481
963	65
377	379
103	450
650	487
660	422
860	185
947	194
692	36
580	441
554	384
333	473
557	556
514	403
315	378
506	578
473	592
94	544
921	326
424	500
779	198
635	500
646	510
986	147
372	554
734	132
981	40
966	299
283	465
149	363
425	640
629	481
265	534
460	489
376	359
796	312
906	108
811	17
144	415
340	388
175	378
227	487
565	551
3	485
540	547
465	473
729	185
669	319
428	657
195	464
848	23
834	244
378	556
67	411
715	315
670	279
651	513
463	383
177	505
360	426
981	197
999	300
865	200
892	303
80	507
620	586
222	360
491	630
115	539
527	527
912	96
331	336
84	608
379	572
661	587
437	344
308	536
428	542
748	15
347	474
589	490
999	117
361	375
630	428
140	404
380	537
882	115
641	533
591	452
707	29
736	38
258	345
876	141
277	439
502	483
567	333
229	482
121	364
630	484
307	461
591	511
615	513
719	205
475	339
287	336
569	433
891	61
977	303
417	452
145	456
610	548
326	551
512	570
470	362
912	106
157	379
625	540
976	288
593	391
972	171
58	502
113	584
293	401
291	506
843	275
63	366
725	84
816	253
214	584
483	646
422	412
225	458
22	565
516	461
482	502
943	161
339	601
985	55
724	225
757	246
114	443
248	509
624	568
316	558
289	440
371	432
578	604
60	508
395	409
55	569
991	127
123	594
257	562
631	437
322	491
578	524
456	650
27	621
26	526
247	448
275	538
303	610
851	158
546	551
614	649
395	542
209	574
933	263
163	456
528	556
233	446
505	496
160	585
128	464
787	75
654	436
138	611
380	541
727	298
990	215
898	276
327	452
138	528
657	471
296	547
629	535
322	345
529	656
997	183
240	390
869	14
547	443
990	74
348	446
525	529
440	382
350	643
849	249
803	206
397	409
24	592
0	510
448	626
173	653
997	52
525	392
797	198
624	482
426	556
328	344
948	42
166	435
922	108
583	519
312	433
737	257
604	458
104	478
127	416
728	61
860	88
896	161
354	458
70	621
528	615
400	540
830	92
454	580
732	77
918	230
232	396
415	598
32	636
589	459
253	469
432	358
190	666
767	263
40	568
785	34
329	362
145	500
382	604
276	354
935	211
356	364
434	636
574	411
871	132
185	549
995	68
294	638
882	212
251	393
953	132
228	565
635	374
645	587
262	524
954	214
696	33
410	438
647	619
735	105
508	571
66	377
919	77
299	361
209	558
565	472
708	246
818	14
39	567
493	353
964	96
60	482
340	487
185	546
871	69
566	528
920	29
418	363
748	192
93	341
336	506
903	126
832	38
55	337
936	142
964	14
573	390
410	490
387	386
891	283
517	451
118	394
654	641
614	441
733	202
161	395
228	364
183	452
998	318
895	296
74	491
558	532
244	479
669	17
108	634
804	122
992	135
653	370
647	345
633	541
536	549
910	108
985	135
732	226
584	648
825	140
879	142
558	607
505	614
188	581
420	449
80	475
536	563
991	136
563	519
942	18
835	52
579	506
918	1
318	423
853	98
675	220
873	5
900	188
78	389
637	586
929	13
95	498
265	635
953	311
845	14
490	642
190	387
158	651
358	416
415	655
330	574
926	238
445	487
533	530
25	488
513	543
691	257
294	542
979	295
246	511
189	561
653	393
265	334
790	189
883	317
283	664
998	112
583	526
170	658
961	206
65	520
942	199
518	620
270	400
330	571
269	597
175	645
738	288
272	407
771	323
863	153
333	557
349	629
292	406
219	624
606	561
372	389
202	469
752	65
98	629
25	517
549	431
331	495
422	590
639	409
659	345
977	206
185	578
21	439
156	395
172	472
588	556
138	631
831	254
283	466
402	611
235	656
849	98
765	142
927	91
612	629
926	103
156	657
540	581
870	4
836	224
491	662
896	99
575	622
409	647
520	333
597	349
612	564
43	644
427	522
853	77
953	240
686	12
193	364
522	524
395	558
165	536
588	435
647	473
473	496
564	375
641	550
531	615
861	262
851	55
280	520
826	46
464	461
33	619
239	415
88	665
46	504
558	643
61	616
15	437
100	649
805	176
239	562
121	395
420	411
715	295
831	84
380	363
619	636
166	384
112	362
868	285
601	424
339	660
463	418
289	425
161	622
219	461
217	392
880	267
661	344
535	511
322	498
852	283
47	566
372	596
539	363
546	407
811	19
666	156
845	230
135	607
204	607
652	517
853	194
12	378
444	428
90	474
947	98
98	651
876	234
772	143
666	477
667	177
537	436
168	485
478	350
151	591
851	261
741	135
278	452
4	490
786	300
103	466
631	349
432	622
432	551
79	565
691	35
450	505
666	392
316	499
102	455
49	580
346	468
223	633
538	474
72	458
981	227
282	449
195	625
165	572
803	38
418	463
520	581
499	494
826	116
149	582
788	28
25	457
73	604
363	468
602	604
381	455
578	494
369	568
400	658
144	665
309	338
121	442
56	568
562	408
258	416
407	573
722	12
540	639
594	452
981	45
984	270
270	521
487	647
867	190
341	533
129	612
161	651
931	96
588	358
596	529
164	471
361	657
640	509
197	341
29	592
340	485
440	374
374	558
218	605
959	196
737	308
515	340
135	479
447	370
534	530
116	358
823	281
267	535
270	478
603	487
985	16
367	501
612	536
915	5
11	424
581	416
172	425
477	556
825	127
866	185
415	519
108	547
33	435
574	448
526	447
608	367
826	213
659	476
804	211
716	244
6	500
950	325
328	594
605	377
396	519
162	537
603	473
518	430
347	461
752	128
291	503
9	633
400	469
337	642
705	216
154	359
421	605
283	405
77	602
683	162
242	378
13	397
332	541
807	257
633	628
312	427
289	364
244	553
438	490
731	71
565	361
848	144
493	357
115	358
256	393
333	574
553	380
159	389
425	535
954	188
177	420
535	607
675	203
572	527
221	460
185	466
203	487
550	511
488	505
777	80
909	210
62	402
597	551
160	339
168	666
605	491
716	163
879	219
33	398
910	26
20	471
417	465
556	521
209	554
445	375
92	504
581	407
22	429
822	72
365	627
639	583
962	78
96	534
282	492
512	567
686	157
93	444
468	642
447	550
67	368
559	410
334	340
490	342
629	503
321	457
685	29
893	323
243	553
424	391
337	386
991	181
356	665
23	440
49	621
684	241
830	24
354	483
790	88
340	465
654	417
263	607
392	580
29	545
188	575
890	10
226	444
15	378
911	20
735	177
396	505
209	555
168	535
436	468
572	643
53	378
722	74
177	451
826	146
485	645
418	516
975	77
633	421
98	358
380	448
682	173
771	271
792	240
240	395
947	251
405	585
6	513
102	354
913	227
691	294
287	514
313	654
125	377
620	535
884	51
47	604
478	406
281	391
59	432
659	378
666	332
261	616
162	380
159	617
17	379
380	624
813	95
34	361
136	591
595	663
462	591
528	453
652	395
976	249
615	509
973	115
25	509
536	558
972	5
750	17
436	617
315	644
848	64
554	507
557	652
267	378
940	4
981	251
614	538
825	142
944	84
535	537
999	223
833	226
798	55
48	604
266	611
349	496
524	500
548	479
568	564
220	342
192	515
121	498
745	93
977	260
845	200
731	180
345	630
736	120
270	499
737	188
400	368
199	660
853	227
72	659
357	479
864	26
72	352
755	218
34	649
354	545
86	468
147	659
415	345
840	317
266	396
901	220
182	364
268	514
566	654
16	371
874	34
624	423
624	520
692	193
471	565
275	533
398	574
930	252
359	387
130	357
906	186
561	439
585	627
2	566
707	199
4	361
715	279
871	190
208	666
303	640
16	392
840	298
753	170
426	516
854	303
348	383
724	121
402	522
891	217
222	564
417	517
461	416
389	510
61	397
836	56
785	281
743	119
791	137
981	220
730	206
567	351
314	398
344	563
573	543
733	38
512	392
466	389
190	455
819	310
519	490
90	557
754	176
349	506
892	88
951	245
757	190
577	641
147	661
7	442
464	504
681	52
366	404
660	510
239	498
148	530
138	420
672	158
123	358
184	598
677	298
760	192
258	590
663	452
96	390
281	565
839	314
734	29
712	121
275	569
721	79
376	414
959	37
710	37
105	432
402	496
366	389
749	58
200	353
344	497
278	601
209	581
751	90
159	334
580	380
73	578
242	568
709	135
701	69
267	596
48	571
400	393
695	128
265	535
258	666
824	318
156	554
231	653
159	426
987	259
309	407
268	375
14	512
874	221
885	239
50	501
224	494
634	464
207	486
98	383
443	498
814	25
525	499
823	229
923	261
200	415
631	562
647	356
409	566
413	648
643	545
688	256
239	388
696	244
427	621
590	404
907	110
817	184
926	33
274	598
865	46
10	582
440	632
950	90
921	143
855	214
708	16
670	256
165	609
107	499
153	469
189	344
644	428
984	207
858	299
878	34
563	631
244	510
97	395
597	441
489	402
106	443
851	312
217	516
884	189
802	230
754	227
996	7
463	660
748	169
991	111
199	553
271	414
142	406
5	483
466	390
849	82
92	346
33	534
523	608
889	158
687	67
558	627
268	540
267	490
13	625
178	632
148	440
548	658
293	505
275	654
712	268
351	606
623	515
414	666
349	428
810	223
597	529
853	228
154	617
48	514
681	44
285	363
164	342
930	144
629	460
257	437
223	534
662	363
710	170
331	481
185	611
754	213
24	360
936	38
244	486
724	76
15	582
227	584
667	16
41	623
597	564
996	70
897	330
479	643
434	646
310	391
55	396
33	333
215	406
842	28
868	191
139	536
495	555
981	19
78	452
531	478
209	605
589	469
62	568
713	173
851	72
399	666
176	640
990	7
12	546
764	94
470	580
47	502
280	512
737	10
865	141
793	276
962	249
139	490
31	499
872	254
107	393
110	574
777	63
230	426
31	610
446	467
570	588
312	532
287	649
338	373
747	77
485	362
392	495
197	371
12	496
54	430
88	405
344	421
523	537
131	513
845	137
108	608
972	238
943	299
619	626
545	659
614	575
16	590
69	495
414	407
615	532
951	143
75	348
485	342
223	502
88	619
739	115
551	346
715	266
165	611
829	210
422	349
40	604
679	117
559	411
11	579
355	437
457	405
588	336
489	472
269	346
178	507
548	523
733	246
251	622
796	216
905	168
423	395
84	577
214	461
157	378
23	412
798	227
770	311
900	283
678	317
248	552
96	560
840	49
491	442
917	113
602	417
63	603
936	312
207	529
380	630
294	386
400	605
561	336
602	493
103	455
437	528
416	427
945	126
387	466
792	20
547	548
538	375
390	361
796	313
300	429
821	175
606	563
483	529
628	578
303	578
187	514
29	383
187	467
141	650
673	173
92	545
543	561
473	570
191	381
501	552
288	595
281	343
623	421
282	561
984	96
494	387
486	403
587	469
446	482
847	265
126	361
460	442
964	257
721	297
821	309
859	264
669	189
131	468
711	34
421	598
721	11
898	108
870	174
39	614
98	475
390	342
792	321
228	596
465	507
841	96
410	601
635	340
125	636
777	327
34	366
380	388
14	414
515	500
590	466
640	347
293	366
902	320
263	354
820	61
584	398
104	383
359	613
127	604
633	413
274	427
209	419
662	640
707	166
983	89
869	273
576	514
299	371
254	538
125	598
220	646
44	609
96	375
928	326
659	428
424	495
128	354
458	572
666	310
633	453
983	62
328	573
962	100
906	4
111	347
277	355
670	324
959	180
985	171
720	110
614	511
139	654
464	523
801	282
532	579
901	270
214	628
84	555
817	91
990	157
700	119
40	628
33	521
252	574
554	653
825	311
237	421
615	515
363	432
751	42
992	196
726	153
911	154
817	194
548	486
8	346
26	623
891	190
181	592
615	380
382	496
154	522
26	401
764	81
55	581
607	333
427	480
660	364
353	358
874	42
331	356
325	635
176	389
261	504
191	364
689	241
978	227
841	55
312	543
423	627
943	234
862	148
158	566
796	113
729	47
765	29
53	576
358	333
974	280
433	619
587	656
413	575
623	540
227	620
896	217
947	330
640	464
275	493
1	511
913	295
145	469
951	272
629	413
841	110
389	655
833	228
94	623
965	70
207	592
934	162
683	308
383	503
72	487
146	588
699	144
454	502
582	499
719	318
712	198
449	521
355	641
307	420
653	495
995	189
95	660
913	155
237	442
6	489
828	211
668	225
36	353
428	533
70	629
812	46
291	665
328	377
605	592
524	658
194	576
97	600
982	44
585	366
837	186
937	13
534	567
856	332
103	432
870	262
990	28
266	609
342	427
778	38
523	416
365	595
527	417
132	518
293	487
216	615
750	232
894	210
103	497
515	604
122	647
887	32
419	558
369	483
537	630
31	366
726	248
219	352
375	555
678	76
589	511
141	522
80	589
387	375
624	618
651	661
699	8
165	654
514	481
612	460
345	613
658	427
593	642
286	387
690	60
980	96
912	117
432	520
462	541
206	532
668	283
191	433
251	434
530	366
490	403
213	633
339	619
5	339
365	428
677	60
48	380
53	368
874	308
909	33
620	516
905	97
273	494
952	227
195	491
965	265
568	371
346	483
953	140
169	532
763	224
980	171
770	246
679	253
266	588
48	335
62	532
798	275
262	475
299	592
91	555
766	45
674	63
659	584
951	9
561	522
552	602
261	462
823	323
361	435
291	478
142	593
572	616
368	369
191	382
299	396
419	345
546	642
275	592
637	599
153	354
190	557
465	366
417	385
712	61
884	279
664	545
311	637
823	138
435	517
882	87
715	100
401	352
236	567
548	595
127	344
650	517
337	464
640	531
728	174
225	630
18	606
726	230
282	620
161	406
813	306
26	333
611	352
326	364
447	642
530	367
438	442
98	484
933	196
403	563
630	647
567	440
809	147
906	131
326	418
322	397
720	107
897	54
277	342
219	503
260	362
669	199
417	590
362	614
535	353
992	231
947	148
580	370
914	250
150	639
218	463
730	103
56	417
282	368
830	244
683	60
978	21
738	149
146	664
792	273
200	386
847	17
385	546
351	540
804	262
902	226
687	95
964	137
973	147
493	480
881	269
910	257
1	481
580	593
67	656
556	388
660	408
867	125
71	624
705	32
198	347
326	592
356	639
23	425
268	654
578	397
666	635
901	225
215	517
853	82
424	527
584	641
468	569
45	433
214	478
614	620
766	86
731	78
476	382
191	451
698	209
522	335
450	610
684	92
152	630
518	509
876	12
108	435
789	15
48	559
781	159
982	99
368	422
480	577
131	435
235	504
932	6
880	226
924	195
369	505
935	19
525	644
770	79
595	363
776	83
493	389
754	9
733	288
436	553
920	8
43	376
224	393
946	225
110	596
671	325
925	30
784	267
830	275
566	586
957	325
76	474
399	340
476	426
980	184
6	607
13	578
85	408
677	154
315	634
884	90
26	578
245	664
984	302
256	600
843	326
445	548
438	398
360	343
926	70
693	190
525	581
159	632
838	110
853	28
363	484
149	358
813	40
570	545
480	423
689	0
928	279
51	562
552	378
770	276
431	498
151	614
134	451
378	622
330	636
610	382
905	78
573	549
427	337
448	575
499	361
172	564
333	437
113	472
268	408
211	562
738	192
55	580
960	310
879	195
795	222
368	554
617	338
6	529
246	359
912	323
956	311
271	615
764	15
331	341
241	581
209	578
954	107
406	564
939	155
984	10
900	3
984	296
397	656
710	151
929	217
617	541
877	73
895	31
206	419
789	145
932	210
305	376
352	646
356	586
457	514
146	414
641	428
124	633
492	459
839	82
965	148
683	104
205	374
206	390
439	456
794	125
258	543
219	445
708	207
911	157
279	537
661	436
999	136
127	415
54	540
420	606
150	421
260	651
421	349
31	583
658	472
760	269
149	552
835	314
420	377
555	594
681	38
498	514
311	412
448	395
723	116
284	547
690	56
49	544
263	590
526	530
299	576
783	126
662	389
579	456
21	638
558	547
209	566
755	271
555	490
339	666
783	138
305	374
135	488
756	229
389	646
790	6
443	630
34	424
188	466
643	557
125	404
659	628
245	573
81	367
519	664
403	524
985	208
797	309
967	82
611	601
595	631
495	625
446	394
561	543
440	595
219	524
259	552
609	413
626	550
633	613
447	513
36	445
553	459
47	497
102	570
232	560
387	503
255	655
336	582
602	624
111	436
602	580
57	633
981	142
741	236
489	545
554	471
83	662
198	426
655	452
433	554
784	224
828	184
464	629
57	412
309	359
695	155
9	619
736	294
932	185
904	287
788	157
787	203
405	648
637	603
0	373
830	138
834	288
197	420
307	481
841	68
694	169
694	331
444	554
279	492
704	326
922	254
948	98
115	612
684	324
119	444
798	71
402	568
883	302
914	129
67	548
396	574
291	433
265	484
775	283
809	198
918	94
685	173
727	333
263	459
686	237
640	377
603	529
552	556
241	567
846	34
922	160
526	437
857	20
639	372
969	38
477	502
301	586
113	399
74	456
217	653
832	88
796	275
635	395
752	70
333	662
76	333
166	490
640	589
26	497
878	294
173	627
15	443
610	598
58	453
924	168
193	600
885	193
465	642
57	426
239	517
791	208
611	607
445	576
988	230
308	579
565	621
97	444
676	12
95	529
563	337
608	488
4	415
569	620
850	270
974	225
139	376
298	405
503	406
321	432
718	93
798	250
824	206
902	58
558	471
858	63
357	551
149	539
600	520
270	379
181	381
63	410
362	568
699	53
552	361
577	430
316	556
30	515
264	353
408	583
118	467
152	652
622	349
932	0
940	217
580	352
286	384
184	383
834	123
465	522
401	632
29	456
855	11
590	388
504	429
83	547
737	314
965	144
428	543
822	262
914	64
953	257
330	461
71	626
619	441
618	608
17	453
195	389
718	136
548	349
322	558
362	443
567	634
972	80
910	181
108	557
919	52
410	611
97	500
495	468
837	152
65	633
71	513
906	244
816	244
785	310
813	197
444	658
0	405
252	653
13	475
385	414
644	377
340	444
254	650
679	292
85	620
904	127
480	406
754	66
939	53
259	395
707	85
110	475
615	383
154	460
814	201
776	80
144	581
660	363
968	297
772	115
259	497
936	329
987	116
950	113
538	510
479	588
921	271
123	527
901	125
216	525
593	570
907	254
225	421
484	385
693	299
770	12
870	155
980	76
623	571
337	344
953	154
725	15
423	392
146	501
78	555
602	632
547	568
686	46
357	397
111	573
918	311
873	244
864	214
48	351
512	467
618	599
612	565
476	348
405	452
611	342
937	19
804	190
261	516
250	345
245	554
459	414
200	551
547	589
741	321
47	396
976	75
609	525
361	660
192	440
257	583
706	331
729	259
128	474
971	169
387	660
535	347
930	229
898	162
267	471
745	137
998	189
570	542
475	487
730	320
352	404
590	512
398	395
404	421
836	153
419	377
274	649
842	308
201	391
32	403
3	454
113	622
668	132
956	140
226	555
529	414
242	334
158	431
41	440
108	338
58	563
147	530
749	107
333	489
735	155
165	359
465	585
821	319
556	625
748	78
54	450
809	64
873	146
156	487
761	95
210	515
979	148
588	341
746	7
308	408
91	486
192	650
836	86
482	463
372	565
482	397
484	466
125	482
504	552
208	402
86	632
31	445
210	539
872	61
183	593
126	428
981	180
734	137
839	327
558	562
445	629
125	425
127	552
188	652
14	418
120	607
560	513
39	563
196	609
615	346
464	562
583	636
912	275
315	611
106	646
235	448
835	320
99	511
292	556
367	472
164	372
645	584
347	448
670	332
298	419
618	628
149	377
165	355
626	345
732	239
8	517
87	459
867	58
928	241
96	394
669	320
678	291
235	514
249	582
455	374
587	617
519	338
896	52
882	54
619	642
653	526
549	440
199	472
941	5
107	398
547	562
191	589
626	630
839	38
184	350
127	625
145	461
723	6
387	635
553	614
569	477
93	546
579	464
247	334
646	666
508	416
449	626
524	340
959	13
83	637
199	516
619	442
535	357
45	591
419	632
679	254
536	474
898	70
194	413
929	128
293	548
651	469
281	574
50	386
659	375
38	553
748	168
875	127
827	323
542	354
629	468
109	371
944	327
157	526
347	640
852	288
454	373
382	489
868	240
346	365
322	575
894	182
959	318
699	80
876	5
985	105
764	226
459	530
799	188
381	657
455	502
74	382
191	504
296	439
45	475
24	659
760	228
652	546
526	658
53	551
228	509
56	394
394	666
268	666
202	631
376	629
149	657
879	300
321	638
627	466
116	333
934	64
71	523
353	380
740	11
673	332
728	307
149	384
87	334
139	397
40	472
506	500
42	360
80	458
823	119
346	651
541	441
768	191
341	558
276	489
705	174
101	478
771	212
717	145
679	325
178	508
502	426
96	574
747	203
414	399
247	659
64	512
762	40
918	90
572	423
462	565
534	512
90	528
273	409
426	509
814	291
740	18
591	662
266	342
635	652
240	663
560	384
156	433
87	596
457	560
321	648
850	317
575	471
135	387
769	53
174	471
583	596
858	91
496	626
746	302
234	365
431	598
806	135
58	545
16	480
330	338
654	508
936	220
151	502
541	439
559	636
333	649
776	79
39	554
373	397
454	342
899	237
502	342
600	581
275	566
693	154
911	273
176	438
897	283
810	289
179	493
314	450
916	306
680	319
674	61
341	508
891	263
28	494
69	427
964	229
565	615
111	361
300	483
184	459
207	600
293	541
6	620
518	572
23	528
459	444
151	565
835	235
108	605
268	359
560	583
433	568
430	488
320	404
478	598
624	529
22	369
256	478
239	420
271	571
300	427
991	5
554	494
97	432
404	596
631	411
631	599
382	380
185	350
519	440
295	476
376	553
336	374
107	579
669	27
56	396
492	474
558	568
441	645
194	497
203	573
516	496
168	400
100	469
341	395
252	502
302	543
429	530
718	1
326	480
662	423
999	60
853	38
405	587
477	653
15	451
231	366
880	88
152	639
664	666
511	570
437	547
185	655
190	433
436	649
872	101
410	576
381	337
616	371
236	477
207	551
9	615
179	544
639	645
113	465
202	606
884	326
603	357
551	357
694	147
418	576
631	509
276	572
309	609
742	14
397	590
17	371
813	321
273	376
610	464
137	535
259	400
17	563
63	462
59	567
152	413
815	195
183	335
443	408
379	359
944	258
662	415
271	338
155	661
420	603
115	369
582	555
554	461
925	156
432	633
192	411
443	445
802	184
766	167
927	15
517	573
784	21
600	512
561	437
237	452
507	346
252	431
597	485
857	274
362	582
89	426
734	332
433	544
559	495
849	301
438	502
783	212
553	335
168	426
648	392
564	513
821	177
256	554
271	537
708	89
752	214
842	205
234	484
954	329
232	661
834	240
24	343
339	543
870	177
804	277
376	457
7	523
323	408
17	603
48	465
608	452
583	634
449	502
400	498
840	50
323	452
601	441
608	644
605	372
80	578
917	270
60	604
116	336
475	471
80	409
0	464
420	349
416	451
812	153
607	454
129	417
221	614
484	538
335	547
385	457
440	420
712	148
142	615
601	363
364	589
907	79
54	551
289	354
413	465
227	372
574	403
625	576
624	594
482	526
677	260
592	486
336	338
20	333
329	402
543	375
521	510
29	534
764	103
413	443
975	27
923	85
881	230
514	438
999	120
724	25
376	338
0	355
39	366
38	394
400	380
817	189
9	459
292	651
728	37
107	625
291	480
313	662
67	569
864	149
264	518
131	417
730	316
923	321
133	529
308	595
320	366
805	43
157	338
517	608
847	272
791	187
480	573
778	84
909	236
894	254
531	605
23	435
72	633
824	92
917	325
540	648
63	536
817	231
801	225
336	390
513	645
984	78
59	361
646	618
546	498
755	238
208	489
791	325
103	634
598	657
664	586
879	330
387	569
224	479
43	627
380	598
545	449
637	380
219	496
121	462
986	314
40	566
805	48
182	615
513	608
549	654
525	455
759	122
345	458
591	646
251	525
410	537
145	619
781	228
754	124
405	644
120	517
857	62
190	382
497	354
363	509
803	97
316	479
947	162
935	134
437	490
852	164
724	322
223	652
226	469
368	485
704	27
135	341
515	525
830	198
389	390
518	640
823	176
421	635
751	205
774	199
586	501
267	349
407	632
487	483
117	438
439	650
633	410
687	17
290	362
206	625
405	656
123	634
85	612
78	392
228	537
688	44
659	613
252	424
54	425
232	469
107	651
245	404
13	378
734	203
283	462
639	666
839	18
80	525
330	391
62	606
280	381
243	428
938	267
231	509
247	458
985	178
329	404
837	242
627	406
180	647
233	360
956	22
944	191
696	56
464	397
358	547
418	350
879	164
753	284
540	475
658	565
744	265
992	174
74	365
681	3
445	647
124	591
65	626
636	491
445	463
605	539
257	355
553	407
623	427
327	494
591	366
159	600
344	534
441	551
759	94
326	334
696	63
334	559
155	485
129	414
848	81
279	448
21	534
400	333
369	402
678	182
154	401
614	498
486	629
961	79
380	596
496	471
165	340
439	449
177	660
35	372
444	463
239	405
133	434
871	296
213	445
907	224
847	58
298	395
704	153
148	539
923	311
663	463
103	517
565	471
209	469
344	392
304	596
812	225
317	376
154	449
376	491
423	540
440	482
836	92
254	444
32	591
84	434
52	566
423	401
597	585
742	95
74	630
263	546
74	550
327	663
184	551
341	477
209	407
607	424
740	127
250	605
788	163
856	80
883	194
466	408
205	343
958	272
562	651
682	63
960	249
536	629
198	562
835	137
888	330
697	302
338	470
259	509
541	425
152	440
689	26
166	591
688	267
837	24
440	512
378	505
699	288
987	180
208	404
575	623
886	207
448	593
506	401
636	461
427	433
499	464
50	445
427	347
276	458
585	348
661	451
189	568
892	132
648	504
65	400
174	533
679	264
345	439
309	603
899	63
268	568
719	93
613	448
431	581
922	209
996	123
202	597
394	431
569	601
593	639
77	454
60	649
600	588
939	70
753	283
717	81
918	275
920	288
704	212
534	364
523	374
962	56
741	197
598	470
0	392
343	587
387	333
848	179
774	81
36	518
65	348
99	371
861	271
505	529
544	587
865	298
561	619
691	0
639	359
258	516
513	470
255	338
858	138
463	636
687	223
674	227
291	569
426	446
687	130
281	398
645	462
742	58
415	548
516	356
560	616
477	656
706	134
250	588
859	89
821	90
766	194
538	398
593	393
837	52
636	514
856	328
89	594
477	358
172	572
193	515
492	649
178	487
977	143
655	588
152	396
125	360
193	463
77	352
721	41
43	646
796	169
48	469
136	518
45	487
340	520
861	43
306	359
256	454
267	616
620	393
89	443
203	579
631	544
630	596
944	278
156	405
859	332
976	191
71	651
547	472
783	132
109	623
836	103
586	526
599	463
936	117
162	484
356	410
898	20
565	533
199	487
662	333
478	393
440	588
122	479
201	412
19	520
980	155
843	25
401	516
872	18
444	598
827	160
421	659
916	107
114	389
186	656
74	656
673	25
728	241
35	402
146	490
713	39
698	234
445	598
401	424
428	414
566	389
681	244
813	32
724	147
669	242
989	199
438	484
651	599
994	26
190	522
815	116
707	231
714	119
694	298
636	557
475	535
399	662
955	1
311	476
180	471
382	339
67	521
885	102
169	601
412	434
612	608
852	157
220	535
988	134
224	464
79	508
372	523
749	110
326	405
589	389
683	118
730	233
998	201
785	242
805	263
346	527
420	365
711	169
634	620
869	261
493	645
17	577
287	426
300	643
720	218
911	184
546	624
432	592
354	431
632	398
172	566
999	231
455	493
217	599
508	424
909	141
359	423
426	517
32	627
933	44
602	564
840	109
72	406
194	357
898	22
324	603
445	370
569	445
170	377
6	333
837	116
756	287
808	199
494	597
656	598
487	435
855	161
467	398
618	516
771	169
9	421
952	37
865	134
803	320
631	616
860	255
67	589
499	430
807	39
772	272
526	505
654	347
62	540
591	406
148	524
900	307
239	533
648	467
357	467
588	604
413	364
141	657
340	419
23	566
911	289
16	484
482	597
0	656
227	466
930	273
872	54
843	195
819	38
760	206
900	142
685	40
743	307
404	573
232	390
600	563
573	354
858	119
583	448
849	21
723	267
574	398
618	391
521	363
404	422
989	133
402	414
791	228
453	430
925	1
270	345
278	408
367	580
631	587
121	607
602	475
852	156
7	538
335	662
250	381
952	177
265	590
10	350
102	658
844	136
830	227
441	658
613	492
885	300
445	430
296	648
756	138
51	396
702	212
59	494
529	417
326	638
601	428
385	359
118	468
306	516
405	365
247	556
326	514
877	303
719	122
783	281
676	248
360	447
436	406
530	524
790	891
294	195
911	729
154	769
730	998
866	586
669	447
824	978
679	418
542	246
835	617
856	611
351	212
888	770
348	84
362	806
559	694
322	890
570	303
128	133
339	711
686	721
934	906
286	226
852	346
955	544
871	983
781	911
668	756
526	192
903	404
861	810
973	954
207	761
268	219
683	697
657	307
221	844
641	52
750	805
780	773
321	920
359	140
786	962
65	744
456	162
486	200
183	200
120	195
351	132
592	784
152	794
669	900
12	723
233	274
511	828
659	771
279	189
173	46
585	76
545	787
656	38
217	209
650	774
404	219
816	426
380	189
64	22
375	965
88	81
753	841
357	102
953	608
231	918
430	105
652	965
801	869
27	827
263	109
16	675
215	691
723	630
690	450
481	194
333	272
85	128
81	144
249	125
966	842
576	914
753	996
494	805
607	275
961	932
932	997
976	429
413	839
678	514
465	91
593	958
590	93
652	212
107	918
344	291
432	194
351	959
220	744
398	187
430	109
265	82
379	268
724	431
493	285
230	146
183	918
317	77
184	747
389	25
677	432
613	738
847	846
362	210
144	806
296	277
204	792
149	873
973	619
945	889
693	758
797	445
497	14
448	40
528	168
399	693
447	967
186	929
868	872
317	775
870	670
966	630
563	35
809	427
443	120
646	679
793	542
319	129
19	144
751	381
548	969
619	241
960	885
713	972
749	824
614	854
31	191
0	259
18	923
709	376
698	865
612	927
540	773
27	264
764	690
235	859
756	718
16	994
168	996
961	560
498	789
256	52
146	730
605	995
183	858
996	966
387	834
444	62
174	110
74	942
572	783
127	928
245	168
549	970
94	28
533	701
737	759
597	228
370	915
608	798
197	699
406	851
466	887
615	893
709	625
26	283
20	129
998	364
727	959
498	140
950	823
477	767
295	717
681	793
574	163
900	434
543	254
656	242
410	311
877	337
172	16
784	496
804	880
269	114
37	971
752	466
570	702
212	925
591	0
702	886
640	914
863	986
665	103
75	813
256	246
902	514
601	198
140	699
982	626
800	394
393	743
559	85
266	877
110	743
113	753
977	930
714	538
869	481
573	903
670	730
783	773
238	878
881	422
200	127
505	924
695	721
21	187
469	83
633	823
349	935
993	763
721	769
570	969
689	585
797	384
913	599
788	502
795	715
272	675
737	520
279	819
258	887
872	702
727	865
544	769
345	33
870	466
133	252
344	714
431	767
310	130
951	910
904	475
821	781
218	174
233	33
762	836
197	997
42	278
671	738
752	847
4	40
263	952
668	493
49	52
550	310
658	669
912	881
546	751
114	835
82	938
380	847
356	80
182	935
89	234
162	145
382	15
481	117
576	751
779	956
463	741
695	947
921	635
126	331
607	7
998	897
336	920
732	542
918	460
272	147
288	264
774	365
507	938
878	584
968	539
984	643
106	740
657	3
854	460
394	120
995	373
20	821
937	825
360	29
488	206
37	804
812	777
373	171
155	172
115	800
775	491
239	258
139	894
105	857
129	265
151	789
988	405
702	716
560	265
155	959
240	47
212	943
876	337
825	989
184	928
835	362
412	793
793	495
617	789
522	141
366	959
264	729
651	144
538	247
480	693
35	764
284	165
661	853
750	594
210	745
539	179
917	455
429	205
795	807
504	710
982	643
686	383
441	849
159	965
735	976
405	687
315	942
244	991
829	847
358	681
115	37
401	925
662	890
816	347
832	423
726	692
192	17
295	95
89	774
971	335
700	613
452	46
218	95
663	235
882	520
325	863
446	68
577	998
419	105
146	819
496	10
622	686
425	929
917	537
60	174
358	235
193	824
956	777
594	744
722	456
509	793
760	846
734	523
507	123
671	996
479	279
571	211
477	58
356	223
458	985
479	62
558	892
365	57
238	252
200	674
701	819
408	853
76	185
438	942
183	961
441	801
402	930
675	734
921	696
893	470
756	807
657	674
367	924
245	25
270	153
758	793
575	134
508	697
895	348
645	243
590	996
662	17
530	814
952	662
327	216
817	826
835	604
228	64
74	178
962	876
500	878
156	124
557	85
587	947
152	797
188	885
117	150
426	92
349	309
387	914
481	925
482	685
295	229
325	313
221	123
511	888
256	983
498	9
782	941
903	829
50	722
897	905
197	292
74	949
590	797
799	340
888	908
388	329
950	982
838	829
32	932
386	701
483	691
987	370
875	914
677	565
632	688
765	592
454	292
483	833
831	940
948	414
522	167
478	980
556	57
480	837
370	730
939	342
1	982
429	164
408	216
287	37
445	18
716	503
957	429
681	620
904	927
989	815
285	137
642	687
729	487
638	321
639	960
274	801
793	911
588	164
98	825
709	764
595	207
599	999
553	102
109	723
715	463
439	806
125	709
639	694
702	887
968	473
447	55
859	776
951	347
532	318
867	634
841	472
434	735
787	522
701	402
121	902
375	914
437	225
253	738
358	939
410	807
613	978
516	961
792	595
956	712
644	828
875	838
330	124
748	990
164	896
627	95
264	113
452	302
511	685
720	468
745	923
383	788
356	217
924	899
476	897
439	827
965	559
549	790
589	877
752	767
68	208
494	270
456	26
859	564
566	79
297	916
935	770
468	265
537	14
120	738
867	461
246	679
102	740
890	796
169	222
144	173
991	989
801	544
286	272
489	62
492	5
705	651
221	97
300	872
302	927
618	748
101	308
72	786
643	323
895	894
125	812
3	689
878	911
533	873
829	740
249	291
800	795
966	965
209	98
892	700
168	911
872	438
45	14
641	111
294	977
218	214
720	940
994	745
257	50
340	14
283	801
381	147
316	807
246	982
365	853
574	732
272	169
732	920
232	905
657	106
291	821
738	522
491	76
494	51
214	690
233	770
745	696
44	731
714	942
438	758
833	924
35	795
848	566
68	938
849	678
5	689
782	799
809	661
651	159
645	810
366	847
895	651
101	180
134	196
807	667
694	380
139	290
491	670
850	910
352	292
406	752
850	881
674	946
537	137
429	802
82	163
85	268
843	898
23	827
49	229
860	754
275	805
734	482
946	857
372	36
550	266
514	752
644	681
103	18
547	838
334	178
8	140
367	298
757	999
627	123
164	781
475	274
444	318
820	638
849	813
348	145
608	98
303	830
366	137
726	363
647	670
53	69
514	869
864	448
881	658
319	51
677	814
536	282
818	875
519	919
593	50
953	425
311	149
93	902
977	399
78	732
472	784
293	328
297	56
65	222
589	796
255	303
327	72
512	172
497	248
443	751
690	883
307	198
818	725
650	181
848	558
669	675
13	983
490	139
336	4
625	710
148	209
82	937
889	987
911	748
319	217
232	318
849	947
792	780
388	192
337	796
499	198
441	263
541	22
739	636
494	171
565	23
193	894
4	747
228	953
913	911
250	170
467	777
874	463
932	604
462	70
320	938
282	315
661	844
114	967
323	285
885	497
455	47
476	160
621	316
985	907
961	658
934	348
635	243
674	383
257	255
706	877
421	837
763	519
184	100
951	523
133	169
366	197
213	759
321	840
675	997
971	602
847	499
490	258
551	685
671	928
522	876
551	36
186	909
388	881
841	683
845	501
525	804
769	790
536	226
220	691
121	668
883	712
312	133
435	38
685	965
718	579
186	765
421	228
411	7
118	792
549	237
185	717
503	715
536	717
142	50
685	576
268	948
824	346
768	687
575	68
235	315
826	951
406	251
537	176
586	693
993	797
944	737
38	309
454	798
399	810
14	313
994	503
214	942
199	50
602	86
21	163
234	101
214	75
347	97
740	578
690	700
362	189
456	804
199	990
298	973
780	522
53	79
604	835
396	896
534	908
671	665
990	709
880	947
359	105
498	874
690	380
326	704
218	250
777	419
371	83
921	647
291	269
194	971
169	688
265	70
845	707
890	558
937	717
683	723
641	797
722	350
502	988
486	106
294	872
227	36
974	973
31	693
634	806
414	745
299	174
839	443
145	908
752	742
895	566
945	755
397	942
153	740
410	919
996	718
684	529
991	794
761	431
458	192
471	102
540	120
582	290
855	566
660	0
696	875
312	154
605	31
309	992
206	67
321	266
508	708
14	791
888	583
775	418
676	348
455	832
486	221
212	149
983	676
428	858
90	265
891	834
327	248
416	4
836	686
295	683
805	347
750	400
171	58
212	824
890	554
43	93
869	424
381	830
128	706
748	764
471	868
323	684
940	373
44	249
476	967
256	928
67	695
729	587
393	91
688	380
582	941
993	820
799	434
506	308
104	270
537	203
835	674
533	210
311	969
648	744
496	675
552	316
562	717
664	95
871	943
279	983
427	681
586	836
388	958
711	566
629	815
170	264
689	553
44	296
243	145
250	47
627	761
114	904
615	10
448	696
264	294
321	222
279	60
866	577
167	15
60	222
535	228
933	562
267	707
886	558
565	909
477	200
869	990
333	920
379	103
956	377
616	322
348	746
486	733
782	540
361	171
415	803
361	883
105	674
185	779
760	944
698	390
949	907
518	842
742	672
497	985
898	735
598	304
897	671
905	585
449	784
291	320
370	21
96	271

300

600
600
600
600
600
600
600
600
600
600
600
600
600
600
600
600
600
600
600
600
600
600
600
600
600
600
600
600
600
600
600
600
600
600
600
600
600
600
600
600
600
600
600
600
600
600
600
600
600
600
600
600
600
600
600
600
600
600
600
600
600
600
600
600
600
600
600
600
600
600
600
600
600
600
600
600
600
600
600
600
600
600
600
600
600
600
600
600
600
600
600
600
600
600
600
600
600
600
600
600
600
600
600
600
600
600
600
600
600
600
600
600
600
600
600
600
600
600
600
600
600
600
600
600
600
600
600
600
600
600
600
600
600
600
600
600
600
600
600
600
600
600
600
600
600
600
600
600
600
600
600
600
600
600
600
600
600
600
600
600
600
600
600
600
600
600
600
600
600
600
600
600
600
600
600
600
600
600
600
600
600
600
600
600
600
600
600
600
600
600
600
600
600
600
600
600
600
600
600
600
600
600
600
600
600
600
600
600
600
600
600
600
600
600
600
600
600
600
600
600
600
600
600
600
600
600
600
600
600
600
600
600
600
600
600
600
600
600
600
600
600
600
600
600
600
600
600
600
600
600

17
14
20
16
13
15
18
11
18
11
20
14
17
14
19
15
10
20
16
18
16
10
13
16
19
11
15
17
12
12
15
14
14
11
17
20
11
17
18
18
16
11
14
19
18
12
12
14
16
16
10
20
11
15
13
13
15
20
11
12
17
20
16
18
14
16
13
11
13
19
19
15
18
20
19
20
15
18
18
20
17
14
14
20
16
13
16
16
13
12
19
12
12
13
16
15
15
11
17
20
17
10
14
19
20
12
12
17
15
17
20
10
12
14
11
17
16
10
15
15
14
19
15
16
17
19
16
18
20
18
13
12
16
10
10
14
12
11
19
20
12
14
10
16
15
11
14
14
15
13
19
18
10
13
16
11
19
15
18
17
17
16
16
12
12
17
11
14
20
19
16
20
10
11
19
17
18
18
20
13
16
19
11
13
18
13
17
11
12
15
20
17
10
18
14
17
13
11
11
12
11
19
20
16
18
11
16
14
14
19
13
15
16
13
18
17
13
15
14
12
17
18
14
12
18
16
19
11
17
20
15
14
15
15
10
14
14
16
18
16
14
13
11
14
19
11
16
16
11
19
15
12
19
14
14
10
18
17
17
20
14
15
13
20
10
20
11
14
13
19
18
20
16
17
13
19
18
12
15
13
15
18
12
10
10
10
12
18
19
18
11
16
15
12
14
10
17
16
19
12
18
20
16
19
13
14
19
14
14
15
19
11
12
10
18
17
10
17
12
13
16
15
18
11
19
13
20
17
14
14
20
12
14
16
20
15
18
12
17
14
15
11
11
20
16
19
19
11
15
10
11
20
14
16
18
16
19
16
19
19
10
19
15
11
15
17
14
12
20
16
11
11
18
14
13
13
11
13
10
10
15
12
20
16
14
10
10
14
18
14
20
11
10
12
15
16
13
13
16
20
14
18
10
15
18
17
10
12
20
15
10
13
18
13
13
12
13
14
10
15
11
18
17
16
11
18
11
13
12
15
15
13
20
20
18
10
11
12
17
19
19
15
20
15
14
11
19
15
14
13
15
15
20
12
10
13
19
15
17
15
15
17
13
20
14
20
20
16
12
16
12
10
15
19
17
14
18
19
18
17
14
18
11
18
10
10
11
16
20
15
13
18
18
12
11
10
19
13
12
20
11
13
12
14
18
17
12
20
11
12
18
19
19
19
13
13
12
20
16
13
13
14
13
13
20
20
12
20
16
18
17
15
10
19
17
19
11
17
11
16
10
19
17
13
12
18
10
13
15
12
13
20
19
12
17
12
15
10
13
20
13
17
16
17
20
20
12
14
17
14
16
20
14
12
13
10
11
18
17
16
14
19
16
19
11
15
13
20
15
10
14
16
13
14
20
17
17
18
13
19
20
13
14
11
20
12
11
17
18
17
10
15
10
17
19
15
10
10
17
17
16
17
20
18
18
15
10
14
12
17
15
11
17
13
16
20
14
18
15
18
12
19
19
12
11
19
18
13
13
11
20
17
12
11
20
12
18
14
16
16
20
20
11
10
17
15
10
17
10
14
20
20
20
20
12
20
10
15
11
16
13
11
16
16
15
17
16
14
12
17
10
10
18
11
20
17
18
17
14
16
20
16
14
13
19
14
15
11
15
10
20
18
16
20
11
11
16
12
20
15
18
17
12
13
14
15
15
14
20
13
11
18
12
10
17
18
15
17
20
11
18
16
11
20
16
20
18
14
14
19
12
15
16
15
15
19
12
14
18
15
13
13
14
17
20
10
14
13
17
19
11
20
10
10
19
11
11
11
13
17
11
19
16
10
17
11
11
14
16
15
16
16
20
11
15
18
12
19
11
16
20
16
15
12
13
12
14
13
13
14
14
17
12
15
16
20
20
19
16
19
17
16
17
20
18
11
20
18
14
14
19
13
15
16
20
20
10
20
17
15
14
19
16
10
20
12
13
13
10
18
11
16
18
10
16
12
15
20
11
20
15
10
15
11
16
20
19
17
15
13
20
20
17
15
16
13
14
20
16
13
14
14
17
19
14
11
16
14
13
20
15
18
20
19
18
17
15
20
16
20
17
15
10
20
13
16
20
16
13
15
10
17
12
12
14
14
18
16
16
17
17
13
18
18
11
18
14
15
11
14
16
10
14
14
11
19
18
20
14
12
16
12
17
15
11
18
11
11
15
13
15
18
13
14
16
15
13
12
11
19
14
10
11
20
13
12
10
19
11
18
16
13
14
14
20
17
17
19
18
13
12
16
13
11
11
14
19
17
12
18
10
18
17
13
12
17
10
20
12
10
11
17
20
18
20
13
10
12
14
16
16
18
14
10
15
13
15
15
20
15
18
19
13
10
10
19
16
17
11
19
18
13
15
10
13
17
12
19
11
12
14
17
15
18
15
19
17
16
13
12
20
18
13
12
16
12
16
19
17
14
12
17
13
11
14
14
17
18
12
14
18
11
16
15
15
20
13
12
20
18
16
14
14
14
19
15
20
11
18
18
17
14
18
10
19
13
12
18
14
16
17
19
11
15
17
14
12
14
17
14
12
18
13
13
10
17
11
10
16
20
13
20
19
16
16
13
18
20
18
13
20
14
18
18
16
12
11
16
18
10
20
12
16
13
20
15
11
19
18
12
12
15
11
18
14
11
12
17
10
11
17
10
13
15
13
17
13
20
19
10
12
17
14
18
14
12
14
13
14
20
17
13
10
11
10
16
14
10
18
18
14
15
10
11
11
20
20
17
18
10
18
18
10
14
17
17
16
15
11
17
15
19
13
10
10
11
15
12
20
17
19
13
13
14
17
11
16
15
14
15
19
12
16
17
14
10
16
16
12
15
17
18
14
11
12
15
14
15
17
14
12
17
16
17
19
19
11
15
11
11
12
10
20
18
19
15
19
10
10
19
14
12
18
14
10
18
14
13
15
12
18
20
15
20
14
20
13
18
11
15
13
16
20
12
13
15
16
16
12
10
14
17
18
19
18
20
12
16
13
19
14
16
19
17
19
12
13
19
19
19
19
19
13
18
12
12
14
10
16
20
10
16
14
10
12
13
10
14
11
18
19
15
13
19
19
15
16
13
11
15
10
12
11
17
10
17
10
18
15
20
15
10
18
16
16
16
14
13
19
15
15
20
12
15
17
10
17
10
17
18
18
16
11
14
14
13
11
20
19
10
11
17
17
12
17
20
16
16
13
11
17
12
19
16
20
10
17
10
15
10
20
15
19
20
11
11
11
13
17
17
20
13
17
15
14
17
14
18
20
15
14
16
14
15
20
13
18
15
20
15
19
11
20
13
19
13
17
14
20
10
19
20
20
20
17
17
11
17
13
12
18
17
19
10
15
19
10
10
18
19
17
15
12
17
13
17
12
15
11
16
20
15
19
12
14
16
11
18
14
16
14
16
11
17
19
18
13
12
18
20
11
13
16
10
18
14
11
16
12
16
19
13
14
19
19
14
20
20
15
17
15
19
17
11
11
13
10
14
20
18
10
18
15
11
17
18
13
19
18
19
19
13
12
20
17
15
18
17
14
20
10
20
17
13
11
18
19
10
15
12
19
14
11
14
20
11
15
12
19
10
15
18
12
11
10
12
18
15
12
11
17
14
18
17
11
11
17
20
17
12
11
15
17
19
12
13
13
19
16
17
16
17
19
13
20
14
14
13
11
10
10
18
17
13
17
20
20
18
13
14
12
16
15
20
15
13
17
17
10
18
15
16
10
15
15
19
20
18
10
19
10
19
11
13
18
10
15
16
13
18
12
13
16
16
14
17
13
14
18
15
17
19
12
13
16
20
11
20
10
19
12
19
11
16
11
17
17
20
18
16
12
14
12
10
18
17
16
15
15
17
20
18
15
20
16
10
15
17
13
14
15
19
19
19
16
13
14
16
12
10
14
13
13
18
12
13
17
18
19
11
17
11
16
18
20
16
12
16
14
16
20
15
16
19
20
20
11
14
11
13
20
16
18
14
11
18
18
12
20
11
13
13
10
11
15
10
10
15
12
12
16
20
16
17
10
11
18
15
20
11
13
19
13
17
15
10
18
10
13
17
12
11
15
18
19
12
20
20
13
10
12
15
16
20
12
12
15
18
15
11
12
18
19
15
13
15
13
13
20
20
11
13
13
11
14
10
16
11
15
17
15
11
13
15
13
10
10
11
16
16
19
15
16
12
13
19
15
15
15
16
13
18
14
12
17
11
20
16
10
15
12
12
16
12
13
11
17
11
17
11
19
13
17
10
14
15
11
18
18
14
14
19
20
20
14
18
18
15
11
10
15
18
14
12
18
17
15
16
20
20
19
16
17
10
16
15
19
11
20
19
13
19
18
20
14
17
16
20
20
15
18
18
15
20
11
13
12
14
11
11
11
13
10
11
18
12
12
15
13
18
14
17
12
10
11
12
13
18
20
20
14
14
16
18
10
14
20
16
18
17
20
20
15
10
11
14
12
17
15
18
17
20
18
20
20
16
19
10
12
10
16
11
16
10
10
15
20
10
15
18
20
15
12
12
17
13
19
10
15
19
18
17
20
18
14
18
20
18
11
20
11
19
14
11
13
10
20
10
11
18
11
14
16
15
17
18
20
13
12
13
17
15
10
19
11
15
20
16
12
14
20
20
18
20
16
20
10
10
16
15
13
15
20
20
10
20
16
15
11
17
18
20
11
16
17
12
15
14
13
19
16
10
14
20
16
10
13
12
17
13
10
11
18
20
20
13
18
10
18
15
16
14
19
17
14
18
15
20
17
20
18
10
17
16
16
18
20
20
19
16
12
20
20
16
15
18
16
13
14
11
14
19
12
11
15
13
20
20
17
13
20
17
20
16
16
19
17
13
12
19
10
14
19
20
18
11
18
16
13
20
14
17
10
17
18
15
11
19
13
19
13
18
11
13
14
17
13
12
13
14
16
12
17
13
18
19
19
17
19
20
13
10
14
14
15
17
16
15
11
14
19
19
10
12
14
19
10
13
13
12
14
10
11
18
14
12
19
11
18
13
13
11
12
10
18
11
20
11
12
14
16
17
10
13
11
12
14
15
14
14
20
15
15
18
18
13
18
17
20
20
10
16
20
16
15
12
13
20
15
12
17
13
15
10
19
10
18
12
11
11
15
15
11
18
16
11
12
13
14
19
17
13
14
14
11
20
10
12
17
19
10
18
13
15
11
20
11
19
10
12
19
15
15
18
11
11
10
14
10
19
18
14
15
10
17
10
15
19
19
10
20
17
16
14
19
11
15
17
13
18
14
13
17
12
18
17
17
12
11
12
16
10
16
12
17
11
13
13
12
15
15
13
10
16
15
17
17
19
16
10
12
18
13
14
20
13
16
20
11
12
16
19
20
16
11
15
17
16
17
19
19
13
18
15
13
20
18
20
20
13
19
13
18
18
10
10
16
17
17
12
20
14
15
15
17
14
14
19
12
16
13
20
12
12
20
15
12
10
12
19
18
20
11
17
19
12
10
11
13
15
15
19
11
11
13
19
11
16
11
18
11
18
17
20
15
14
15
12
17
18
13
12
14
18
15
15
17
11
17
14
14
20
15
18
20
17
10
14
20
13
10
16
16
15
14
20
12
12
20
18
17
18
12
12
13
19
16
20
17
14
17
19
15
10
16
10
20
10
10
15
17
16
10
17
16
15
16
14
15
20
11
15
14
17
19
12
10
18
16
15
11
19
14
10
14
19
18
16
10
17
10
15
10
14
19
18
20
13
20
11
15
12
11
19
14
12
15
14
13
20
13
19
11
20
16
12
18
17
13
13
12
15
19
14
19
10
18
13
17
16
19
15
19
19
20
17
17
16
18
16
19
18
16
13
14
16
16
18
16
10
17
13
13
17
18
12
13
10
13
10
18
15
12
20
10
18
12
18
17
18
19
18
11
18
18
15
13
20
19
12
16
13
15
16
18
17
14
16
14
19
16
16
14
11
20
10
16
18
18
15
18
12
15
17
10
18
11
11
11
11
20
10
14
11
11
18
17
14
15
14
15
11
15
12
15
20
20
11
15
15
15
18
19
19
15
19
18
11
16
13
18
20
12
19
13
13
13
16
17
11
14
10
18
12
17
11
19
10
20
17
20
10
11
15
18
19
18
13
18
14
12
13
11
15
12
18
20
10
11
15
13
13
14
12
20
13
12
14
17
20
11
13
18
12
10
20
15
10
13
14
14
18
13
17
18
18
19
19
12
16
15
15
20
18
13
20
12
20
18
20
18
14
12
14
20
20
20
10
14
19
15
20
20
11
13
19
17
10
11
14
18
19
13
17
11
12
18
18
12
20
15
19
11
10
13
12
11
16
14
10
15
16
18
11
17
14
20
20
10
11
19
20
13
16
18
19
20
17
16
17
15
14
11
11
16
15
11
14
13
14
17
14
18
20
19
10
13
10
10
11
10
12
14
19
17
12
11
11
12
10
12
15
17
20
12
11
19
15
11
11
14
14
19
13
17
14
20
15
10
15
17
11
17
20
13
20
17
14
16
12
10
15
14
14
20
10
20
19
20
20
10
20
17
10
11
17
20
17
17
10
11
18
17
14
13
19
17
13
20
19
12
20
17
16
20
16
13
20
15
19
12
13
13
11
12
18
12
14
14
13
18
19
10
14
11
13
14
10
11
18
11
12
13
10
15
11
19
17
14
12
18
13
17
12
10
13
19
18
11
11
14
14
11
15
19
19
15
15
12
13
19
19
15
20
15
12
19
13
13
17
11
11
12
14
13
18
13
19
20
12
10
19
20
20
20
16
13
18
14
11
15
16
10
19
19
17
18
16
10
16
11
14
10
16
11
16
18
11
20
15
18
11
20
19
13
12
18
18
19
11
15
13
17
10
11
18
18
10
20
18
16
15
18
11
20
11
17
17
17
20
20
10
19
17
17
14
15
18
20
14
17
11
13
11
10
14
16
17
16
18
18
14
14
20
11
19
12
12
17
18
15
10
18
15
11
18
20
11
11
20
16
20
18
19
11
19
18
16
12
13
15
15
10
18
17
10
12
17
18
13
20
16
10
10
13
12
11
16
10
20
17
19
11
20
12
14
14
13
13
15
10
10
19
12
16
13
10
20
13
12
10
13
19
20
12
13
16
13
15
17
13
11
17
17
18
11
17
13
10
10
19
20
13
10
17
12
11
15
14
20
10
14
11
17
10
17
20
15
14
18
11
14
20
14
17
14
16
11
20
15
20
16
19
11
10
19
17
11
11
13
14
10
16
13
17
16
11
17
14
12
16
17
14
15
20
14
10
10
19
12
10
15
16
17
11
10
16
11
15
20
15
10
14
13
19
10
10
10
10
16
10
18
20
19
15
18
11
11
10
12
17
16
11
10
18
17
20
18
12
14
17
10
12
20
17
19
18
13
11
20
19
19
17
13
11
18
14
13
14
20
12
20
20
18
15
16
10
19
12
18
19
15
18
15
12
13
15
17
19
11
17
13
17
16
15
11
13
11
16
10
13
13
16
16
11
13
11
16
19
16
17
13
10
17
13
20
10
14
16
16
20
11
11
15
16
13
16
19
18
17
14
19
10
14
13
20
17
13
15
13
18
17
13
17
18
10
13
19
19
11
18
10
17
13
17
10
14
15
19
13
20
12
15
15
18
13
10
19
18
14
18
17
13
11
19
18
17
12
12
10
20
15
20
12
16
18
16
13
18
14
11
13
13
12
13
16
15
16
20
10
13
14
13
13
13
13
10
10
20
20
17
15
20
17
20
13
15
13
20
10
16
10
11
16
12
13
16
15
10
16
12
12
19
14
11
20
15
20
13
20
20
10
13
19
12
19
16
14
17
13
18
14
14
12
11
10
18
14
14
18
16
19
17
10
12
18
20
14
20
13
18
20
10
12
14
17
14
10
12
11
17
12
19
20
10
19
16
11
12
12
20
17
11
12
17
14
13
20
11
14
15
10
10
12
18
15
18
10
13
17
14
19
16
20
13
14
19
14
11
16
16
19
12
18
19
19
10
17
16
19
18
18
17
14
16
14
20
16
19
16
15
17
16
17
14
17
19
12
20
14
14
14
13
12
12
20
12
13
15
16
14
12
10
19
20
20
14
19
20
18
10
14
16
13
19
12
10
14
17
14
10
12
16
16
16
12
10
17
20
14
16
13
17
11
12
19
13
11
13
16
17
13
15
11
16
16
19
18
13
12
13
19
12
14
20
17
13
11
13
20
18
19
18
12
12
12
12
12
18
19
13
15
14
12
19
12
10
18
19
13
15
10
20
19
13
13
12
12
18
17
19
12
10
16
11
14
20
20
13
10
15
13
11
16
15
20
13
10
15
18
13
20
19
15
16
19
18
11
18
15
15
15
12
20
11
11
10
16
11
20
16
18
13
18
12
12
14
17
16
11
13
16
13
13
12
14
11
13
20
18
17
20
18
18
20
18
11
14
18
18
12
12
12
15
15
16
17
15
18
17
12
19
18
16
17
20
13
18
19
14
18
16
15
14
11
10
10
16
18
16
17
16
15
19
12
18
13
11
10
18
11
10
19
15
19
17
20
10
16
18
11
15
16
12
12
11
19
20
16
15
16
16
18
12
16
14
11
15
16
16
19
12
20
11
13
11
19
13
20
18
20
18
18
18
16
15
13
14
13
16
19
20
14
17
13
11
12
15
13
20
11
14
18
19
20
17
12
14
10
19
20
10
19
15
20
13
18
14
16
17
14
13
12
10
19
13
14
18
19
18
17
18
12
19
11
16
11
16
20
20
13
16
13
19
12
17
20
18
12
12
15
19
13
11
12
10
18
20
12
20
12
19
10
20
17
13
20
13
11
20
14
18
11
17
15
17
18
14
10
16
13
14
16
20
16
11
18
14
13
12
20
16
18
19
12
11
19
11
11
11
18
20
14
20
15
12
18
15
11
17
17
12
12
18
10
12
15
17
14
17
17
10
13
11
17
15
10
19
20
16
15
18
12
19
12
16
16
18
18
10
10
12
14
20
14
10
13
17
11
20
15
12
16
20
13
19
11
18
16
14
17
20
13
12
10
10
17
12
11
18
11
17
20
12
12
11
11
14
17
20
13
12
18
15
15
11
18
18
19
11
11
14
20
20
11
11
20
15
12
15
20
17
13
11
18
11
14
16
13
10
12
12
20
17
15
13
10
12
18
15
13
11
20
19
12
13
19
13
13
14
13
10
18
20
20
19
14
18
18
18
14
13
14
20
16
17
19
14
13
10
17
17
17
17
16
18
20
11
11
15
16
11
20
12
18
15
10
10
15
11
11
12
14
17
13
12
17
19
17
15
13
13
18
10
16
13
18
10
10
16
11
16
18
15
18
12
19
18
18
18
15
12
15
12
17
17
17
16
17
11
16
20
11
12
18
19
18
17
12
14
13
14
11
15
17
11
18
19
20
19
15
18
20
17
13
17
12
10
13
18
18
20
10
20
20
18
10
15
20
10
10
14
20
15
19
18
17
11
12
13
11
16
14
17
11
19
14
11
12
14
18
15
14
19
13
15
20
11
18
11
19
19
12
19
19
17
15
17
17
17
17
15
20
10
20
11
13
11
11
15
14
19
19
19
18
14
13
17
15
14
18
18
17
16
14
16
18
13
15
19
19
20
13
19
15
15
18
14
10
13
19
18
11
10
13
13
14
13
20
15
13
14
16
12
12
17
18
17
20
17
10
12
20
20
14
16
18
18
14
16
14
11
13
11
12
19
15
15
19
18
14
18
20
14
19
13
15
10
13
14
16
11
13
10
19
19
12
16
13
10
17
14
19
17
16
12
19
13
18
13
20
17
16
16
19
10
20
16
18
11
12
17
20
12
12
16
11
17
13
19
20
11
12
17
17
20
11
20
10
11
18
13
12
20
11
18
14
12
20
12
16
17
13
11
12
18
15
19
18
11
13
14
11
19
18
14
19
10
17
16
14
13
11
12
18
12
20
17
11
12
18
13
19
14
10
10
13
11
12
15
15
13
10
13
18
10
13
12
11
11
20
20
19
15
13
20
20
16
19
20
12
11
11
12
18
11
14
16
12
16
17
15
15
20
11
19
11
14
14
13
18
13
10
19
16
16
11
11
10
15
16
16
13
19
16
20
10
20
12
11
14
12
12
11
13
17
12
12
18
11
11
14
14
20
15
13
20
19
15
16
10
14
17
19
18
11
20
13
17
15
13
14
17
15
13
17
15
18
10
10
18
19
19
11
15
14
20
17
10
14
14
18
12
17
12
15
17
16
16
11
13
13
17
10
19
16
13
20
12
14
10
17
15
20
17
14
10
20
19
13
19
15
18
14
17
18
20
10
18
18
14
18
15
10
15
14
16
10
19
10
10
12
11
14
20
17
18
11
19
11
17
20
10
13
16
10
20
20
19
15
14
13
12
19
11
10
11
17
12
13
20
11
11
11
12
19
20
11
18
10
20
15
13
17
16
11
16
20
17
15
10
16
16
15
16
17
14
11
15
17
11
16
17
13
10
14
18
10
14
12
20
17
17
19
18
18
19
18
17
15
11
17
18
10
19
19
16
15
17
17
13
12
10
18
10
11
15
18
12
16
20
10
19
14
13
11
11
16
15
17
10
10
20
14
11
10
12
19
14
15
14
11
15
17
10
13
12
18
12
15
14
13
20
11
12
19
20
19
20
14
11
20
16
18
13
13
15
16
17
11
11
16
11
19
15
11
20
20
20
16
12
16
20
14
16
17
10
19
11
11
10
20
15
20
20
12
18
10
18
17
18
17
19
19
10
15
12
20
11
18
16
11
10
10
16
16
16
20
11
14
12
13
19
11
15
20
15
19
14
15
19
17
15
17
16
14
13
19
20
20
16
19
18
14
18
16
11
15
20
18
16
11
17
17
10
16
13
12
17
20
11
14
19
12
10
14
10
11
14
14
11
14
18
16
17
19
11
18
17
11
15
20
18
18
19
14
11
12
20
11
14
12
12
11
10
18
16
19
10
19
19
17
14
16
12
18
11
20
12
10
15
19
13
11
12
10
11
10
15
10
12
15
19
19
17
10
13
19
14
17
10
10
10
19
11
11
12
20
17
14
11
13
15
20
14
11
13
10
16
10
11
11
17
20
12
16
17
14
14
16
19
13
14
11
11
11
11
16
10
15
10
14
16
11
17
13
15
10
14
12
14
20
12
12
12
16
11
14
19
11
17
16
18
16
14
15
20
14
12
20
16
14
13
15
18
14
18
19
11
20
14
14
20
13
14
11
11
10
17
18
12
18
16
15
20
17
19
16
11
12
15
12
13
16
17
18
17
10
13
20
18
10
11
20
10
11
20
17
14
20
11
17
18
19
18
11
18
10
14
10
17
19
14
10
20
17
12
11
16
14

4
3
2
3
4
4
4
2
2
4
3
3
3
2
3
2
4
3
2
4
2
3
4
4
4
4
2
2
4
2
4
2
2
4
3
2
3
4
3
4
2
4
4
2
4
2
3
3
4
4
2
2
2
2
3
3
2
2
3
3
4
2
4
3
3
3
4
4
2
2
4
2
2
3
3
4
2
4
4
3
2
4
3
4
3
2
4
2
2
4
3
2
2
2
4
2
3
4
2
2
4
3
2
4
3
2
2
4
3
3
3
2
2
3
4
4
4
4
3
2
3
3
3
2
4
2
2
2
3
4
3
2
3
3
2
2
3
2
3
3
3
3
2
2
3
2
3
3
4
2
2
2
2
3
2
3
2
4
4
4
3
3
3
4
2
3
3
3
3
2
3
2
4
4
4
3
4
4
3
4
4
3
3
3
4
4
2
3
3
4
4
3
4
2
4
4
4
3
2
3
3
2
2
2
3
4
3
2
2
4
3
2
2
2
2
4
3
2
4
3
3
4
2
3
4
4
3
4
3
4
4
4
4
3
3
3
4
4
4
3
4
4
2
3
2
3
4
2
3
4

0

1
