5000
250

4	73
590	812
108	328
228	868
220	897
32	948
698	75
299	981
842	90
240	770
11	962
144	254
423	898
217	218
366	893
602	906
437	906
120	847
772	776
79	785
806	137
656	754
267	147
331	252
698	949
37	267
439	763
8	43
356	916
873	790
396	804
40	312
5	865
659	933
822	64
918	311
291	779
31	917
352	827
857	317
228	724
547	843
880	958
881	960
887	259
227	117
196	720
531	952
276	243
0	146
877	39
715	142
765	299
166	120
804	953
738	799
48	162
167	198
278	246
467	863
572	785
969	39
102	910
33	888
168	8
993	731
135	703
29	881
879	816
152	79
919	100
989	784
64	57
887	75
165	921
467	715
81	783
664	828
973	112
359	734
597	958
459	780
564	746
883	161
651	962
684	0
174	309
132	50
626	784
64	92
192	155
524	751
371	860
976	669
430	845
156	797
387	776
681	239
304	806
72	840
220	768
599	812
325	166
612	910
18	837
627	978
43	804
899	187
591	801
119	730
344	909
572	924
534	775
776	76
342	833
928	291
884	278
724	906
902	24
929	995
480	773
688	797
769	994
123	99
948	743
35	895
202	27
601	843
102	7
194	918
789	729
645	914
806	667
839	47
967	973
238	696
121	57
14	755
128	46
680	780
115	962
770	291
279	982
965	115
863	966
173	797
263	724
655	703
801	894
735	87
149	12
684	676
421	943
167	710
951	206
190	800
108	681
389	970
728	83
247	814
149	729
623	890
512	914
475	801
388	933
801	29
488	901
42	715
81	291
717	902
679	932
478	959
143	208
368	712
919	276
458	958
503	843
934	814
741	667
974	164
357	920
86	258
95	218
171	835
514	835
792	753
562	795
236	180
691	673
128	209
554	839
3	314
296	258
639	925
106	152
718	128
991	973
11	921
687	673
885	278
217	370
431	537
668	630
749	522
573	592
423	494
397	133
768	383
130	369
601	564
571	494
624	32
443	349
174	432
500	125
517	604
78	502
464	89
498	128
132	538
446	382
923	412
184	369
814	446
424	92
484	365
117	355
406	15
548	561
380	622
880	568
850	381
150	526
538	329
719	362
817	463
661	323
746	489
391	56
856	342
660	217
486	100
335	516
357	475
486	656
107	428
473	557
575	203
896	633
196	372

73	761
784	72
197	926
791	179
988	141
330	822
687	869
830	969
688	846
779	900
781	162
41	708
196	843
917	93
341	998
332	673
153	147
485	822
225	250
212	938
959	923
896	880
706	12
442	797
446	902
237	270
271	759
567	679
804	674
821	160
824	839
122	137
408	949
862	955
196	114
498	675
901	666
650	810
97	304
542	735
135	134
782	93
956	834
294	837
742	63
607	695
694	979
523	913
173	945
982	198
532	721
246	198
618	996
782	199
947	816
157	990
667	191
730	906
592	986
678	814
925	902
877	86
275	844
131	867
494	765
694	721
224	217
885	925
244	784
230	968
8	974
825	156
38	34
425	903
714	22
416	803
219	678
880	949
985	856
226	883
827	780
109	251
306	99
945	332
693	218
315	138
668	172
908	181
234	723
527	802
223	702
867	690
299	836
995	40
302	821
517	911
487	762
702	706
812	834
273	814
683	901
7	223
253	962
802	940
923	755
793	678
970	935
667	180
258	845
342	761
801	268
413	931
962	151
512	766
743	840
690	48
938	305
67	29
202	259
240	78
894	225
414	883
368	762
922	806
507	954
647	922
980	266
115	131
864	990
391	985
125	673
824	74
587	794
346	905
193	98
558	949
709	967
368	848
755	58
966	209
277	771
198	722
677	851
994	232
255	185
230	702
109	167
58	951
946	69
989	253
895	116
209	306
279	310
346	929
812	988
14	139
115	872
783	933
18	763
806	895
764	968
613	891
554	921
261	232
488	741
635	986
188	17
98	835
210	807
705	245
772	251
448	746
800	245
979	48
702	842
110	727
379	682
799	174
114	923
353	959
566	975
617	827
680	890
513	728
740	761
881	813
848	284
779	778
264	120
923	907
943	818
623	888
388	865
884	934
578	739
99	799
267	2
132	45
65	9
815	149
394	785
321	154
901	701
333	744
167	757
850	282
272	883
275	63
189	710
215	937
214	169
581	927
719	212
179	214
925	145
22	949
258	327
230	879
687	988
754	875
53	964
4	735
489	936
348	811
46	321
119	120
777	16
145	266
876	866
191	683
447	792
619	738
848	785
46	931
783	198
174	40
116	149
158	687
80	298
322	734
43	822
800	931
666	759
145	691
151	708
138	287
174	829
9	869
275	8
541	865
853	248
948	764
722	197
733	60
298	861
508	930
386	721
194	738
97	73
571	784
146	871
592	768
648	679
100	916
639	975
217	71
972	847
115	289
413	699
127	176
888	94
777	112
349	905
890	87
726	177
736	2
970	972
402	768
11	830
98	6
214	110
847	727
578	735
204	140
839	4
876	15
13	965
859	186
52	829
640	986
105	764
935	110
808	953
578	680
751	973
23	87
784	47
317	35
700	148
53	742
286	319
512	908
814	920
350	932
237	913
993	803
785	275
460	703
817	820
983	50
233	194
201	161
300	252
899	695
529	674
910	143
411	735
325	72
904	163
492	976
954	76
167	741
504	916
346	790
405	912
35	866
789	136
919	59
998	19
818	175
60	236
426	972
401	712
319	123
475	928
695	715
312	311
133	823
859	907
454	711
999	151
177	870
826	44
31	59
122	796
623	942
34	88
706	707
686	2
968	79
641	840
588	826
261	90
246	298
209	717
145	323
872	923
798	913
214	706
60	257
922	888
882	277
531	870
129	23
538	679
2	808
816	109
205	819
247	46
182	751
331	895
205	840
417	678
203	861
695	28
84	186
195	712
800	782
491	878
141	799
918	250
543	764
141	889
628	667
300	61
341	673
571	753
510	988
220	680
745	155
231	226
869	961
828	702
293	186
730	152
721	109
947	821
727	757
411	928
278	291
133	281
741	870
364	737
29	219
322	223
137	995
62	212
236	107
238	730
112	69
24	148
374	845
73	54
666	755
907	742
931	195
965	39
919	901
716	888
143	186
682	97
698	225
159	682
608	861
960	720
682	40
357	746
123	324
28	7
147	115
64	258
817	880
788	87
465	909
308	913
238	677
740	68
967	37
722	201
722	209
295	111
111	962
758	864
268	961
933	242
997	283
911	315
0	812
400	790
786	988
478	955
858	53
213	972
853	790
110	254
880	286
619	928
461	783
921	898
109	680
644	984
60	229
927	679
132	819
550	769
741	85
670	837
849	679
71	930
130	756
382	790
920	304
94	192
128	898
9	861
893	956
729	780
272	123
756	89
375	764
79	708
968	198
747	287
959	783
141	833
893	89
700	767
191	212
281	739
978	149
797	943
777	94
915	836
470	684
706	254
133	980
108	704
598	675
773	316
224	98
214	818
763	4
739	743
438	762
846	198
96	303
742	329
163	130
903	169
68	713
114	781
484	770
568	836
736	281
742	119
623	972
233	72
372	914
9	45
960	962
729	137
811	734
969	24
555	742
24	814
341	709
253	235
153	925
134	158
288	57
957	710
346	907
147	93
435	877
284	232
548	889
963	298
103	943
76	673
335	864
954	216
309	193
932	672
414	994
730	837
373	676
423	716
377	986
952	34
869	315
415	864
834	155
341	678
894	711
325	883
146	292
147	950
562	833
279	964
361	835
760	68
77	948
192	293
611	912
455	759
64	33
195	970
27	728
344	757
801	99
10	789
910	312
83	303
790	826
978	63
255	687
678	116
929	244
732	183
228	802
850	736
755	307
37	809
186	235
757	939
730	809
744	682
9	700
856	899
325	797
205	796
334	978
142	84
316	90
728	725
202	281
513	850
548	749
145	770
176	762
627	930
20	718
379	680
58	996
812	41
391	824
727	329
724	830
123	40
53	861
981	18
773	174
862	954
850	60
293	890
782	799
691	958
202	148
812	839
32	733
150	154
998	201
277	186
752	958
204	51
277	920
836	869
776	36
132	48
74	115
962	966
91	744
187	942
844	803
39	953
918	223
862	808
829	267
951	917
300	818
287	675
45	270
352	754
998	870
326	76
699	198
961	779
847	110
480	814
784	721
760	862
881	888
828	696
419	973
492	696
895	817
389	899
39	2
204	944
210	278
305	807
166	935
213	853
27	746
713	329
542	981
927	39
935	755
774	768
255	914
456	939
23	831
175	181
608	690
193	40
193	715
690	901
831	303
900	676
68	774
293	198
129	817
162	979
207	679
272	108
118	333
846	889
218	172
20	227
200	152
958	793
493	929
912	127
334	807
861	134
238	196
417	980
8	786
162	911
134	92
956	42
459	756
270	117
453	969
67	163
63	901
145	31
171	681
958	187
424	711
887	209
841	986
805	985
908	206
307	236
801	960
914	729
876	75
498	953
859	913
681	946
585	940
156	110
700	135
983	65
629	962
350	758
256	666
22	302
33	119
226	994
240	812
167	706
972	696
20	308
422	704
613	831
396	982
996	158
395	850
448	947
333	890
778	890
276	180
50	299
778	681
322	301
177	206
704	236
984	804
681	154
77	972
291	902
596	894
242	274
145	16
984	946
134	298
770	830
345	914
239	143
779	143
321	751
415	737
768	674
184	850
813	835
609	835
167	925
538	837
150	150
267	735
233	261
570	706
971	289
203	759
226	236
237	844
810	250
479	797
342	754
227	959
259	305
120	711
419	829
282	88
855	246
780	220
879	188
62	710
189	145
950	82
774	752
556	836
101	317
644	733
816	31
932	262
319	108
797	156
739	35
875	109
305	179
426	830
4	841
91	873
146	833
200	73
614	920
778	142
691	669
71	116
929	94
154	37
210	214
192	14
476	825
235	51
806	845
128	789
887	980
131	214
700	298
719	675
29	995
265	829
146	183
759	177
51	291
786	907
995	957
381	869
149	208
815	113
998	70
99	140
46	678
307	860
817	86
160	891
260	849
310	877
783	58
756	269
960	925
142	181
728	78
713	296
890	121
767	6
976	696
241	10
476	753
921	695
377	860
918	938
53	875
975	860
523	670
990	867
832	175
983	148
142	280
123	296
888	130
137	839
744	952
212	332
600	685
804	186
518	785
983	214
204	870
156	902
253	688
8	304
862	136
839	763
892	98
615	992
519	892
47	956
883	295
242	736
54	311
109	822
578	846
690	274
71	981
949	713
188	755
805	780
738	261
572	987
16	75
924	670
601	724
178	822
535	696
775	827
48	132
637	864
635	960
394	919
231	81
938	308
730	804
722	916
878	331
542	970
614	723
317	974
380	677
825	190
133	672
103	830
193	976
223	202
787	41
163	179
760	237
331	12
845	963
451	728
549	687
295	714
838	801
677	838
782	910
937	966
565	787
614	752
76	6
226	740
629	844
755	709
886	62
844	730
279	835
830	762
774	110
838	915
981	107
284	747
14	11
814	715
157	819
413	800
665	891
287	310
779	800
858	18
970	46
679	239
249	919
421	887
557	669
29	752
719	25
358	883
64	674
871	220
270	108
770	994
689	233
918	995
527	977
984	98
647	944
989	142
127	313
97	726
42	909
718	833
906	256
710	136
669	946
127	68
918	904
561	711
616	935
655	707
963	18
43	887
112	43
626	905
886	126
506	968
101	78
681	868
122	253
416	960
137	895
8	702
485	679
386	739
144	918
313	892
237	110
592	880
887	295
313	139
299	922
447	982
249	772
132	793
205	940
606	739
815	176
381	980
318	875
983	267
503	930
256	289
683	216
370	938
255	246
432	870
887	890
639	740
124	996
721	63
221	989
72	281
703	731
127	227
135	198
719	952
492	879
281	823
153	756
49	675
949	17
764	188
909	139
653	827
880	840
485	956
100	162
408	745
790	176
115	782
771	104
51	833
440	972
433	747
941	331
765	833
157	849
61	305
67	229
70	838
208	9
798	857
192	788
750	832
856	916
202	997
498	773
908	70
424	867
850	687
806	902
806	216
90	810
72	949
593	820
186	201
317	65
979	139
963	984
791	288
892	67
713	764
544	856
669	833
915	269
252	765
696	756
663	807
634	892
61	807
919	821
193	953
271	110
768	815
0	79
824	894
196	281
822	147
709	694
146	229
825	753
492	942
433	786
298	853
902	826
294	768
985	68
94	855
985	769
482	990
350	846
333	78
256	178
290	930
882	217
94	107
943	320
445	929
184	209
616	801
98	696
853	226
108	130
723	776
259	807
656	994
282	842
756	719
674	285
226	142
118	973
273	278
30	175
672	291
28	892
894	876
146	266
319	30
67	216
111	146
375	859
219	148
922	66
458	990
180	766
95	266
267	741
695	755
321	897
14	16
139	58
524	670
772	887
952	696
484	925
637	824
738	64
571	875
321	40
969	881
702	678
696	713
722	114
735	791
40	152
6	714
39	135
507	854
784	986
101	786
436	981
883	10
965	274
44	955
35	900
778	111
132	60
278	110
169	937
964	847
14	190
253	890
622	701
884	85
626	739
979	232
537	774
170	724
400	875
915	212
145	203
132	725
710	881
7	311
303	761
746	196
244	279
201	30
691	297
492	771
452	791
435	838
192	899
89	24
45	842
793	94
273	150
544	796
921	145
451	747
61	766
808	86
429	868
484	994
886	797
224	132
840	981
776	860
999	862
734	866
82	988
785	753
908	159
52	289
732	201
74	333
205	768
193	930
992	925
556	754
677	930
440	794
811	757
770	954
953	155
908	162
871	923
191	243
121	319
21	49
195	164
517	873
116	820
965	811
877	223
158	859
55	880
839	182
291	80
403	906
985	834
992	775
234	136
885	869
880	71
236	157
246	960
325	148
871	261
868	774
950	311
861	913
689	129
375	994
687	110
2	928
208	719
358	714
674	261
622	673
678	684
620	799
898	766
928	714
638	780
93	65
44	937
755	994
121	265
668	918
480	978
264	962
855	203
52	312
832	41
979	826
990	259
997	136
783	98
428	742
205	140
686	887
798	755
480	723
71	939
288	917
848	929
92	777
271	239
113	102
855	198
180	991
432	993
847	42
424	816
152	714
685	953
280	936
264	820
678	111
673	112
892	801
940	851
41	187
797	103
69	133
442	911
297	146
432	695
511	669
974	857
290	913
990	253
34	806
78	895
337	812
341	964
826	906
527	857
673	757
906	284
919	52
176	118
392	886
645	804
131	912
193	871
326	702
737	248
558	675
760	866
333	192
852	879
828	805
24	720
177	68
213	9
301	994
936	857
66	119
600	958
718	117
868	705
791	151
121	173
673	98
416	799
178	899
312	980
725	950
627	861
883	925
98	948
67	971
482	699
660	932
959	122
986	787
350	946
77	90
26	964
246	727
641	705
651	756
288	29
445	848
338	782
606	733
35	98
775	279
180	137
591	666
212	934
912	43
940	690
418	937
770	759
115	317
372	866
705	278
722	925
316	772
255	985
922	94
261	722
48	826
636	876
948	22
41	164
129	162
248	46
657	946
546	991
568	870
135	70
807	958
32	844
897	677
532	693
151	247
957	849
674	967
26	819
296	269
241	244
701	803
193	322
316	878
813	238
787	897
762	933
572	990
964	888
969	108
44	253
106	96
985	171
686	304
703	938
573	849
57	835
36	235
138	800
784	712
603	816
268	167
717	306
827	810
260	91
522	856
521	875
592	675
136	105
189	4
722	94
88	82
906	713
995	272
964	833
289	952
267	155
166	968
211	51
304	746
986	133
101	233
38	315
904	13
276	111
780	689
347	893
239	167
737	331
33	680
899	71
90	325
327	37
910	926
889	43
175	720
302	125
716	132
635	884
838	15
70	715
743	929
568	907
159	137
731	220
854	944
745	881
907	880
785	729
123	749
247	90
307	740
330	865
982	760
98	716
344	942
8	10
880	58
705	201
478	689
401	845
239	123
737	5
24	226
352	875
479	667
154	292
515	743
747	264
715	986
249	945
139	745
387	883
89	767
28	6
90	782
238	176
90	687
955	993
887	201
529	968
570	783
859	111
107	213
498	681
878	725
188	792
877	713
789	44
914	247
939	729
901	938
243	74
824	97
305	717
966	768
965	237
181	168
282	946
772	13
666	209
952	849
847	117
170	991
289	102
828	200
961	321
902	781
138	297
20	35
607	684
24	268
654	770
722	760
17	126
354	868
117	787
923	917
92	27
29	842
204	132
830	889
497	918
315	777
602	989
323	178
561	845
270	25
549	863
300	806
832	15
189	764
132	307
699	721
580	743
300	808
324	306
816	999
991	938
76	280
809	892
40	109
930	829
770	72
420	870
182	810
134	18
780	924
801	130
414	927
663	772
62	243
936	962
97	266
789	792
770	926
832	802
692	305
714	827
229	833
907	42
711	738
234	198
443	720
673	106
968	994
749	998
243	847
645	922
120	770
461	972
732	878
333	92
148	66
357	874
902	928
775	881
21	719
145	912
30	315
245	66
263	110
534	894
370	700
12	118
315	937
975	90
262	292
866	909
395	954
746	931
147	666
604	693
419	937
236	60
251	826
7	868
445	990
322	279
773	709
904	971
81	26
373	780
299	824
187	708
362	796
797	879
433	937
743	780
49	184
598	737
129	168
307	263
316	942
734	96
77	666
761	791
880	50
699	17
45	75
950	921
531	857
770	851
316	209
604	776
774	76
143	142
743	830
227	738
295	312
535	938
291	745
234	307
50	700
293	65
485	999
64	893
939	165
425	720
813	689
312	687
699	122
182	726
743	5
528	834
29	823
889	682
474	978
56	789
915	262
125	279
144	739
958	970
753	756
320	29
829	858
34	925
158	956
969	788
851	880
718	332
421	837
20	880
578	849
718	210
870	852
299	733
22	952
214	256
707	52
211	814
476	899
29	302
876	878
291	733
837	77
814	829
851	963
948	964
79	692
440	934
941	208
472	878
560	987
692	938
586	767
739	850
159	196
207	838
277	68
706	223
946	143
724	300
84	789
338	853
524	701
716	152
867	206
163	19
932	132
277	273
147	776
477	914
291	854
695	732
928	975
672	756
179	720
417	786
504	745
766	812
492	716
328	916
231	59
926	926
144	931
804	809
793	204
864	280
293	943
129	250
332	680
668	689
724	785
106	752
127	772
658	736
114	972
970	107
183	742
589	996
688	784
323	248
135	893
729	688
851	677
726	119
185	911
852	860
56	794
789	271
793	27
944	856
430	859
965	329
290	828
363	791
473	861
742	41
340	720
138	854
540	674
254	309
583	946
886	873
845	133
77	858
667	61
182	274
25	179
780	792
840	669
23	142
791	324
284	692
747	757
824	283
605	719
150	119
949	931
729	859
256	676
378	880
746	820
23	95
507	801
578	742
550	760
561	773
477	989
842	796
775	229
452	778
305	210
869	812
29	723
967	955
162	118
328	691
519	672
57	690
915	752
632	942
321	790
648	690
689	44
414	841
258	725
79	178
200	57
247	300
344	764
80	801
669	727
719	772
189	940
57	254
930	60
660	978
182	837
936	842
177	844
300	231
550	889
633	754
146	702
404	872
747	153
288	233
574	849
954	239
835	27
55	791
183	843
366	922
518	923
426	728
77	990
852	889
878	760
667	667
681	262
256	14
714	864
13	720
833	263
731	148
384	887
19	885
189	797
288	35
968	52
400	886
745	933
836	915
963	888
400	868
305	940
578	760
930	159
533	844
508	675
83	318
328	148
31	256
992	789
240	999
657	780
35	53
69	806
157	696
319	859
707	981
878	246
560	938
25	35
137	287
258	973
63	185
879	951
154	170
32	309
834	949
182	892
442	705
90	240
804	763
900	721
13	168
86	182
527	783
841	138
696	720
756	69
194	857
500	728
147	944
947	43
296	808
602	874
917	772
840	986
380	704
190	676
245	257
214	83
830	263
211	242
498	799
859	35
255	216
10	175
66	925
740	864
105	322
262	961
325	803
969	939
590	766
313	151
459	806
419	703
279	31
512	901
399	678
469	898
111	896
939	946
55	273
688	204
370	786
74	757
619	913
948	916
669	773
203	236
849	856
367	815
701	825
21	223
763	167
25	185
292	701
989	254
99	48
710	799
935	824
194	778
956	714
76	69
132	895
23	321
836	761
475	959
217	320
190	263
549	933
314	82
766	713
437	971
867	959
930	937
966	716
223	960
942	178
704	154
566	757
7	279
875	839
104	274
401	779
324	179
167	67
400	773
511	777
259	114
746	737
997	17
237	705
940	673
737	24
873	177
712	674
58	168
868	676
801	731
765	159
707	251
234	696
202	35
283	684
79	175
165	214
53	985
777	962
314	228
879	140
184	952
187	736
754	874
633	897
938	839
892	188
810	17
338	727
332	149
233	124
66	18
439	739
94	157
340	918
294	944
868	59
753	823
115	988
480	882
738	95
810	238
9	94
763	302
841	707
125	329
789	849
184	694
30	161
302	221
555	694
452	688
6	839
851	960
770	199
426	686
551	674
951	715
58	235
279	57
683	969
645	872
602	700
61	109
110	297
215	711
333	849
709	152
55	725
332	20
994	695
2	764
469	940
83	978
681	862
251	917
860	2
526	978
662	927
775	733
866	791
861	990
854	250
701	132
849	105
257	864
378	986
275	843
54	904
675	675
897	304
416	976
184	973
201	725
836	977
361	774
857	9
255	234
883	299
456	997
85	773
233	724
434	818
789	199
13	307
958	926
875	16
900	974
177	290
0	309
399	924
861	840
772	292
989	207
707	39
28	797
931	210
214	882
162	790
126	212
536	967
795	323
923	903
36	173
215	2
935	61
368	866
539	756
755	755
100	748
567	967
676	258
758	332
609	748
710	724
331	49
793	74
557	942
587	862
836	709
771	731
893	289
700	840
824	145
244	164
222	772
919	699
606	969
136	732
527	666
151	870
41	113
718	742
256	111
884	696
263	124
721	967
295	58
696	868
42	261
952	85
393	869
109	115
481	871
559	834
139	113
600	913
921	30
748	3
774	725
167	274
980	974
667	0
219	922
813	690
680	697
37	167
222	217
48	838
940	124
29	668
974	986
213	305
579	839
82	169
162	699
999	839
480	930
406	751
330	318
986	946
149	668
738	977
575	729
873	190
855	111
611	774
803	815
317	12
963	220
150	923
685	923
5	757
844	96
838	878
94	925
210	51
30	799
354	875
212	731
206	102
16	931
172	688
511	980
310	286
788	126
472	691
346	849
949	770
61	827
966	741
199	30
782	168
122	781
873	164
899	204
961	310
849	883
924	671
47	895
630	944
115	813
702	771
959	794
82	19
1	147
88	984
605	788
686	805
299	240
694	914
676	731
276	914
58	814
231	275
981	86
328	183
401	977
707	284
834	147
101	228
999	14
346	995
983	713
134	715
317	864
841	95
444	852
365	926
86	844
632	962
141	996
187	286
931	178
533	674
43	3
152	77
166	956
796	197
173	112
389	924
714	257
400	762
696	939
54	101
865	720
59	713
288	994
488	803
134	332
465	790
430	734
967	807
172	694
32	148
840	923
414	906
535	747
996	68
850	305
751	925
665	706
503	687
966	51
65	924
815	8
607	893
635	836
955	685
462	726
530	877
709	666
792	74
467	901
647	813
81	784
215	238
710	189
329	686
406	760
44	217
100	56
31	757
499	874
314	55
765	36
42	129
313	832
46	49
26	922
25	696
282	997
580	897
332	926
54	229
176	170
743	908
433	675
940	911
374	821
59	981
928	3
86	991
882	866
271	275
142	818
30	873
568	889
273	176
950	806
800	328
261	846
8	230
24	47
121	862
479	682
305	771
970	783
141	936
594	849
777	289
553	993
159	289
889	824
479	755
837	243
0	959
995	82
1	38
846	56
158	38
545	773
927	302
682	105
726	311
651	706
825	47
199	286
280	763
845	50
489	793
127	803
308	138
277	921
656	748
643	817
263	76
147	122
685	988
435	760
59	858
245	86
167	168
127	934
710	867
241	68
320	189
946	845
794	222
334	980
267	120
21	733
0	933
261	992
759	668
498	792
101	719
538	875
280	958
750	3
127	179
310	206
178	673
63	70
621	950
15	881
277	198
685	9
333	802
392	836
270	751
302	39
285	292
959	291
676	849
825	102
132	744
91	297
890	688
523	992
32	167
848	736
652	813
752	991
818	845
732	136
447	823
694	73
335	912
197	289
953	306
441	924
840	872
55	867
772	712
235	244
246	732
813	948
776	793
110	158
370	826
721	126
659	684
214	913
959	88
840	45
880	965
365	873
140	980
805	973
93	107
187	763
305	796
94	897
767	26
854	68
720	858
817	796
776	13
380	876
21	669
38	820
823	977
922	264
318	737
82	122
204	184
161	731
319	268
885	932
200	96
620	755
995	133
861	298
174	812
33	13
799	74
47	806
280	824
171	18
589	671
896	193
674	894
41	962
904	795
182	329
842	209
34	203
108	733
605	668
670	250
280	80
208	317
783	886
56	820
857	242
154	225
878	794
861	295
64	810
393	897
5	911
667	992
952	322
1	52
923	208
266	69
917	153
818	733
649	987
124	325
35	158
154	294
876	0
320	923
864	326
922	260
168	995
763	180
143	257
825	235
222	978
326	128
863	262
55	868
376	777
41	824
257	40
60	688
798	713
13	121
993	989
923	184
338	781
884	815
282	254
177	799
161	101
955	148
730	211
290	171
941	987
981	84
952	156
409	976
802	160
605	746
151	959
541	692
268	50
488	974
872	194
187	295
679	227
428	913
997	214
456	808
934	749
408	972
70	252
974	691
67	667
808	213
226	836
152	953
129	201
239	765
208	190
803	887
196	309
88	700
182	761
580	746
242	678
868	54
15	997
264	893
301	92
931	888
697	931
460	721
846	782
136	288
242	83
78	43
686	876
907	815
60	910
565	875
1	966
951	30
275	977
338	666
231	814
796	896
380	687
877	71
300	956
740	305
720	153
876	976
57	682
952	893
263	179
713	917
900	701
328	306
299	721
162	176
355	997
354	953
93	769
60	270
884	42
70	70
73	728
834	199
483	725
134	863
928	948
385	931
886	297
271	731
878	247
203	743
961	704
41	33
145	907
725	773
364	860
287	670
287	910
760	32
698	37
857	230
31	774
37	57
36	728
182	200
42	269
832	790
521	937
81	743
880	890
867	706
108	128
112	751
4	241
251	284
477	994
281	306
217	83
483	848
548	931
287	793
115	325
848	242
887	905
361	695
143	97
724	215
916	239
178	920
615	769
933	870
896	190
984	780
660	844
318	769
648	755
189	171
288	174
979	197
651	966
247	780
478	747
960	232
287	218
273	50
175	292
30	128
571	743
463	805
1	296
502	770
851	154
323	844
0	277
581	731
239	33
506	826
544	968
51	218
978	205
323	217
175	808
584	905
20	218
850	145
331	925
82	286
899	917
639	727
919	805
204	278
746	327
158	983
134	312
901	228
783	735
438	674
122	875
900	154
252	222
277	325
321	290
794	123
426	879
726	164
896	967
260	922
891	72
172	125
61	929
667	894
791	47
210	147
714	974
692	923
661	834
754	742
11	183
152	197
524	799
114	957
950	41
952	48
50	733
110	828
53	26
252	704
954	946
820	301
13	882
829	685
165	236
908	873
287	808
980	700
878	263
103	951
956	934
965	9
889	681
753	16
313	172
195	687
33	813
693	934
180	185
935	792
685	991
193	841
66	166
885	722
539	844
227	802
455	885
637	787
987	756
10	902
260	693
313	875
944	682
111	823
551	804
445	991
706	851
852	773
28	728
830	161
477	927
5	767
935	277
518	846
832	986
301	720
90	897
753	706
712	905
414	853
70	68
962	162
9	313
342	699
569	824
274	719
948	701
350	686
681	231
11	895
140	239
8	973
674	18
54	14
505	980
415	955
305	58
319	709
828	256
973	854
284	10
216	978
124	83
826	755
320	192
299	679
99	667
933	746
233	109
460	913
630	881
667	181
256	136
119	991
162	753
686	59
248	266
838	159
67	780
703	196
871	29
859	148
414	940
843	702
993	169
827	1
980	36
705	13
387	992
79	923
413	733
875	274
718	193
197	839
36	766
875	993
829	18
296	761
723	706
679	952
468	996
175	742
641	885
58	727
465	962
159	909
235	835
983	759
180	59
283	264
649	993
988	207
683	245
621	822
452	849
304	702
207	84
134	989
30	969
767	85
13	320
765	229
920	697
735	971
426	675
904	823
96	820
198	263
258	711
874	301
254	803
711	782
681	711
235	230
284	264
261	317
148	911
817	990
26	961
760	24
852	673
881	301
755	286
53	270
960	287
864	778
348	746
850	832
67	983
997	829
6	877
378	984
50	16
471	704
36	145
376	796
644	709
526	976
642	696
306	987
232	924
376	751
232	828
820	866
145	79
26	701
867	741
248	150
822	274
194	80
405	780
735	268
4	315
938	253
390	820
704	281
595	957
971	838
8	856
719	327
315	717
128	952
995	50
83	102
439	975
209	837
962	121
453	957
270	313
987	947
745	936
797	994
302	705
904	764
225	667
697	679
845	132
367	976
85	272
243	128
348	883
677	293
752	85
885	325
829	900
757	97
829	742
788	861
628	678
956	307
808	952
709	700
606	699
218	103
331	919
51	33
843	924
673	283
344	866
366	984
739	973
937	997
709	252
534	730
390	828
147	305
58	80
823	55
882	261
832	164
880	716
906	146
74	15
34	226
748	147
357	867
66	903
67	822
324	828
520	774
554	786
611	804
860	256
39	843
715	930
667	873
258	666
805	913
159	726
978	771
145	25
694	132
0	857
444	697
702	289
312	726
815	866
798	32
38	265
151	738
919	915
966	174
268	286
242	958
216	927
286	6
564	735
263	14
155	157
602	741
824	180
508	778
199	935
485	779
766	814
808	723
306	231
272	980
310	900
126	193
8	877
843	100
736	273
124	729
186	29
306	317
235	240
28	184
837	36
68	786
795	305
504	758
261	942
199	205
277	742
604	939
937	804
935	811
564	761
745	186
113	886
347	710
987	832
28	684
943	60
270	678
639	672
272	185
40	193
730	232
290	100
126	869
645	743
661	766
587	811
244	322
324	206
88	160
737	80
42	868
789	983
236	329
453	977
69	276
816	73
185	889
762	857
742	742
589	921
666	158
599	724
968	182
973	156
307	262
913	50
236	880
17	314
86	738
490	738
416	700
683	984
73	36
904	981
285	50
35	64
929	846
964	678
629	833
780	119
308	330
973	270
802	763
614	969
942	826
18	834
509	847
702	152
948	72
230	706
478	865
664	990
670	701
588	711
140	188
492	819
209	728
501	936
138	329
96	925
67	979
728	330
813	169
630	702
515	987
674	305
44	294
69	321
456	722
268	853
266	289
629	812
884	868
907	774
837	999
334	884
565	979
213	819
314	723
270	77
946	253
374	723
260	81
373	982
132	89
496	793
117	708
145	276
299	329
2	836
651	716
715	286
15	78
390	915
808	732
57	754
158	60
762	827
898	276
845	703
893	184
513	675
103	105
341	724
746	31
782	223
53	947
186	209
235	905
681	80
185	281
772	12
854	8
835	322
421	899
981	980
640	994
724	166
985	125
322	300
449	920
281	252
37	854
381	955
635	866
700	965
813	6
596	788
846	801
934	722
997	123
140	702
71	817
24	326
235	675
12	963
256	915
906	903
289	818
836	331
997	675
414	895
7	166
936	901
159	892
870	830
34	674
61	73
773	104
502	935
674	37
84	875
22	980
924	917
950	236
344	977
869	858
85	864
234	719
614	962
689	60
865	971
996	973
576	666
663	795
837	949
827	16
976	166
730	56
211	270
160	119
927	680
40	201
310	849
170	764
66	212
778	844
990	958
681	717
7	174
184	206
209	153
666	692
710	812
221	294
792	141
135	782
481	826
909	973
986	306
52	225
250	184
20	866
312	913
891	989
750	698
129	937
700	879
713	4
152	9
987	782
561	787
858	213
455	986
911	821
248	748
114	192
669	764
399	820
403	826
158	878
210	724
691	692
654	963
947	910
403	778
362	962
867	782
933	27
202	289
253	174
116	712
24	195
876	854
80	92
174	803
970	64
936	819
907	277
304	234
744	240
761	241
976	152
702	912
773	304
0	881
345	765
365	683
12	176
299	693
186	221
631	719
130	28
322	817
558	711
783	205
940	671
769	10
260	34
709	138
983	940
752	320
906	808
90	939
221	905
401	822
844	921
289	883
809	38
911	286
855	846
23	290
736	791
685	882
688	731
916	231
137	103
784	0
706	719
236	803
418	804
410	758
679	843
978	778
674	64
789	46
163	947
895	281
633	704
152	203
813	926
487	810
782	975
770	56
580	840
282	688
639	700
375	914
246	837
627	787
723	49
10	231
239	122
904	1
542	721
267	295
670	258
111	931
943	925
44	305
922	134
928	165
227	98
458	884
52	210
8	142
984	200
212	931
164	666
644	960
894	946
768	761
710	914
441	798
153	837
15	943
253	833
452	698
270	139
109	996
839	828
693	284
886	682
143	986
59	719
169	795
821	848
328	689
749	248
535	752
727	699
331	56
191	668
688	718
333	931
770	836
172	234
475	673
265	925
388	754
428	823
765	222
192	901
468	710
828	19
21	808
835	830
566	919
771	272
818	707
749	119
195	106
130	238
53	279
785	920
488	723
162	909
872	884
227	883
208	874
110	94
907	19
764	853
818	165
193	783
925	985
894	769
716	326
262	245
389	696
225	710
221	881
815	966
150	292
739	763
133	682
929	111
109	772
142	805
231	963
994	734
263	194
563	672
791	689
984	234
508	863
171	764
862	693
304	81
710	174
580	849
324	741
214	822
23	887
822	241
631	881
299	59
630	711
149	753
433	771
593	907
185	68
28	962
738	740
809	912
712	947
698	708
198	783
142	9
642	726
210	718
689	106
151	882
262	96
190	220
551	933
246	163
56	270
72	317
557	696
981	899
36	688
591	965
117	940
43	18
461	733
935	848
737	695
919	731
771	163
426	666
954	877
152	956
171	820
178	743
493	949
224	805
132	194
743	719
301	697
402	957
775	945
865	283
710	316
993	333
182	170
405	939
506	998
25	118
105	33
727	140
61	991
922	4
0	879
715	845
318	879
436	731
184	195
852	235
385	770
582	868
155	966
43	819
214	31
633	826
792	769
442	949
547	907
263	216
755	51
924	329
166	847
842	75
30	44
849	258
457	793
759	56
635	701
845	25
26	978
30	152
167	910
621	826
626	987
964	821
299	895
909	206
480	869
25	678
87	175
698	819
790	17
156	666
420	728
246	847
696	204
304	903
12	958
766	244
5	251
674	263
213	218
969	940
499	791
597	766
928	830
659	989
976	253
32	718
117	153
768	807
800	785
339	949
213	85
817	704
111	126
100	320
943	12
998	45
210	779
597	903
949	815
242	851
702	51
871	323
977	747
100	282
152	190
114	0
486	727
28	929
516	755
551	916
57	892
492	858
678	718
281	293
275	983
666	975
526	862
453	710
149	176
937	751
856	683
189	290
769	840
890	59
65	201
158	309
298	968
962	256
335	725
100	941
158	977
976	760
49	954
402	895
897	333
622	807
662	706
643	909
562	910
602	816
762	720
808	47
702	880
785	23
737	667
841	46
495	881
92	901
541	827
958	303
601	762
644	991
934	742
107	12
709	228
861	133
631	714
334	673
865	850
328	177
711	30
916	794
617	725
620	968
753	322
702	225
140	949
4	849
210	211
851	120
91	802
604	948
804	241
30	729
892	717
712	116
752	904
400	780
667	43
763	712
844	966
711	147
927	11
14	847
465	792
745	987
323	21
554	878
657	723
325	766
538	911
202	879
194	990
139	819
228	255
774	254
170	146
75	297
731	916
503	768
89	829
740	856
300	208
949	808
242	109
765	967
753	754
161	913
327	881
847	998
126	765
153	125
463	982
360	740
402	736
804	787
156	962
809	900
777	795
109	970
811	767
480	716
991	923
42	872
651	808
162	671
103	737
684	721
720	857
845	994
420	793
936	19
886	246
433	872
697	47
577	825
78	757
715	739
774	201
788	146
616	788
777	323
694	193
932	0
235	296
818	43
440	787
866	49
85	742
981	952
35	224
846	860
946	274
58	705
940	1
430	919
879	135
993	302
313	924
705	285
442	715
602	998
280	803
654	761
339	907
177	130
324	727
346	872
814	853
890	4
103	17
151	250
427	899
651	918
872	935
306	118
696	699
817	230
199	84
30	677
821	720
331	312
160	323
921	820
206	952
18	781
192	59
7	817
836	231
504	731
871	681
865	274
709	995
619	827
432	898
530	914
392	739
981	701
138	173
273	918
45	903
483	724
97	226
605	968
612	881
958	225
676	303
913	743
708	822
838	246
725	278
580	761
375	883
854	273
264	996
467	803
294	857
782	751
569	935
163	827
694	797
938	96
257	723
51	251
993	848
565	675
432	994
948	796
145	761
822	881
200	888
95	148
541	983
134	88
226	881
915	23
298	933
66	160
275	106
970	822
709	81
281	908
220	112
933	140
638	973
721	923
575	918
127	19
824	846
207	32
304	104
663	713
8	95
350	779
351	992
105	841
186	4
574	730
462	961
75	718
105	50
700	167
824	189
622	743
167	119
763	59
111	888
376	961
562	785
734	305
985	305
882	864
798	241
90	693
880	204
652	741
989	846
845	48
33	44
815	891
142	933
98	684
891	98
280	185
133	937
999	303
220	921
135	232
103	799
285	313
555	898
155	850
823	773
251	287
670	879
960	738
960	37
60	222
27	157
771	922
813	969
744	900
142	850
710	903
452	982
245	271
837	913
785	694
101	145
193	75
773	939
503	929
327	281
325	36
980	215
804	180
248	155
667	54
914	968
915	692
159	114
56	712
780	780
178	795
306	164
799	890
699	863
619	933
173	318
416	746
351	964
983	272
299	117
306	328
950	76
518	898
37	87
156	250
179	719
786	220
187	103
684	702
412	813
329	794
687	236
175	46
43	686
121	296
356	669
916	784
580	929
193	696
699	283
71	840
95	944
989	838
21	698
45	930
607	869
161	839
805	173
176	40
967	45
958	712
985	172
606	748
166	747
54	719
716	930
415	968
10	905
264	121
68	872
780	902
23	59
45	881
624	678
702	749
915	99
72	920
328	40
839	787
680	4
775	666
552	951
956	153
493	868
959	71
474	851
895	729
795	4
227	26
200	836
894	840
818	994
862	26
666	720
776	146
406	690
50	51
362	737
39	844
838	795
289	812
831	281
855	690
963	776
445	888
329	159
666	815
258	4
946	141
315	736
948	710
813	131
557	979
90	985
532	782
727	888
861	287
855	800
980	710
455	844
804	197
979	786
319	633
279	342
391	213
111	571
673	646
406	67
52	575
112	444
618	604
420	398
624	14
831	597
595	30
745	408
91	401
459	445
281	557
618	569
757	417
776	346
458	296
151	360
905	516
914	568
218	662
577	436
646	363
470	496
447	519
402	161
250	539
337	526
267	468
762	530
473	94
517	335
438	395
665	447
506	219
565	602
869	491
318	348
501	128
863	614
830	391
997	459
515	539
461	586
515	118
340	409
408	279
381	532
327	562
388	81
670	485
517	574
642	237
829	579
444	334
409	279
862	605
399	557
540	347
560	358
130	587
691	426
480	136
374	498
77	489
294	572
870	555
366	556
968	591
697	401
408	99
503	537
901	366
566	334
488	374
603	317
16	479
441	644
513	246
377	47
411	627
344	413
438	123
470	422
70	442
189	515
300	653
461	313
161	650
41	447
741	460
900	425
713	563
562	401
981	638
169	364
719	399
593	120
806	417
355	421
299	614
422	21
488	242
474	176
431	167
534	109
984	626
56	430
939	533
469	38
364	455
564	93
603	186
397	623
225	615
600	397
131	350
298	486
446	120
483	143
308	424
114	601
340	351
555	282
657	546
330	626
437	328
377	395
508	109
370	271
362	312
376	436
346	164
356	625
888	498
404	222
387	91
187	384
922	496
247	598
539	631
447	526
326	469
99	543
122	349
661	657
512	570
705	601
237	590
719	535
104	493
375	355
334	624
517	193
405	19
458	108
623	376
236	642
504	627
650	662
382	375
992	383
533	608
301	525
439	363
424	596
451	177
540	656
993	514
832	412
120	591
448	505
239	659
409	313
249	450
705	374
228	444
339	232
481	77
625	296
835	580
646	642
281	637
677	584
295	573
79	386
633	141
596	140
347	362
504	143
269	463
456	47
605	621
349	309
867	443
881	463
632	640
874	348
656	45
335	632
290	505
622	96
503	142
839	531
47	386
35	640
98	421
965	429
763	519
769	518
553	71
537	270
425	156
478	222
921	647
167	646
569	572
447	92
429	335
464	175
257	476
526	346
895	480
480	162
267	459
971	584
310	360
277	468
793	623
504	83
442	53
562	277
290	380
479	12
501	212
659	433
757	652
421	338
572	212
424	665
958	367
854	547
709	504
662	456
624	351
519	218
967	539
542	17
386	488
159	536
27	521
679	371
822	624
504	392
636	286
223	502
757	457
881	408
615	434
577	510
24	599
422	655
397	430
906	351
810	525
556	542
465	621
4	460
448	620
390	499
168	456
644	206
400	59
846	378
662	83
252	415
837	367
875	579
180	458
499	587
652	309
807	562
415	481
730	397
966	533
159	406
584	447
111	370
606	88
896	625
490	13
449	639
503	171
891	659
23	596
85	594
347	572
402	151
889	505
972	453
216	417
579	448
785	547
369	4
359	307
666	536
728	582
818	540
718	450
808	659
303	473
491	202
629	10
547	570
511	48
437	544
593	582
529	172
89	375
344	115
705	447
167	376
575	452
757	560
576	536
350	525
520	270
515	52
908	608
251	385
336	231
455	476
442	135
735	567
664	194
387	608
321	499
628	239
574	385
68	462
963	367
446	1
429	43
505	251
463	427
353	94
762	582
488	512
538	531
42	613
586	47
713	338
480	524
5	468
414	258
505	80
613	644
83	652
601	255
995	579
646	29
634	108
908	407
82	538
215	337
663	147
106	608
694	386
532	285
25	511
333	378
165	640
873	341
384	168
115	366
416	153
873	451
403	537
835	466
534	312
275	553
974	580
426	3
598	280
182	491
464	88
618	612
592	109
450	211
818	402
310	506
144	624
440	143
588	365
390	309
812	656
610	485
917	354
10	573
729	609
594	213
626	312
130	639
557	290
522	574
373	18
785	379
482	470
92	481
423	174
146	569
564	192
722	586
148	603
453	182
453	434
727	478
605	411
798	561
590	448
8	649
577	634
627	478
615	113
898	592
543	89
134	614
928	659
796	513
161	564
169	398
289	491
911	559
369	344
82	599
538	530
462	390
160	525
19	659
726	473
292	541
115	439
248	562
432	54
326	515
482	588
653	417
402	407
325	428
638	306
597	489
68	583
687	587
507	163
834	589
234	400
476	406
735	662
662	226
482	433
589	487
519	137
380	380
684	647
478	522
392	587
990	380
487	234
979	660
802	449
539	18
161	584
333	590
986	388
532	432
405	494
969	461
528	327
815	542
222	481
371	243
456	563
187	544
421	251
51	526
556	323
659	237
196	486
666	624
303	365
461	152
151	610
270	375
352	35
4	626
358	171
618	433
961	584
266	443
871	436
622	4
828	369
424	660
813	622
132	439
528	412
670	492
651	373
561	626
482	167
669	482
792	470
350	517
101	595
693	413
760	485
441	646
493	594
158	421
427	447
555	495
915	399
531	332
735	378
396	335
871	450
541	78
229	477
756	557
638	574
554	157
469	333
851	611
170	636
689	371
260	344
289	420
519	657
390	500
232	432
426	312
289	526
677	492
552	206
794	592
949	346
987	537
912	573
810	512
469	468
459	657
641	608
958	438
451	167
487	343
133	565
562	283
606	514
549	546
243	426
94	662
568	602
514	184
347	366
305	534
605	247
573	32
102	650
297	583
291	509
354	274
902	477
688	543
391	378
607	647
13	628
463	496
721	629
833	495
291	497
510	161
213	378
70	496
910	427
329	385
622	595
352	412
377	638
271	526
115	665
961	363
865	619
62	406
656	558
14	460
926	385
275	455
500	369
450	201
602	409
682	607
690	345
632	119
755	581
317	515
951	597
496	139
366	332
544	115
185	648
657	523
195	607
897	467
648	320
377	160
602	241
534	42
672	515
977	522
14	523
188	500
456	5
967	382
6	377
579	301
675	404
342	598
643	602
826	618
367	540
221	543
568	656
398	410
517	419
372	617
876	407
452	14
97	476
108	539
759	618
272	648
88	344
771	595
921	462
600	99
761	597
336	397
581	455
355	439
895	581
519	95
645	391
595	601
905	539
584	75
503	351
240	362
154	550
624	403
417	295
786	593
837	392
452	432
847	462
199	462
543	636
560	514
623	441
798	615
397	550
454	542
1	393
520	10
450	556
571	88
883	377
487	74
649	135
45	540
417	350
621	91
390	113
451	127
390	512
681	632
723	521
21	637
527	446
757	632
470	75
987	473
571	381
459	255
748	455
379	652
350	194
441	572
943	583
51	534
797	426
712	632
484	344
657	613
558	625
380	401
556	309
525	473
573	150
298	340
995	630
656	353
650	291
912	414
165	560
677	420
142	438
616	532
336	635
298	607
350	233
918	465
973	628
480	196
498	224
181	478
304	539
787	355
343	351
795	646
524	377
213	608
689	449
98	443
59	535
80	409
564	169
859	397
521	439
243	360
274	488
795	648
439	108
178	470
991	488
457	47
367	68
460	263
440	4
855	338
175	490
512	309
738	447
78	629
777	365
497	590
555	621
536	500
37	459
872	351
937	559
16	562
730	544
844	545
119	463
121	366
415	436
152	349
418	330
877	564
858	514
749	513
778	344
656	513
596	22
35	587
407	369
81	553
492	379
554	484
354	145
6	593
87	555
539	474
434	20
574	639
480	130
653	440
605	280
337	453
456	397
921	432
633	148
599	179
188	378
972	547
46	612
882	474
567	411
568	101
77	606
483	137
14	395
366	388
355	347
501	426
163	451
965	418
822	602
212	355
573	294
556	477
307	446
647	443
573	290
78	479
401	432
157	465
579	588
425	485
749	449
891	575
90	435
109	489
658	112
513	91
33	386
439	95
336	88
451	528
828	348
8	570
799	487
572	656
430	647
914	547
777	508
649	70
826	407
875	610
767	496
592	544
768	637
892	417
580	523
884	442
608	277
415	641
645	241
657	85
350	307
999	430
845	522
57	364
151	636
7	454
12	428
56	422
139	457
179	343
749	389
343	194
351	77
462	18
410	393
535	44
269	663
495	432
380	223
654	49
909	360
376	66
460	288
327	563
489	2
507	646
382	283
34	341
355	259
431	144
902	555
508	166
979	556
762	572
484	148
702	512
419	246
521	578
778	418
474	385
620	96
191	527
879	652
136	514
645	523
498	6
636	544
724	603
573	637
743	572
389	246
479	655
341	193
320	537
516	546
343	260
404	616
847	435
85	572
616	515
437	171
189	434
327	519
389	422
743	652
543	361
107	457
597	159
923	579
360	486
532	478
264	432
447	551
984	399
682	425
115	483
755	571
8	587
467	513
517	414
940	630
47	367
148	521
629	207
608	46
332	566
506	165
356	251
679	475
609	302
542	426
479	155
265	435
664	456
305	336
378	645
628	502
453	262
100	604
215	427
664	531
547	101
615	55
590	109
494	371
583	234
511	34
70	452
409	395
593	653
638	27
324	457
400	516
804	392
515	198
563	654
638	206
153	429
544	432
573	491
414	571
919	665
550	349
522	511
563	397
376	70
814	509
595	183
479	363
654	581
151	585
736	356
519	202
778	480
264	470
465	188
318	346
355	197
617	661
284	547
607	580
718	539
545	491
90	536
333	613
559	259
227	554

300

400
400
400
400
400
400
400
400
400
400
400
400
400
400
400
400
400
400
400
400
400
400
400
400
400
400
400
400
400
400
400
400
400
400
400
400
400
400
400
400
400
400
400
400
400
400
400
400
400
400
400
400
400
400
400
400
400
400
400
400
400
400
400
400
400
400
400
400
400
400
400
400
400
400
400
400
400
400
400
400
400
400
400
400
400
400
400
400
400
400
400
400
400
400
400
400
400
400
400
400
400
400
400
400
400
400
400
400
400
400
400
400
400
400
400
400
400
400
400
400
400
400
400
400
400
400
400
400
400
400
400
400
400
400
400
400
400
400
400
400
400
400
400
400
400
400
400
400
400
400
400
400
400
400
400
400
400
400
400
400
400
400
400
400
400
400
400
400
400
400
400
400
400
400
400
400
400
400
400
400
400
400
400
400
400
400
400
400
400
400
400
400
400
400
400
400
400
400
400
400
400
400
400
400
400
400
400
400
400
400
400
400
400
400
400
400
400
400
400
400
400
400
400
400
400
400
400
400
400
400
400
400
400
400
400
400
400
400
400
400
400
400
400
400
400
400
400
400
400
400

17
10
18
18
20
18
18
17
13
20
13
19
11
12
10
11
11
17
16
12
10
16
10
13
20
19
15
11
20
10
15
16
17
18
19
18
14
10
13
20
16
13
15
16
14
10
20
13
12
15
16
18
11
17
14
19
14
15
17
12
14
16
17
13
10
17
14
13
17
17
10
19
20
12
12
10
11
12
14
16
19
15
16
20
16
17
16
12
14
19
12
13
17
13
20
13
17
11
12
11
15
15
16
12
11
12
10
14
14
12
16
16
14
10
14
10
14
10
12
12
13
14
17
18
20
10
11
13
17
18
20
16
12
16
19
20
10
16
19
13
11
13
15
15
18
18
13
15
13
16
10
14
14
11
14
20
17
16
17
13
15
17
20
15
15
14
14
19
17
13
12
10
17
19
18
18
14
15
20
19
10
12
18
14
16
10
13
18
11
12
15
14
19
13
20
14
18
16
19
19
11
15
12
20
19
14
13
20
14
12
12
11
15
17
16
11
11
20
20
20
18
13
16
12
16
18
14
11
19
14
19
18
10
11
20
12
11
20
10
11
10
16
15
14
20
10
10
13
13
19
14
20
20
15
16
15
20
12
16
20
14
10
20
11
15
10
11
18
17
15
14
13
18
11
13
14
19
16
15
10
18
17
18
19
18
13
20
10
10
12
20
18
11
16
17
15
18
14
11
16
15
16
18
15
13
12
14
11
20
17
18
12
10
16
13
12
15
19
18
10
20
17
16
14
12
17
16
11
16
12
14
12
16
18
20
17
17
19
13
17
15
19
16
17
15
11
13
11
14
14
13
20
17
10
17
14
20
15
17
14
12
14
13
14
15
15
12
19
17
15
16
15
20
16
15
17
10
10
12
20
17
10
14
14
18
18
18
10
20
19
14
20
12
20
15
13
17
12
14
20
18
20
19
12
17
19
18
17
13
11
11
10
16
11
11
11
18
11
15
10
20
13
11
14
11
10
15
12
16
17
11
11
19
13
20
12
19
11
13
19
18
15
15
10
20
16
20
17
16
11
15
18
13
10
10
14
13
15
16
13
11
18
16
18
11
19
11
18
10
10
18
13
17
19
16
19
11
11
10
13
20
13
10
19
16
17
18
10
12
20
10
17
13
20
10
18
14
19
17
18
13
17
17
16
20
20
20
16
12
10
10
15
16
19
13
19
20
19
14
18
15
19
13
12
10
19
16
16
14
12
14
12
12
16
19
12
17
14
14
12
15
20
20
13
10
16
10
15
20
10
15
17
12
11
20
14
10
15
17
14
17
10
18
15
17
16
14
11
12
18
10
12
19
12
16
18
13
17
14
13
16
19
20
18
14
15
11
11
18
19
13
17
11
14
14
13
15
15
15
19
13
18
20
15
13
18
11
13
17
17
17
13
20
10
16
11
13
18
10
15
12
12
17
11
10
19
18
19
14
16
12
17
18
15
15
11
12
11
10
18
17
13
17
13
14
20
20
20
16
16
17
10
12
16
15
19
11
15
19
14
12
20
19
18
15
16
16
14
16
19
12
10
12
16
16
18
15
18
18
13
11
19
14
13
13
20
17
18
20
19
15
14
14
18
19
14
14
15
15
16
14
14
10
17
12
13
18
12
20
20
12
18
14
17
13
17
11
12
14
17
18
12
13
11
15
19
15
18
17
12
14
10
13
13
16
20
15
20
13
13
15
11
18
20
15
12
18
11
16
12
17
14
10
14
15
12
11
19
19
19
13
13
14
18
20
14
10
18
16
13
11
14
16
13
16
13
17
20
12
20
16
12
19
17
11
18
12
17
13
14
20
10
16
19
18
14
15
16
10
15
15
14
13
15
19
12
13
16
19
20
13
12
10
15
18
12
11
17
15
19
20
10
13
18
15
14
11
19
10
11
20
20
19
13
11
18
13
10
16
20
15
18
19
12
10
20
19
13
15
19
13
10
10
19
15
14
20
11
14
11
13
19
19
12
19
14
10
13
17
14
17
17
13
10
12
15
10
18
10
15
15
12
20
13
15
18
12
12
16
20
11
19
14
20
20
16
15
14
13
16
19
13
19
17
11
20
11
11
10
16
14
10
14
20
18
17
20
18
14
16
17
17
19
15
13
12
16
14
12
16
15
15
12
12
18
12
11
13
19
19
18
20
11
14
20
10
15
11
14
18
15
19
17
14
11
15
12
11
16
18
10
11
12
15
19
11
13
20
19
19
14
16
20
12
15
12
14
14
15
12
17
17
14
15
18
18
20
10
18
13
19
16
16
19
15
12
10
15
14
19
18
15
12
19
10
19
18
16
17
15
17
10
16
17
10
16
19
18
19
18
15
16
10
16
15
12
15
11
14
16
19
19
20
12
16
12
14
16
10
10
20
18
14
20
18
10
18
19
14
14
15
17
14
14
16
17
16
16
15
20
18
16
14
20
17
11
19
13
16
18
20
14
18
18
15
14
15
19
15
18
18
13
18
10
17
17
12
12
11
14
15
15
11
19
14
18
11
10
14
17
18
13
14
18
10
11
12
18
17
16
12
16
10
11
16
19
11
19
19
12
14
12
20
13
20
14
10
14
17
19
20
11
16
16
16
20
10
10
18
14
10
19
19
10
19
10
14
11
10
11
11
19
18
17
20
17
10
10
12
11
17
11
20
18
14
19
18
17
19
14
11
13
14
19
18
13
13
13
20
19
12
20
15
19
15
18
16
15
12
14
14
19
13
15
13
18
15
20
12
16
15
10
12
18
20
15
11
19
18
18
20
18
10
14
11
17
14
13
18
17
10
16
11
18
10
14
14
19
17
17
12
19
17
13
18
17
15
12
10
16
12
10
18
18
20
14
13
16
13
14
18
12
11
19
12
19
16
10
20
14
15
15
20
16
20
19
11
10
16
16
17
14
19
11
15
14
17
20
14
16
11
11
13
17
13
15
15
14
13
15
10
10
13
10
20
18
10
10
10
14
11
16
18
15
15
18
11
17
13
10
10
20
19
13
17
10
16
16
12
12
18
14
18
16
17
13
12
11
20
20
10
13
12
18
11
18
10
10
11
18
12
12
20
12
19
11
20
15
19
19
11
19
10
19
17
10
20
13
20
14
15
15
18
11
14
16
10
13
16
17
15
19
13
11
19
20
15
10
11
15
15
15
11
17
16
17
17
13
17
15
15
11
17
15
17
14
10
19
15
11
14
12
10
20
11
14
12
11
15
14
16
16
19
11
17
17
17
12
16
18
13
15
20
16
18
16
13
13
14
18
15
20
11
14
19
14
19
15
11
20
14
18
13
17
18
16
20
14
14
17
12
14
15
13
18
14
10
17
15
15
16
16
15
16
20
18
13
18
11
16
14
18
12
17
19
18
14
13
10
12
11
11
11
12
11
14
20
12
18
17
16
15
17
20
13
10
17
11
19
19
11
17
14
11
14
13
12
16
14
12
15
17
17
19
16
10
11
19
10
18
14
16
13
12
10
17
10
15
17
17
11
10
11
11
19
13
14
15
19
14
13
15
12
16
20
15
10
11
16
13
18
20
18
17
20
13
13
14
18
15
11
10
11
18
12
15
11
18
20
17
14
10
13
15
13
17
18
15
19
10
11
16
11
12
13
15
13
18
20
16
12
11
10
15
13
11
18
13
11
12
18
14
18
15
13
12
13
14
15
20
16
18
19
18
12
10
15
11
14
20
12
20
20
19
20
12
14
13
14
19
20
15
10
15
16
11
11
18
16
11
14
11
11
14
18
12
12
10
20
18
19
19
14
16
14
20
19
18
18
20
16
19
10
11
19
20
18
15
19
16
20
10
16
18
17
15
13
10
18
17
20
18
15
16
11
18
14
19
10
16
15
19
17
11
20
20
11
15
11
11
14
18
17
13
10
15
19
10
19
16
18
19
11
11
19
17
16
12
16
12
15
18
20
17
17
11
18
13
12
20
12
13
18
10
20
11
17
13
20
13
16
16
18
16
11
12
16
20
20
10
20
13
17
15
15
19
12
18
20
15
16
16
11
11
19
17
19
15
17
20
14
16
15
19
17
18
15
14
19
18
17
18
20
12
19
13
18
16
20
19
18
14
14
15
15
14
11
16
11
11
12
13
20
18
11
12
17
20
14
12
16
18
15
18
20
11
10
16
13
13
20
10
14
16
13
11
12
18
10
15
11
19
16
17
15
11
18
17
20
11
20
12
11
20
10
20
14
12
19
14
17
15
17
18
13
13
11
16
10
11
10
16
12
11
17
16
10
16
20
19
19
17
16
11
20
19
14
13
20
12
15
10
10
10
14
13
15
20
16
12
14
19
20
13
15
13
14
14
14
12
11
11
14
18
15
18
13
15
12
16
16
19
19
12
11
18
20
13
14
19
12
15
13
10
10
16
20
13
16
17
15
12
16
14
16
20
10
10
16
14
16
19
15
14
17
18
16
15
20
20
16
15
17
15
14
20
10
17
17
19
19
20
17
17
15
16
14
16
15
13
13
14
10
13
19
14
20
17
12
12
12
13
17
13
10
19
15
10
14
14
13
14
10
14
19
20
15
12
18
14
10
15
13
10
12
10
16
18
14
16
18
11
19
13
14
20
11
11
13
10
10
13
17
15
10
13
12
17
20
18
18
10
13
18
10
16
19
11
20
12
11
20
17
10
20
10
15
15
15
20
13
16
20
10
12
17
17
14
20
17
10
10
12
16
18
13
14
15
20
16
10
15
12
17
13
14
18
17
10
11
12
12
10
18
17
15
20
20
16
15
11
20
11
12
17
17
16
18
13
17
19
17
14
10
17
16
10
19
12
13
18
19
12
20
19
10
13
18
10
13
15
18
10
10
14
15
20
18
18
15
14
12
14
12
15
16
18
11
10
19
14
20
20
12
16
13
10
15
16
19
17
10
18
19
18
19
20
14
15
13
11
14
20
11
17
11
10
17
19
14
11
18
11
20
10
16
16
13
18
19
17
20
12
10
17
14
19
20
14
10
17
16
15
10
12
18
16
20
13
11
20
10
10
13
17
12
15
18
12
10
14
13
10
10
17
18
20
15
18
11
11
13
15
13
10
16
18
18
20
10
11
15
16
20
18
13
20
16
13
15
18
11
19
18
11
15
11
10
19
16
19
20
20
16
16
16
16
18
17
20
16
20
20
19
12
14
15
18
13
13
20
17
20
20
14
16
11
12
10
12
20
17
15
15
20
12
13
18
17
17
11
14
15
18
15
16
19
18
10
12
18
10
11
11
20
18
18
16
10
17
17
11
17
13
20
13
16
10
18
13
12
10
18
20
17
13
10
16
17
17
16
10
14
11
15
20
15
15
16
17
20
11
11
11
10
13
19
19
18
14
19
14
14
13
16
16
11
11
18
18
14
18
17
13
11
15
17
20
13
11
17
15
13
19
11
13
12
10
15
15
15
13
14
16
18
12
18
19
17
20
17
18
12
18
10
18
17
12
11
12
13
10
14
11
20
12
10
19
15
16
13
13
12
16
13
20
20
13
10
11
16
13
19
20
11
15
14
15
10
17
14
16
20
19
15
17
11
15
11
18
16
13
13
14
16
12
12
14
11
15
19
10
17
18
14
16
17
13
10
12
14
10
12
11
14
18
12
13
13
20
17
18
12
19
12
13
19
19
18
19
15
17
15
18
10
18
13
17
15
16
19
15
15
20
11
15
16
12
15
12
18
13
18
15
13
11
15
16
13
19
18
14
15
15
15
19
12
18
14
20
15
15
14
11
15
14
13
15
15
18
12
11
12
15
19
11
14
18
10
17
12
18
20
11
11
11
17
13
20
10
10
16
14
17
16
20
19
11
15
12
15
12
17
12
16
18
20
16
11
19
15
10
16
15
13
15
17
19
20
17
17
15
11
19
16
17
14
13
16
17
16
19
17
15
19
16
19
13
20
20
20
13
12
17
14
14
11
19
14
18
19
11
13
18
12
13
13
13
12
16
16
17
19
20
17
20
16
15
10
17
12
20
19
14
18
15
12
18
18
11
18
11
18
14
13
19
14
20
14
17
20
17
10
11
14
15
14
16
16
18
20
11
12
17
10
19
20
13
10
11
19
17
12
14
19
15
16
14
18
15
13
11
11
13
13
18
18
19
19
11
11
12
20
10
19
10
13
18
17
11
19
13
14
14
16
12
10
16
15
15
12
19
10
13
15
18
12
18
10
19
12
18
13
13
17
15
10
14
10
15
19
15
20
16
20
15
19
11
14
14
13
19
16
16
17
15
12
12
13
15
18
15
17
16
13
11
12
10
11
10
10
18
20
20
12
16
15
20
16
16
19
13
20
18
10
10
20
11
19
12
15
18
20
10
15
15
11
16
19
12
17
11
18
13
17
13
10
13
18
18
16
20
13
12
11
14
13
13
15
18
11
16
19
18
20
13
20
20
20
14
10
19
16
20
10
15
19
19
15
19
10
14
19
11
13
18
16
15
20
16
16
18
20
19
19
16
11
17
10
17
14
14
18
11
15
16
20
20
10
18
20
19
16
14
20
17
14
19
20
17
20
15
20
13
18
17
16
19
10
15
13
16
10
12
14
15
19
13
16
18
11
12
12
13
13
15
17
20
10
14
16
10
10
17
15
20
10
18
10
19
20
19
15
19
20
10
19
18
10
20
12
12
16
15
16
17
19
20
11
16
10
13
10
18
17
12
10
16
19
10
20
13
16
16
11
16
13
19
12
11
20
20
16
15
10
16
19
13
19
19
18
15
12
17
17
20
20
16
18
19
11
18
12
15
10
20
14
10
10
15
20
13
20
19
16
13
16
18
14
15
10
14
13
11
17
14
20
11
15
11
17
12
17
11
13
14
15
14
12
18
16
16
11
20
10
20
11
11
13
15
12
15
17
11
20
19
17
16
19
12
15
13
11
13
20
11
17
16
12
19
16
12
17
15
12
11
12
13
10
19
20
10
11
10
16
17
18
13
11
20
16
17
12
20
16
17
19
20
17
15
13
20
14
12
10
15
13
10
17
15
20
14
10
19
13
20
11
11
19
14
16
12
16
18
20
19
19
15
17
10
20
10
20
18
13
19
20
18
10
20
18
16
18
15
20
14
19
17
11
19
12
13
20
18
13
12
11
13
13
14
10
16
15
20
16
17
14
13
16
20
16
15
19
14
16
18
16
18
19
14
12
18
11
12
13
10
17
17
10
13
10
16
16
16
19
19
15
15
11
18
18
17
11
20
17
13
10
16
18
17
12
18
13
13
12
13
11
16
19
11
17
11
18
16
16
18
10
13
13
19
19
19
11
10
18
13
15
16
19
20
14
17
16
18
13
10
13
10
14
19
17
10
12
17
12
13
11
17
12
14
11
18
16
10
17
20
20
12
13
13
20
12
18
16
12
12
18
12
19
10
18
20
17
15
19
14
10
16
11
17
17
11
17
11
14
11
16
15
13
16
10
16
14
17
10
13
15
18
16
11
14
12
13
11
20
16
12
14
11
15
10
16
14
16
20
15
13
16
16
14
15
14
18
14
18
14
11
17
17
16
18
19
18
15
10
17
10
17
12
11
15
12
15
16
14
14
19
11
15
15
17
14
20
13
15
11
10
19
17
10
17
14
16
13
11
15
20
15
18
14
17
10
10
16
18
19
16
13
15
13
10
10
13
13
10
13
17
12
17
12
13
17
16
15
18
10
10
15
14
12
17
12
18
12
13
15
19
20
15
13
10
20
18
11
12
14
16
18
15
15
16
12
14
13
14
15
11
18
19
12
20
20
11
14
19
16
14
14
20
18
14
14
18
19
13
15
16
12
13
18
11
10
10
12
15
18
15
16
14
19
15
12
13
16
15
19
14
11
19
10
15
20
19
11
19
14
12
15
10
15
19
17
19
15
20
17
10
17
17
10
15
16
20
18
14
17
19
17
14
14
11
17
18
16
17
18
20
17
14
19
15
16
13
11
19
10
20
13
15
13
13
11
18
10
20
18
10
11
16
20
18
10
17
20
14
11
15
15
17
16
18
20
14
14
11
11
10
18
12
14
16
19
17
16
11
12
11
17
17
11
11
18
19
10
10
10
12
13
18
17
19
10
16
15
14
13
10
17
12
13
11
14
18
10
16
11
13
20
14
11
18
18
18
11
10
12
12
17
16
17
15
17
17
13
13
13
19
19
20
20
12
19
17
19
17
12
17
15
16
12
16
13
17
15
18
16
10
10
20
12
15
19
14
10
17
15
14
13
17
19
15
17
17
12
16
20
14
15
13
20
17
14
19
15
18
19
11
19
12
15
12
11
11
12
13
12
12
19
16
20
13
18
10
16
19
20
20
20
20
15
18
15
13
11
12
17
12
15
13
17
19
14
11
16
20
17
19
16
20
20
13
11
16
19
12
16
20
19
15
17
20
12
13
15
14
16
16
19
13
12
17
10
16
16
17
11
17
13
20
13
17
13
10
14
16
20
20
13
13
15
19
12
17
10
18
16
18
13
15
14
18
10
13
17
17
15
16
14
14
18
13
18
11
11
14
13
18
15
20
10
18
11
17
17
15
11
12
10
16
19
13
16
16
15
10
14
12
12
16
11
20
14
13
16
12
18
16
15
16
10
20
16
14
14
13
19
14
17
11
12
15
13
20
19
14
13
20
17
19
18
12
17
18
19
10
20
18
15
19
15
10
16
10
19
17
13
17
18
15
18
20
11
10
18
14
12
11
12
12
18
12
11
19
10
13
18
16
15
16
18
12
19
11
14
17
16
13
18
14
20
10
16
10
14
16
17
15
13
19
15
19
14
16
15
14
20
17
15
13
11
20
14
17
12
12
17
17
18
20
13
10
14
12
12
15
14
17
10
20
11
18
15
12
13
13
11
19
13
10
15
19
20
16
17
17
11
14
14
10
12
13
10
19
20
11
20
15
13
17
13
13
12
19
12
12
16
14
11
15
16
13
14
14
11
18
15
14
11
11
18
13
13
15
12
12
12
18
13
14
16
19
18
16
13
16
13
16
17
20
13
17
20
16
16
19
11
19
14
16
10
16
12
10
11
19
12
11
12
17
12
14
10
10
12
17
15
18
15
12
16
11
10
11
17
16
16
12
20
18
11
11
17
15
14
13
17
17
19
10
15
20
20
14
18
12
16
12
16
16
12
19
17
17
18
20
12
13
13
19
20
18
19
19
14
16
14
14
10
15
18
10
13
17
19
20
19
18
13
16
11
20
10
18
18
16
16
20
20
13
19
18
16
14
15
19
13
20
16
16
19
20
11
17
10
13
19
19
20
15
17
14
20
13
17
20
16
19
11
18
17
19
10
12
13
12
17
17
20
16
14
17
11
15
11
16
16
10
18
16
16
16
19
15
17
12
18
17
14
16
12
13
19
16
13
16
15
13
19
15
12
12
15
17
19
13
19
20
18
16
18
20
15
18
20
17
14
19
19
15
11
19
18
15
13
15
10
14
18
20
18
10
12
18
15
19
10
12
18
10
11
10
11
13
20
11
15
17
18
20
13
14
14
19
19
17
11
10
20
15
18
20
10
19
19
17
14
12
11
11
11
12
18
16
11
19
17
15
19
10
20
16
11
19
16
10
10
13
10
19
17
18
17
12
15
13
13
19
12
19
15
16
14
15
16
12
18
14
16
16
11
16
14
11
16
19
11
14
13
14
18
13
15
12
16
14
13
19
11
12
19
10
13
18
14
18
10
11
13
18
17
12
17
11
17
17
17
20
11
20
10
15
16
15
10
12
20
15
10
17
19
16
20
18
19
12
11
14
14
17
15
18
12
16
15
18
20
16
18
19
13
19
12
12
13
11
10
12
11
15
14
11
20
14
19
16
19
15
17
20
18
16
14
18
17
15
11
13
13
19
10
16
19
19
13
16
16
12
14
10
14
20
16
20
12
11
10
17
19
17
10
12
17
10
19
10
15
13
19
20
20
16
13
13
15
15
13
14
18
19
11
19
10
13
15
11
13
15
18
15
12
17
15
16
12
11
10
18
15
11
14
18
11
20
19
20
16
13
16
20
10
18
13
11
15
11
15
11
18
18
12
18
20
14
18
12
16
14
10
15
15
19
13
11
13
13
11
13
19
10
19
16
11
17
13
20
19
14
16
17
20
11
10
10
15
20
13
13
12
15
15
12
10
15
19
15
10
16
11
19
10
20
13
10
11
17
11
14
16
11
14
14
11
15
10
17
17
14
12
20
12
10
18
17
11
20
15
19
16
20
13
12
12
17
11
15
13
20
10
20
12
16
20
17
20
16
10
13
16
14
17
18
11
10
12
12
17
14
19
11
15
18
13
12
15
17
15
13
11
13
19
10
12
17
18
10
11
10
10
15
17
19
16
20
11
18
19
19
20
16
11
14
17
10
18
15
17
17
13
18
17
15
15
11
16
14
20
10
10
12
19
16
10
16
10
14
14
19
10
16
18
11
11
16
18
20
16
10
15
19
14
20
15
10
10
13
10
11
10
12
16
15
11
20
15
11
18
11
20
13
20
15
16
15
16
11
20
11
10
12
11
15
19
17
15
19
16
12
19
16
10
19
17
19
10
15
17
10
11
10
12
16
11
13
10
13
12
12
16
16
16
12
17
10
11
15
10
19
19
16
13
19
13
17
19
10
14
12
20
18
10
17
12
10
14
17
11
19
16
15
13
13
14
19
18
13
13
18
15
12
13
14
20
15
10
11
20
19
13
16
15
11
19
20
17
19
19
14
15
10
17
12
13
11
17
12
19
16
16
14
17
11
12
13
17
19
11
11
18
19
19
15
16
15
13
20
17
10
17
20
17
15
16
19
18
15
16
17
13
14
13
16
11
14
18
12
10
17
17
17
14
11
15
18
10
15
11
11
15
16
20
17
12
12
16
15
13
16
19
12
11
10
10
20
15
13
11
17
17
13
18
16
12
11
13
16
15
18
17
18
15
18
17
20
10
18
14
10
12
20
14
11
13
10
17
20
18
12
19
14
19
18
14
17
18
19
15
14
19
10
17
14
14
14
14
17
13
14
11
17
15
16
16
19
19
12
19
12
15
18
19
10
15
14
16
12
10
18
19
20
12
11
19
13
18
19
15
13
18
14
10
14
20
10
20
12
12
11
18
17
16
12
18
14
14
19
19
18
17
15
14
12
15
16
17
12
14
14
20
13
18
16
17
14
20
11
14
17
13
19
17
18
13
12
11
16
20
11
16
16
10
19
17
12
20
19
15
12
11
11
18
14
11
13
19
14
17
16
20
17
20
20
14
17
15
19
17
17
18
13
17
16
14
13
14
19
11
19
12
10
19
13
12
19
18
20
14
19
17
13
20
20
16
14
10
14
16
16
14
18
16
17
10
17
19
20
15
10
13
11
10

201
212
271
396
270
256
340
369
304
249
343
207
355
225
200
361
378
313
283
240
344
268
316
263
233
249
232
389
342
270
269
254
308
209
322
378
386
353
341
366
211
299
322
228
353
238
322
362
226
293
219
279
307
291
279
331
293
217
346
344
239
280
380
383
347
267
257
373
309
325
318
390
367
254
388
218
394
273
255
220
246
258
293
290
200
296
293
220
263
342
343
376
302
337
331
201
259
222
396
278
308
252
330
215
298
213
362
300
290
356
373
365
358
325
387
342
397
319
206
256
396
361
298
307
400
216
238
268
231
227
276
218
265
315
352
329
267
271
371
382
342
269
398
263
302
372
312
387
360
238
399
364
379
244
391
255
295
399
259
325
360
290
230
303
341
362
202
383
284
234
226
287
242
230
283
243
237
288
380
270
368
330
306
213
331
341
280
275
201
330
279
384
237
279
200
251
201
271
232
389
336
278
337
261
321
292
209
220
236
280
277
252
204
396
361
306
268
395
213
206
250
375
331
230
298
269
350
385
303
398
307
288
372
364
364
357
359
204
304
370
296
372
389
217
270
314
304
327
225
309

0

1
