5000
250

937	328
133	0
173	101
610	320
510	250
847	252
829	227
475	119
542	235
5	40
297	30
776	213
681	91
691	137
862	111
135	200
687	29
350	217
702	210
570	260
504	299
560	332
834	11
597	136
59	131
785	167
439	275
974	28
152	315
709	61
305	91
746	160
399	91
461	194
960	76
467	201
524	127
837	193
280	242
603	195
537	3
418	217
224	274
321	223
354	8
302	226
732	25
313	253
272	318
777	231
202	293
839	307
547	61
155	54
352	276
415	281
406	179
765	63
20	84
345	183
89	213
188	229
557	136
500	178
983	191
981	135
798	177
843	267
30	167
331	182
879	220
908	69
27	205
581	82
507	313
238	289
329	156
894	239
696	245
317	203
739	190
11	15
902	218
262	23
422	23
398	312
705	8
179	30
516	320
563	330
111	223
182	65
361	315
331	108
478	124
994	211
640	144
803	210
925	243
858	52
23	12
333	220
753	84
23	190
372	204
995	31
638	121
850	146
443	186
731	75
787	181
193	255
86	98
66	46
293	287
839	4
493	252
48	32
694	92
865	12
172	142
401	219
486	285
684	116
546	283
643	319
393	103
983	295
780	316
204	283
32	0
986	203
230	270
837	154
603	75
720	235
554	138
982	22
32	56
388	286
177	116
136	166
208	191
802	69
378	220
169	128
151	271
574	187
545	86
946	328
873	271
484	121
166	28
869	245
769	242
729	242
273	303
554	235
168	135
773	282
987	271
267	207
577	135
519	93
796	99
396	272
397	182
937	91
16	238
355	304
776	33
182	78
903	100
978	38
399	149
252	209
648	109
891	192
587	160
683	213
544	93
663	327
197	128
927	119
884	306
916	43
995	252
996	237
424	317
546	272
490	163
927	10
788	195
66	173
126	116
117	310
756	75
156	57
194	178
771	214
339	354
614	911
78	502
146	389
218	770
181	646
701	633
306	895
576	553
791	484
133	823
226	673
529	941
920	574
716	697
5	355
737	576
156	946
48	343
365	659
831	925
603	690
739	821
449	472
25	984
529	837
607	918
989	715
409	918
732	682
945	718
694	430
61	382
551	685
212	418
263	517
492	915
594	777
731	482
645	616
51	387
399	966
705	616
141	847
253	443
320	692
539	453
267	606
224	571
821	860

798	30
587	121
989	139
56	121
359	211
239	219
866	220
122	146
340	278
118	64
614	75
903	218
255	177
310	139
336	76
551	181
632	241
779	262
651	36
424	318
169	189
191	189
298	252
548	4
473	132
109	55
62	106
679	36
830	96
300	114
76	102
539	288
876	280
143	203
558	329
652	160
161	209
238	224
544	58
521	316
864	48
213	25
180	204
42	297
898	7
319	233
292	93
819	327
870	274
991	172
114	35
569	34
703	284
188	257
633	79
937	267
922	262
408	76
272	163
862	140
973	276
72	280
637	305
549	54
742	302
705	79
500	218
53	121
1	259
88	289
956	247
822	213
612	239
562	71
144	75
371	54
209	244
658	20
475	186
416	46
449	96
639	253
610	307
549	136
526	257
347	278
824	157
304	264
608	127
791	77
117	206
430	12
900	278
125	60
97	133
382	184
854	290
916	283
21	9
846	148
761	193
512	274
582	277
117	141
613	98
360	29
158	133
314	81
100	70
337	102
912	46
273	229
395	170
602	92
82	120
372	179
507	117
327	300
630	265
476	77
870	309
385	302
173	194
676	304
46	252
858	212
289	240
298	25
594	156
671	54
674	321
222	136
682	268
706	280
925	118
674	248
363	173
336	15
534	120
162	277
412	155
829	329
749	44
76	280
970	26
304	276
809	57
897	207
119	297
688	233
570	180
938	135
803	276
159	152
816	125
632	27
636	52
648	236
196	107
27	110
160	193
800	68
445	329
21	208
49	121
483	147
245	155
381	133
712	169
460	158
621	68
302	54
137	256
510	279
655	268
832	99
977	216
150	193
309	81
996	80
430	108
508	130
620	273
356	138
673	194
132	138
521	303
904	200
288	203
19	332
443	253
110	248
446	204
884	69
659	186
660	313
467	53
4	255
110	25
403	118
966	229
183	286
930	194
905	292
349	53
14	219
6	238
562	288
715	243
465	48
836	204
693	121
837	22
485	260
788	102
539	166
94	5
131	9
960	164
91	297
544	201
931	101
549	3
139	224
188	34
393	215
679	120
783	83
76	176
374	280
690	218
249	43
523	127
59	203
34	99
863	17
916	274
904	188
455	181
118	278
823	296
749	70
19	157
3	40
345	18
469	249
916	63
561	271
393	68
676	282
32	7
148	31
194	229
592	214
210	290
688	297
636	189
193	91
272	269
777	62
561	114
822	172
183	293
993	18
586	126
491	34
431	78
377	126
206	150
306	34
974	269
809	207
0	49
65	92
434	327
446	72
211	268
284	159
121	69
949	178
847	23
715	215
362	125
692	224
429	226
194	78
297	84
278	208
229	89
9	134
207	90
845	209
796	23
922	126
243	12
967	78
66	304
126	105
957	208
356	84
80	261
212	284
768	66
351	168
857	41
258	281
97	86
558	317
976	30
500	246
226	135
145	270
751	52
364	66
988	268
935	117
705	55
726	271
5	212
722	133
707	96
950	129
502	183
655	284
473	60
172	184
782	43
528	177
954	251
78	110
495	271
115	45
970	70
672	261
594	270
278	225
739	285
408	177
1	67
698	149
267	271
200	307
25	178
250	111
727	119
372	159
767	191
572	170
597	261
612	26
941	207
859	225
707	70
24	172
906	194
966	193
339	124
162	235
739	59
493	328
586	66
766	210
939	261
754	262
696	239
685	8
609	60
179	164
1	322
604	213
85	88
955	297
264	181
175	31
868	14
12	226
338	196
224	300
914	84
910	321
590	28
718	132
413	118
836	60
643	154
611	3
311	302
293	104
544	133
418	47
362	78
535	53
638	72
226	263
232	72
923	43
834	215
740	100
193	173
803	150
746	312
494	49
259	22
536	54
3	20
862	72
266	240
825	136
753	67
241	317
463	135
808	265
971	232
132	39
507	16
461	269
413	76
441	107
888	276
979	275
322	294
880	326
4	277
626	294
824	148
294	29
728	208
892	24
399	278
775	290
317	40
6	134
497	37
307	283
352	114
258	69
942	146
430	138
693	160
760	136
477	26
154	25
920	189
841	317
181	5
403	212
981	176
552	112
190	251
149	52
183	103
635	185
68	319
915	111
539	106
808	114
431	137
483	226
76	63
298	48
672	240
465	191
57	318
342	108
46	290
580	320
360	141
136	183
298	298
599	333
126	225
729	25
938	326
310	103
559	238
654	125
518	138
863	130
897	211
41	294
921	266
74	106
927	163
624	2
155	115
578	67
28	173
941	269
849	135
28	127
85	100
649	150
300	194
79	4
508	332
803	319
616	285
107	5
71	181
300	174
610	277
707	73
25	45
933	223
677	128
157	294
723	108
910	186
147	286
173	90
627	35
448	211
941	329
433	266
903	91
15	77
268	330
20	157
580	171
631	252
98	226
83	150
239	185
220	33
342	127
179	185
29	214
822	80
759	233
223	211
684	275
783	170
632	171
626	247
276	296
106	140
45	13
58	313
421	250
186	331
341	195
138	141
960	116
543	239
998	121
408	89
529	333
547	145
89	283
217	33
465	128
617	39
7	110
230	313
972	230
625	186
474	31
778	10
200	13
67	124
231	184
286	110
796	8
794	64
243	295
235	246
446	12
689	188
860	314
91	274
288	200
732	134
935	89
840	234
316	42
767	296
213	182
413	225
946	224
524	128
424	51
972	178
696	5
169	295
149	108
607	77
958	242
974	202
85	239
717	275
461	47
935	248
620	172
229	238
944	41
928	0
639	186
338	155
790	44
830	324
137	268
660	212
306	33
756	280
51	221
68	312
836	212
122	188
632	63
708	327
38	161
497	306
500	28
921	251
283	272
688	295
94	60
84	271
175	104
633	19
719	71
892	136
829	264
776	230
129	54
496	26
890	298
863	78
666	84
530	264
655	304
739	32
756	241
50	187
615	43
406	200
913	96
251	20
843	258
37	152
893	27
523	313
108	333
166	37
940	27
998	141
502	196
310	314
706	326
675	296
540	323
640	43
426	149
703	178
711	56
593	145
927	35
57	156
607	287
977	234
909	108
771	324
447	270
783	200
796	133
401	264
690	1
192	305
896	85
698	185
336	33
269	261
290	229
238	295
425	171
428	44
189	310
616	119
126	160
673	300
942	169
21	209
245	182
736	317
223	210
87	313
679	123
925	144
548	239
227	27
883	326
430	162
842	235
921	74
907	215
235	249
966	50
652	88
590	137
252	253
210	125
741	259
386	53
942	18
479	109
480	199
510	283
300	175
543	231
558	137
575	200
469	226
795	171
33	206
835	246
667	217
565	186
550	113
790	12
95	324
895	88
0	175
555	45
815	189
486	146
821	82
417	116
759	125
733	218
132	204
689	76
669	221
639	40
222	293
153	222
107	184
379	75
154	175
455	249
935	34
493	219
605	76
915	151
176	44
207	320
73	298
637	80
974	188
750	47
207	268
426	7
875	189
166	109
229	131
690	79
184	145
520	187
315	238
116	70
683	256
441	304
172	285
372	284
933	169
469	116
923	107
632	330
238	299
67	74
564	240
126	89
365	102
431	252
637	143
644	67
368	221
405	300
751	59
584	33
964	90
630	35
943	207
971	242
370	242
511	266
22	166
442	218
211	185
455	253
102	162
659	267
415	151
218	71
999	55
661	42
535	290
67	267
150	100
648	308
795	206
867	35
72	89
337	34
924	207
1	130
850	252
136	152
36	309
492	212
366	299
398	261
721	53
932	40
973	258
685	96
834	36
802	67
604	172
9	292
611	117
259	99
712	205
512	213
117	236
965	85
420	205
469	122
442	17
351	60
532	116
60	237
243	177
4	138
783	208
684	307
911	206
925	239
333	20
41	231
687	72
475	279
441	36
563	39
335	258
981	67
636	230
667	223
41	306
710	174
584	2
713	143
471	195
530	220
939	329
113	246
690	94
492	77
794	54
367	326
533	322
478	28
616	230
706	247
282	330
732	263
254	281
845	205
603	163
915	138
125	212
81	327
100	157
358	124
495	123
186	22
330	88
632	237
803	192
963	85
237	277
162	41
943	319
394	248
341	238
150	262
323	30
603	193
48	113
146	330
885	158
34	155
70	206
127	19
344	82
999	317
39	108
76	259
366	41
336	292
979	168
849	133
724	34
110	275
665	248
882	157
305	300
329	119
75	308
807	181
235	119
309	62
732	118
732	37
127	265
690	320
383	196
261	8
554	9
97	223
828	103
918	100
249	332
216	219
94	148
2	83
962	227
189	28
958	39
88	33
479	132
872	77
586	243
763	94
930	134
610	109
949	100
959	105
646	146
192	52
747	115
128	196
388	186
190	60
108	83
253	151
204	187
38	228
822	181
242	207
443	15
339	37
730	116
363	133
567	293
382	109
633	297
978	30
160	275
451	12
687	71
22	232
72	111
109	34
939	255
866	69
485	235
470	162
562	214
601	316
83	91
213	70
679	46
603	256
929	290
609	297
678	244
982	36
962	146
577	249
426	285
784	302
832	184
573	50
679	32
730	270
434	213
224	193
822	274
521	161
719	332
847	131
517	101
106	69
431	291
924	247
242	49
724	278
463	124
119	332
524	91
155	28
511	8
700	49
564	303
30	62
40	137
879	14
455	63
914	69
628	217
97	247
565	99
299	92
102	143
595	198
316	128
509	120
328	217
988	41
163	297
929	15
113	180
393	13
122	163
343	120
414	40
88	91
495	187
701	242
188	18
851	135
530	88
479	149
167	168
124	155
559	9
372	9
682	263
298	203
956	284
581	44
829	3
387	113
993	233
361	137
595	188
603	330
515	280
295	32
693	124
376	80
696	148
186	129
940	41
522	250
875	315
159	132
110	73
876	112
681	273
424	237
863	41
882	324
251	28
80	27
204	33
790	191
846	208
568	191
332	259
424	70
401	54
159	139
714	238
545	197
514	176
576	270
770	314
403	166
235	151
227	90
469	124
93	255
142	311
678	248
566	42
365	23
459	59
931	289
118	246
761	150
1	264
72	85
74	39
562	147
189	176
192	235
646	224
259	272
734	239
561	100
88	105
460	131
90	285
175	257
488	204
209	59
396	36
292	78
830	220
973	229
908	174
719	162
486	34
768	160
219	233
497	71
904	36
405	195
118	223
262	110
335	230
822	182
797	246
144	30
799	76
705	73
718	271
135	157
382	216
530	20
793	105
531	295
947	50
159	68
559	179
93	313
567	232
662	62
76	104
990	307
916	108
180	11
167	105
304	81
239	97
267	124
720	249
754	88
721	57
797	15
390	142
178	115
832	27
627	250
125	127
648	278
203	22
686	73
361	305
415	39
376	212
927	186
851	39
562	159
138	98
528	290
443	119
271	45
615	191
153	285
518	46
176	144
208	289
258	37
464	93
121	131
830	242
455	229
738	242
947	218
68	77
150	189
216	204
791	36
441	33
866	240
102	154
566	119
891	291
83	331
369	328
710	61
965	283
329	115
160	271
287	119
786	193
802	142
669	7
299	61
564	274
222	78
75	324
181	71
421	101
370	183
988	179
648	31
289	188
208	83
900	77
590	4
511	4
834	203
15	170
239	109
944	110
400	316
635	49
455	81
57	252
760	266
938	128
20	3
255	44
463	297
971	130
678	96
200	123
683	198
601	82
159	56
0	174
38	304
100	112
824	90
768	293
348	70
472	219
403	58
752	318
775	198
274	173
41	193
793	309
84	111
850	323
473	5
188	21
544	189
595	108
349	258
816	1
2	242
625	128
923	320
152	97
362	230
611	163
155	285
911	111
692	27
872	188
188	186
264	261
901	193
380	54
519	86
767	175
310	149
757	229
363	286
515	180
581	62
375	21
539	312
297	77
954	233
732	304
875	219
230	310
326	211
846	212
846	141
219	167
621	146
951	235
613	214
307	100
228	294
74	181
90	165
796	239
994	307
748	170
722	109
286	82
39	224
164	101
53	290
705	323
983	80
748	307
668	77
377	68
102	149
760	25
954	50
837	79
112	58
113	172
270	80
90	43
308	151
807	218
154	159
192	157
458	96
224	33
542	109
662	10
515	305
3	313
885	143
335	317
377	0
893	28
128	150
331	312
876	79
19	281
552	146
565	168
409	312
328	137
410	2
158	235
621	294
606	169
333	186
598	3
475	292
943	254
574	20
270	274
914	64
421	19
57	201
654	229
368	117
327	237
797	225
412	181
800	313
338	321
128	37
63	71
264	159
156	56
619	87
420	148
63	310
433	98
468	205
40	46
856	245
948	307
896	329
598	10
996	105
171	234
121	94
183	278
282	89
530	307
610	60
797	89
950	211
879	152
125	303
717	181
462	197
922	240
434	137
456	72
946	96
476	258
460	21
271	112
290	51
550	206
14	110
764	128
17	196
174	183
711	62
202	41
301	13
571	301
565	26
260	154
566	100
359	199
769	124
529	316
626	288
113	304
599	281
946	266
384	84
935	316
436	144
63	267
816	71
260	73
712	94
491	206
70	154
490	165
866	23
142	222
783	61
110	110
803	79
69	80
836	62
418	234
57	332
114	198
783	169
597	171
124	260
109	33
363	121
163	72
116	166
625	178
769	81
123	300
626	299
183	167
571	257
498	213
973	157
316	247
228	25
652	109
682	216
643	137
490	225
498	223
487	30
450	176
853	150
124	178
312	184
874	8
929	107
107	102
728	193
464	295
771	228
323	280
560	110
125	21
568	245
965	180
937	204
721	285
353	286
50	135
245	184
499	234
27	326
76	122
934	169
678	104
835	264
73	132
521	208
100	312
712	58
497	14
228	55
627	183
16	324
417	105
355	75
64	117
786	260
685	140
129	165
251	278
219	121
912	203
667	267
400	62
9	84
205	301
643	85
673	317
626	85
765	211
554	258
322	164
340	288
456	174
217	108
809	14
704	182
546	216
540	218
972	181
63	231
112	101
253	73
421	297
555	98
541	277
970	107
960	202
799	272
187	278
453	112
404	124
460	269
623	318
853	25
259	229
257	244
680	243
171	278
615	118
765	22
459	27
732	17
176	235
812	88
154	215
120	133
349	320
889	193
502	323
160	192
334	325
849	154
276	177
811	160
332	14
458	181
570	152
981	172
994	109
81	202
111	72
536	270
664	270
102	230
84	128
969	287
996	239
389	180
214	87
54	91
285	246
313	81
243	0
78	79
348	220
944	320
331	166
478	162
96	68
546	82
973	137
215	249
380	191
402	102
158	324
273	309
953	193
945	255
268	171
371	173
573	155
346	77
819	35
585	170
743	48
392	91
741	243
18	58
171	169
852	117
818	25
829	106
810	227
447	65
163	192
87	165
100	95
985	183
793	144
339	148
66	152
767	270
740	163
636	226
169	202
949	185
430	293
639	94
612	146
666	248
720	64
781	310
863	186
491	129
434	36
927	149
192	35
720	256
372	235
26	126
695	157
943	128
412	18
522	279
633	218
165	252
169	220
926	215
534	44
849	18
505	245
371	139
453	66
928	201
935	144
234	92
278	83
48	124
862	62
77	295
194	225
492	276
569	186
158	19
636	29
377	25
262	91
660	149
992	326
431	216
446	209
270	286
723	179
859	178
559	215
136	157
905	149
786	212
692	278
852	110
897	93
297	127
600	115
609	277
695	62
718	265
150	52
642	299
408	2
326	44
190	216
429	84
259	131
371	280
211	34
282	181
578	11
85	39
513	77
68	287
437	54
416	240
524	78
603	93
765	263
424	228
968	190
78	64
604	220
391	298
795	299
876	312
914	155
873	123
12	119
140	36
391	219
39	313
850	317
277	300
708	248
299	176
763	21
278	248
474	159
677	96
540	116
950	317
894	298
999	174
850	324
176	193
256	303
933	207
261	94
412	54
950	55
106	292
775	309
555	106
391	328
676	259
986	155
807	214
444	299
318	126
920	16
40	105
671	242
977	128
730	107
166	97
664	247
786	279
128	292
306	131
656	267
168	25
889	188
259	65
493	92
144	274
489	131
1	164
614	276
984	312
733	125
55	277
866	111
167	276
961	267
585	33
193	21
985	68
642	49
546	328
896	114
716	158
135	125
431	284
898	313
684	159
641	195
606	206
64	249
428	38
318	330
254	197
132	5
415	207
673	191
519	211
257	140
970	34
370	75
584	111
679	298
1	195
226	317
338	200
245	298
855	260
595	128
891	43
312	8
114	86
292	303
725	123
434	0
516	31
644	268
577	323
591	69
842	249
926	172
468	127
308	74
345	131
948	291
303	144
489	108
914	167
821	186
914	162
457	106
798	131
372	239
424	269
700	323
552	100
562	217
180	278
850	114
141	148
441	6
603	236
286	322
62	99
646	230
106	310
38	87
456	233
398	94
840	312
312	102
88	262
945	55
318	164
871	320
507	86
931	2
564	41
76	328
734	260
639	84
649	188
654	71
765	110
581	58
14	241
55	280
980	234
737	324
841	237
380	34
78	145
960	91
306	107
587	132
637	31
73	291
132	313
467	165
569	105
707	17
411	306
648	231
144	257
29	108
458	298
154	317
120	249
936	99
134	215
779	120
460	98
54	26
445	183
929	254
333	140
785	158
222	158
347	277
290	263
942	57
407	132
629	143
636	216
529	220
269	156
544	132
14	258
978	167
536	91
419	163
238	92
551	11
635	269
404	282
341	191
912	328
634	46
392	116
349	30
489	26
886	153
784	155
398	228
513	280
402	117
833	56
844	66
565	322
541	256
771	270
654	302
265	241
975	191
12	12
444	180
510	234
877	121
471	155
490	276
180	146
861	49
907	18
960	70
978	100
150	159
509	118
921	177
224	61
484	48
140	51
140	157
884	46
873	250
642	24
839	160
665	194
809	151
772	1
105	128
566	173
208	129
243	84
359	148
343	293
891	310
648	333
838	91
824	256
415	169
227	332
182	272
58	207
193	311
50	153
808	221
708	237
720	83
636	317
623	126
482	302
962	264
397	95
311	170
183	178
902	88
219	7
707	137
511	235
123	101
38	166
398	88
378	26
940	185
996	104
608	70
880	60
597	324
486	53
699	252
35	327
949	110
106	144
426	309
689	147
467	226
158	209
951	60
290	150
795	128
992	96
543	260
751	219
126	222
572	162
922	261
711	310
572	310
721	275
377	199
599	138
331	67
304	116
662	328
24	184
615	323
207	245
696	191
127	146
848	60
847	47
268	223
205	39
228	13
228	275
603	78
633	279
427	283
777	39
713	11
221	93
744	189
568	218
531	320
556	168
386	33
583	192
290	315
699	321
286	44
544	259
446	105
751	321
300	147
102	18
486	5
648	79
821	212
116	119
893	138
55	21
413	245
29	60
120	252
64	290
385	90
491	57
732	257
774	84
5	125
318	167
491	286
391	108
802	174
700	126
956	192
662	156
434	73
444	297
804	42
79	222
63	333
792	307
950	132
358	28
619	46
891	316
1	299
223	216
946	215
439	101
746	116
556	185
998	279
955	143
623	8
82	167
224	284
672	200
261	269
850	73
191	8
553	217
309	58
384	167
417	52
842	57
320	305
797	136
83	158
92	200
677	48
165	275
326	329
726	163
314	106
360	204
684	136
61	238
901	276
898	105
771	7
231	81
802	267
46	319
734	298
698	277
849	172
72	12
112	106
206	219
384	73
466	9
78	151
884	45
141	124
632	277
79	287
563	58
378	39
735	204
709	134
944	209
826	94
75	5
328	56
657	86
677	80
473	67
224	285
922	175
418	278
140	171
174	2
127	15
534	156
901	228
571	70
638	26
865	145
921	235
14	29
443	76
402	152
858	195
871	314
390	265
7	222
53	328
591	13
989	66
490	199
398	308
778	21
663	225
383	37
778	63
390	176
782	52
583	261
595	267
816	62
821	150
561	186
962	20
837	86
720	80
2	200
693	55
152	166
54	219
674	8
378	257
291	76
863	193
666	124
860	223
34	254
867	270
653	237
488	57
7	284
869	293
639	217
848	132
923	327
200	258
473	179
222	198
925	37
38	151
60	136
349	10
898	290
455	26
122	194
235	302
393	169
482	285
213	34
607	228
865	271
215	215
945	333
625	236
874	102
954	41
434	265
959	205
820	215
389	304
25	282
214	248
822	167
31	45
646	143
294	147
576	309
443	155
700	238
793	41
348	278
831	167
639	264
218	98
685	149
735	79
727	265
552	136
364	28
56	277
445	80
841	308
736	177
468	227
823	134
471	59
486	331
227	9
682	319
289	222
79	64
479	208
126	27
924	135
306	207
865	169
156	278
469	17
534	321
64	171
137	22
827	13
654	165
735	125
375	20
830	214
249	76
872	120
935	70
29	116
385	169
464	19
333	14
24	305
614	260
926	324
931	52
884	48
409	222
219	321
536	169
669	61
891	126
200	10
285	16
975	331
124	326
575	136
762	22
715	318
375	251
442	222
738	112
969	10
70	289
316	208
418	82
177	280
516	266
502	200
945	40
944	304
459	167
729	278
951	261
879	115
914	93
610	45
123	60
766	284
638	173
673	157
843	111
58	58
156	202
877	231
580	221
142	185
709	287
970	229
60	50
397	293
88	179
509	132
121	75
735	42
255	192
800	24
766	106
49	200
856	333
599	140
945	150
345	310
833	71
655	327
540	11
286	149
760	204
924	98
370	280
311	124
632	216
760	144
954	247
411	274
168	123
708	68
778	289
61	35
317	83
685	301
424	333
682	120
328	187
667	246
410	252
455	212
427	298
312	160
658	305
571	261
556	176
159	65
300	269
756	28
776	121
876	89
776	88
290	56
977	147
527	42
229	295
645	188
926	80
271	0
60	153
546	285
812	272
151	83
447	274
359	85
823	332
535	7
684	39
595	324
216	245
853	208
928	222
899	77
559	51
67	248
178	325
496	252
841	298
528	148
689	79
87	217
322	280
803	194
913	298
681	314
979	228
754	245
277	114
984	104
488	25
693	219
51	133
950	80
39	258
527	194
988	187
742	52
604	232
474	225
736	215
988	132
939	175
765	104
334	111
90	231
516	107
938	43
340	247
860	19
626	250
256	118
315	10
265	22
912	157
808	29
987	88
323	76
115	227
483	170
808	106
537	116
750	175
931	258
541	17
268	152
883	307
994	288
285	32
568	121
517	143
970	211
940	202
241	242
794	150
497	312
707	85
403	92
249	72
247	66
312	143
6	252
675	329
851	141
289	25
508	234
18	122
223	261
179	212
801	299
680	29
32	12
317	128
154	308
300	56
153	147
596	14
275	149
306	183
112	309
393	329
244	327
641	91
396	241
250	241
695	161
172	2
583	34
509	24
789	248
102	172
629	223
558	219
829	208
379	306
559	19
414	173
179	285
369	142
62	166
585	312
665	95
685	131
358	167
156	168
132	333
211	326
880	9
307	20
718	119
363	102
194	199
476	136
468	259
572	268
372	73
540	245
547	224
834	266
87	325
587	19
534	144
150	244
926	22
996	87
500	287
34	216
933	285
24	57
914	192
952	125
927	147
835	201
362	90
193	18
810	320
441	294
291	162
909	76
534	222
337	97
118	3
633	249
427	110
418	73
456	96
157	211
548	297
910	198
848	290
205	326
424	133
914	297
808	156
933	236
276	174
341	122
808	298
154	197
415	201
127	57
540	99
380	163
994	66
224	197
6	290
850	8
971	118
394	326
640	8
414	64
783	20
341	105
791	285
563	255
608	166
815	36
542	325
455	192
675	279
576	206
845	129
683	225
329	163
787	315
783	51
219	193
180	234
568	184
395	17
799	306
426	265
386	50
532	5
898	320
813	151
491	262
68	139
106	33
92	98
927	77
267	68
36	91
65	61
593	62
956	326
866	258
730	242
426	238
453	271
161	215
299	273
224	154
577	295
949	1
467	304
658	264
116	59
224	275
632	125
119	44
88	231
209	184
272	98
859	309
884	122
715	242
746	315
299	131
78	227
430	106
495	76
878	258
900	167
244	205
999	115
599	60
426	54
274	50
573	92
701	107
479	300
412	202
392	283
358	26
544	157
933	179
473	59
887	236
23	1
895	170
216	18
881	188
539	296
994	150
75	139
750	128
699	313
201	206
466	177
138	233
999	168
979	59
605	95
219	227
279	146
96	79
537	247
748	213
104	185
465	50
962	267
337	175
631	76
851	144
234	133
591	325
255	67
414	306
616	107
445	108
628	121
590	41
154	101
478	174
498	280
443	81
816	121
819	98
766	252
398	107
489	124
685	325
867	85
341	219
928	164
712	220
537	325
657	319
677	236
674	24
661	268
504	218
926	257
666	53
938	84
486	236
390	44
455	159
546	323
609	158
88	305
131	58
377	138
100	153
291	254
727	200
931	113
139	93
608	251
650	93
539	285
365	114
434	133
450	48
526	140
164	87
711	171
647	139
882	253
94	27
531	147
500	62
351	84
486	234
556	249
379	178
913	88
157	0
118	117
244	95
3	213
836	17
614	321
760	48
322	276
867	82
99	290
322	38
278	239
732	93
516	180
366	167
307	45
953	213
767	73
891	238
167	159
293	28
679	164
840	298
96	221
363	308
229	223
370	241
231	22
535	219
97	129
947	248
765	83
571	124
340	99
786	150
887	201
802	36
975	39
935	247
202	81
30	108
601	256
240	45
185	52
759	44
335	142
655	173
444	226
753	58
345	50
517	156
528	127
508	108
763	267
759	236
411	188
374	22
74	75
801	20
982	216
294	86
930	186
197	51
550	267
921	120
239	146
357	44
896	24
153	143
410	175
104	155
223	183
26	124
199	50
70	62
806	124
216	327
508	179
989	78
501	23
481	172
578	235
291	117
180	118
896	47
186	184
395	208
309	73
628	86
98	200
62	295
371	242
155	15
476	291
464	205
958	72
751	249
148	79
94	216
401	12
377	166
786	37
773	113
976	287
478	214
978	261
739	148
485	60
477	152
640	259
485	164
779	123
581	288
794	278
795	147
482	99
683	128
562	59
205	316
768	175
855	109
413	254
541	321
94	220
767	257
634	246
191	324
0	160
678	217
758	90
30	6
341	83
315	163
440	79
548	165
437	282
819	115
921	21
896	56
897	242
691	278
799	304
882	68
193	98
386	263
360	259
883	86
146	303
607	93
253	22
956	198
171	276
589	283
2	34
256	181
847	245
819	130
681	325
714	294
521	193
871	216
668	294
616	57
708	31
385	47
716	193
921	155
301	10
422	145
875	115
74	272
399	120
697	151
417	143
438	311
624	229
891	247
509	107
505	331
802	237
862	88
450	99
954	59
658	218
865	321
16	18
572	333
248	138
940	23
615	30
301	95
195	197
368	216
12	199
847	86
535	198
774	223
859	88
406	158
63	273
56	164
720	158
524	227
273	48
393	300
146	143
806	202
159	202
988	74
715	96
398	129
903	275
412	327
241	315
978	153
413	197
745	252
602	77
347	124
85	216
959	141
855	7
79	183
768	286
296	230
363	157
986	162
129	104
402	43
452	192
899	223
907	87
912	254
11	88
555	305
839	201
221	56
116	100
33	218
509	81
806	191
303	262
93	206
281	242
716	298
350	6
963	144
619	30
835	212
950	268
207	12
171	289
381	204
200	142
131	26
909	176
109	96
370	163
289	124
622	322
405	139
281	170
541	4
912	324
166	183
676	197
955	95
107	151
421	8
319	304
210	207
758	95
584	288
64	216
685	120
842	190
518	329
237	154
611	17
357	258
146	6
461	117
48	87
37	29
522	231
155	125
4	242
409	280
47	25
705	85
375	214
330	24
720	264
301	249
777	331
10	35
400	35
165	151
555	284
955	74
763	74
331	128
516	296
798	219
556	333
572	138
148	245
242	261
757	189
822	51
796	155
305	19
624	30
659	233
371	8
116	282
259	235
92	100
244	267
947	21
919	52
977	60
337	276
961	27
809	122
659	105
658	19
612	175
712	35
10	262
0	255
589	20
264	4
744	270
410	308
873	124
423	91
789	190
733	129
768	260
406	34
81	154
399	64
574	243
367	46
998	21
208	167
267	33
859	159
423	132
42	176
804	177
281	169
123	328
24	318
314	260
487	42
147	137
425	32
402	244
311	140
44	32
801	94
196	143
908	6
816	30
742	168
160	218
617	46
338	309
17	245
743	242
498	217
520	272
438	308
984	53
208	240
974	262
363	258
818	305
57	124
529	295
273	284
170	300
678	82
270	329
795	164
857	103
919	261
529	65
384	108
941	14
790	254
216	176
744	314
231	234
447	165
596	323
277	103
948	123
576	215
616	137
985	240
505	12
245	31
4	36
787	263
571	96
525	101
887	123
583	220
724	215
224	67
983	129
626	65
310	20
14	83
972	264
148	297
98	7
647	36
679	107
901	139
259	28
545	118
620	84
416	67
699	227
746	184
286	141
893	21
337	146
597	183
551	146
977	239
593	60
183	69
910	203
139	129
80	63
625	97
262	49
949	319
479	39
711	91
366	14
263	228
983	26
370	217
416	42
47	37
702	322
759	254
702	162
587	123
554	201
533	99
357	59
569	2
995	70
655	273
800	185
440	45
458	237
190	294
375	117
316	299
934	329
264	248
308	324
73	207
355	118
433	58
555	41
63	285
851	189
684	62
517	154
528	261
991	39
842	234
324	209
155	1
452	301
521	55
829	75
66	30
675	332
81	78
416	207
220	259
331	265
573	332
714	80
3	286
504	158
247	20
334	50
206	111
326	29
403	100
520	52
899	191
407	129
582	87
426	148
777	27
44	311
252	271
336	135
887	19
865	198
89	132
252	233
8	134
225	221
506	11
289	71
382	302
333	22
760	11
238	210
956	107
397	25
873	255
865	101
820	4
743	49
997	6
940	326
210	60
626	167
474	297
486	29
116	291
36	324
140	82
786	285
674	256
858	20
168	131
401	215
230	183
324	142
236	135
961	189
108	32
841	92
971	127
725	291
307	25
265	26
490	110
796	319
376	256
238	80
190	109
591	54
505	259
628	112
275	272
569	158
453	16
389	31
202	216
662	119
692	71
526	69
771	19
722	110
382	101
860	93
153	249
399	169
34	164
876	307
745	286
536	68
62	8
561	217
24	120
841	283
329	239
623	33
888	273
696	3
333	261
498	239
884	121
59	200
123	34
347	297
557	164
652	139
281	295
483	106
286	211
750	202
161	45
109	188
187	287
474	170
365	123
862	93
712	179
321	1
790	277
537	182
112	261
730	64
248	66
862	211
438	214
891	47
414	67
865	307
593	170
501	182
87	254
773	140
302	124
385	122
197	146
469	215
679	119
24	291
253	249
866	221
767	260
381	4
825	145
188	176
372	2
817	79
542	90
597	134
383	234
873	207
622	32
244	219
862	103
142	270
228	254
441	218
904	182
139	94
314	99
338	13
868	68
266	153
852	203
935	231
880	281
219	104
256	330
819	70
708	256
708	243
699	211
662	240
65	298
363	85
677	56
791	190
896	81
35	312
820	279
605	75
484	81
726	231
829	186
490	221
232	143
811	328
415	257
118	291
647	241
325	25
357	243
500	32
470	41
328	167
492	98
729	5
414	231
0	322
814	159
716	185
656	29
315	197
472	252
515	264
855	312
972	70
625	325
594	31
916	257
559	330
566	32
26	216
443	197
460	23
735	287
251	290
290	100
565	248
467	220
964	40
472	272
404	118
193	3
171	29
314	180
682	63
716	85
854	322
344	103
874	232
308	8
704	127
123	11
849	29
487	114
988	89
478	183
817	105
564	33
245	103
644	62
52	179
102	5
624	48
360	76
286	164
373	289
836	50
744	187
802	158
209	182
861	309
917	62
280	36
883	273
727	180
687	121
756	95
682	312
436	40
866	200
884	172
741	27
559	137
739	237
964	30
930	19
700	213
332	110
399	41
10	250
690	276
299	55
479	42
733	304
869	309
20	86
99	332
941	143
227	254
587	51
909	231
555	224
936	276
325	31
816	63
392	288
373	102
726	306
791	109
834	47
772	277
452	218
213	27
363	218
714	83
28	315
992	89
932	50
314	281
55	64
419	244
39	279
262	249
960	214
399	141
376	88
442	289
792	305
822	88
895	85
151	238
555	232
53	243
391	33
602	241
793	129
591	113
763	36
496	40
842	316
39	160
423	231
585	264
771	49
302	221
521	148
57	186
56	55
598	157
314	4
765	269
942	66
714	209
207	52
129	42
220	89
743	115
68	2
343	31
47	148
1	323
661	118
416	192
596	58
737	291
460	308
883	243
993	190
910	5
805	329
69	332
498	296
884	81
211	139
715	155
135	272
245	237
676	316
802	312
763	198
359	58
941	130
838	176
303	311
3	297
372	150
173	17
652	132
61	250
502	29
67	294
744	49
606	130
803	55
705	56
981	237
976	144
948	112
551	69
131	124
516	302
320	148
752	199
890	302
2	174
707	325
744	9
593	283
559	95
800	42
612	257
750	31
945	24
924	121
517	67
593	287
966	260
161	236
197	281
73	16
292	132
680	30
449	205
995	249
395	40
628	244
311	324
686	139
268	48
439	18
958	222
82	333
138	111
46	265
648	61
84	180
426	313
28	135
622	55
374	27
415	182
691	149
602	198
857	166
582	235
59	267
333	328
549	153
212	132
722	200
858	81
282	211
86	282
242	97
893	179
327	87
1	231
466	319
566	179
117	45
742	184
112	268
665	94
277	47
622	264
248	314
730	129
280	329
69	75
134	314
398	238
791	182
685	307
29	286
538	285
57	37
868	219
797	175
196	72
868	227
781	52
455	189
695	57
935	28
408	271
162	36
292	288
117	275
441	11
45	239
135	140
479	196
250	122
775	207
699	47
783	204
231	123
539	205
641	154
327	209
625	181
105	19
145	12
281	77
311	185
875	298
800	151
801	31
592	252
156	24
229	239
490	216
652	11
185	228
773	332
124	222
624	51
208	258
137	76
970	57
318	105
321	22
71	161
116	314
679	198
719	99
829	249
251	248
68	178
295	8
160	116
164	221
725	136
351	117
507	188
806	77
312	94
495	118
535	130
595	151
912	320
666	151
154	63
737	247
344	210
511	125
753	163
46	115
51	85
94	309
509	227
814	317
769	149
598	323
206	259
416	97
180	241
508	87
897	34
686	107
762	120
839	133
655	6
989	305
117	332
699	329
174	216
594	297
288	300
576	332
524	139
798	171
99	304
957	147
214	249
942	114
944	40
244	137
313	246
699	23
962	3
980	107
140	162
581	29
804	265
544	0
688	246
437	251
679	75
328	309
254	102
455	268
462	234
615	181
150	163
406	291
12	14
352	163
218	268
545	260
923	146
798	109
944	175
419	156
91	285
904	280
888	61
506	20
39	7
415	213
355	200
140	328
634	271
35	197
618	46
397	151
843	278
714	226
304	218
327	15
613	175
534	123
402	259
579	286
754	257
436	39
133	162
871	294
955	104
326	31
743	66
30	30
900	129
240	162
916	148
975	238
105	142
628	307
257	50
153	72
431	80
90	191
642	68
984	196
979	198
135	2
798	296
46	127
401	213
735	107
593	33
885	55
164	167
371	79
361	71
954	12
860	161
909	203
918	76
122	159
237	239
395	274
898	43
279	139
428	313
257	184
309	44
531	75
402	76
324	301
71	199
34	52
746	215
309	29
650	301
723	159
152	158
200	177
510	261
917	45
817	40
821	178
37	115
611	186
630	71
471	0
198	195
465	135
932	42
597	253
805	205
988	55
528	54
313	47
950	223
922	110
230	286
930	252
121	322
279	159
955	72
435	285
145	212
313	15
715	114
615	300
15	269
135	265
55	174
591	6
289	47
586	75
210	105
914	254
339	49
455	46
333	29
175	215
275	31
525	234
538	157
890	330
348	190
705	284
268	10
964	146
287	160
622	189
317	196
18	209
778	79
41	80
447	73
312	307
157	248
443	298
418	142
942	294
641	313
276	234
54	12
993	161
129	253
694	260
420	173
233	21
253	323
231	122
402	100
284	134
167	187
273	225
298	316
108	169
370	274
780	238
865	308
978	4
632	45
234	260
215	43
82	157
466	150
772	76
673	310
795	75
775	118
520	234
66	211
357	312
52	328
56	80
675	188
734	177
437	218
735	183
577	258
289	280
995	41
160	71
782	67
625	320
362	25
269	295
993	248
305	84
287	239
464	112
823	164
87	183
871	128
49	207
773	149
612	74
139	252
935	64
29	264
736	183
94	127
98	50
547	135
651	18
140	129
608	256
316	221
17	73
334	235
949	991
200	506
284	454
259	810
908	619
537	836
78	489
205	848
453	619
62	536
187	533
0	864
735	600
154	341
167	347
273	357
637	974
29	377
541	386
365	644
875	844
697	354
144	973
843	940
388	452
449	867
93	895
586	535
715	799
875	556
668	494
841	908
755	442
28	926
651	430
698	610
675	425
215	899
490	462
45	372
830	724
148	549
921	482
58	596
779	339
918	522
612	719
262	657
81	722
577	521
985	891
64	860
493	450
243	819
447	729
176	393
529	353
210	696
145	616
237	808
512	695
820	593
43	348
772	422
57	764
741	483
587	441
486	362
194	924
674	977
520	379
621	383
117	804
562	683
537	557
481	747
447	573
89	409
516	717
641	631
299	514
276	727
233	439
513	613
537	403
123	390
732	448
403	814
998	387
715	830
878	754
584	703
11	818
13	334
259	835
687	490
501	357
64	336
140	923
557	773
351	588
417	914
266	775
817	476
350	589
352	431
590	933
382	887
823	441
54	774
226	634
534	772
831	673
437	505
937	643
506	887
971	604
886	814
216	484
436	570
72	371
693	992
512	506
695	546
457	711
533	709
968	824
181	744
249	728
611	557
561	336
658	597
505	828
212	962
765	384
113	876
790	589
312	786
696	991
278	690
509	476
52	985
679	578
220	563
12	446
772	417
3	917
805	616
352	824
106	859
377	770
670	907
619	487
788	956
305	359
173	356
149	850
858	654
136	653
627	818
622	844
595	436
305	854
863	637
342	865
60	669
616	802
263	913
948	338
741	596
838	680
294	735
519	694
869	669
903	857
268	784
112	607
452	448
94	660
317	518
388	649
437	486
312	987
163	400
830	775
555	526
675	467
508	369
720	450
386	548
586	675
63	347
565	481
184	359
303	581
321	604
841	850
779	709
422	884
180	615
540	992
297	810
88	634
474	984
306	539
839	723
993	839
977	975
311	809
655	923
246	971
592	594
422	480
718	341
52	479
614	816
609	490
293	463
329	901
446	948
941	497
85	795
363	924
951	890
866	794
431	735
69	435
278	782
21	343
97	652
745	540
724	780
211	743
650	885
866	548
520	808
364	485
89	337
359	478
496	539
888	488
20	519
592	793
624	728
981	707
464	465
221	890
342	481
111	444
573	674
889	451
132	450
370	449
328	829
888	806
698	464
605	902
282	494
747	459
774	655
372	662
473	755
923	517
120	833
767	414
701	706
302	830
487	912
945	705
758	497
515	739
923	603
839	928
824	597
709	600
762	347
434	880
529	962
323	479
906	859
919	558
885	355
678	908
670	730
909	770
553	708
958	902
322	845
343	707
767	640
270	978
103	464
413	371
663	819
886	958
549	347
982	887
718	776
769	805
187	711
612	806
559	848
205	923
853	517
968	441
14	618
202	776
915	604
794	704
177	379
118	942
455	454
632	846
736	383
208	829
432	712
732	494
950	410
369	596
605	721
529	572
793	351
585	776
997	569
509	727
530	862
584	505
237	653
818	517
610	634
506	568
669	824
588	979
181	486
109	522
923	952
302	788
820	816
767	580
482	579
856	807
900	619
606	444
956	521
502	709
863	386
682	519
165	587
755	618
258	994
466	980
193	734
783	873
342	535
113	343
94	469
63	371
126	429
976	525
504	529
611	542
837	667
811	946
567	341
576	437
277	925
589	551
622	664
96	384
75	854
622	393
977	419
846	345
33	975
927	845
979	813
818	338
893	775
395	540
473	616
380	854
468	630
816	721
946	521
365	530
285	439
824	671
418	411
179	589
222	493
647	829
995	604
259	850
538	800
847	835
167	666
241	942
145	763
792	942
742	948
19	994
903	631
493	537
860	871
965	349
287	844
876	780
518	413
733	647
670	819
613	898
471	794
403	769
81	452
707	647
131	588
541	566
353	452
416	929
870	919
908	541
506	630
775	768
320	634
97	905
58	371
519	904
613	484
520	605
810	875
357	497
123	777
853	831
484	342
210	761
704	860
203	599
307	956
435	923
183	366
594	676
142	433
105	729
211	439
99	856
456	877
767	491
910	842
253	434
839	632
103	962
664	905
999	655
403	661
692	663
467	499
407	631
631	354
485	625
902	770
474	795
390	684
571	676
139	721
779	545
267	855
827	497
102	826
418	909
733	821
644	508
709	912
225	571
681	422
545	691
236	995
220	784
991	958
492	579
420	705
151	475
604	574
528	465
469	526
962	786
171	859
588	997
808	423
954	642
892	351
329	512
520	588
236	986
660	470
318	628
156	410
55	941
595	366
47	636
206	572
761	615
547	868
776	791
348	593
348	358
374	357
226	909
432	703
16	943
605	498
865	577
507	918
111	995
553	897
59	803
932	996
58	345
359	563
4	699
263	388
728	428
46	894
962	845
0	334
558	473
683	796
890	771
824	959
635	748
742	500
25	952
101	622
540	386
548	786
392	603
61	390
783	363
594	383
352	629
23	564
612	456
552	880
926	565
777	823
472	783
98	512
256	892
678	976
146	676
610	831
382	588
519	835
40	801
644	522
846	789
649	989
409	474
957	870
913	371
34	673
628	647
826	874
741	846
370	694
817	945
957	795
32	407
545	489
162	761
692	381
325	863
383	798
585	561
567	465
711	957
976	802
253	594
387	360
259	644
251	931
575	877
697	980
302	573
202	583
656	538
365	800
227	722
80	591
477	532
587	445
21	633
773	499
371	607
49	892
722	832
872	905
992	994
20	656
789	592
999	531
501	367
784	708
657	991
808	430
924	493
658	522
424	940
978	452
575	700
734	481
133	612
89	899
214	875
641	890
497	808
174	375
402	453
20	822
703	851
255	593
768	474
699	486
27	462
310	886
988	740
784	943
154	667
339	908
127	733
252	858
535	843
126	440
762	828
181	867
765	561
409	703
951	826
406	634
822	810
997	747
758	562
589	556
708	785
868	769
380	524
126	494
990	840
742	517
963	951
193	708
742	720
652	578
758	604
181	976
263	883
737	419
901	855
755	981
790	942
875	965
853	927
29	388
203	471
558	815
813	748
2	938
297	889
711	530
807	960
601	717
127	630
749	751
65	349
868	380
278	841
173	839
194	941
514	886
453	839
843	684
7	625
708	751
258	730
659	786
864	759
514	945
912	795
955	545
971	974
468	352
315	867
585	451
747	462
140	762
802	901
253	818
715	914
276	337
306	602
686	591
137	701
35	476
374	493
466	655
359	571
315	580
9	580
454	421
149	362
117	492
377	846
216	963
804	339
9	345
948	960
143	526
793	963
592	719
342	777
358	953
951	512
405	485
659	666
292	689
211	859
630	461
875	622
223	340
990	458
943	605
314	835
288	470
458	414
89	785
820	579
958	579
767	854
829	592
897	674
892	838
421	598
27	465
553	629
779	659
860	726
390	434
164	405
475	600
258	341
829	444
741	951
415	480
943	406
98	629
166	946
631	985
561	695
523	801
6	626
697	559
276	408
448	613
951	375
724	384
171	880
723	850
685	458
928	593
65	701
616	800
8	740
236	956
606	611
982	481
399	755
159	366
640	366
754	844
382	424
695	856
735	707
153	504
412	607
92	584
566	690
865	368
697	769
661	435
641	878
502	569
81	933
499	415
19	629
337	706
706	856
567	542
25	334
555	799
821	747
504	828
548	723
734	574
805	457
747	924
32	682
106	377
371	931
500	710
794	661
686	379
805	911
819	536
71	349
493	568
147	520
151	605
934	816
448	527
116	381
451	408
697	684
941	990
546	588
893	585
856	413
845	875
118	699
307	352
845	650
92	949
336	658
764	950
63	359
663	740
924	671
809	980
509	566
967	455
440	702
716	619
548	909
641	888
370	929
390	940
908	836
605	385
335	658
352	901
351	526
756	545
129	657
75	648
937	375
950	632
760	930
157	518
817	465
931	465
175	744
503	729
538	594
13	849
714	341
144	854
694	736
258	382
686	955
928	692
470	530
570	844
497	679
798	959
830	973
457	924
65	624
434	627
223	434
650	490
410	955
650	626
66	619
92	617
198	754
223	367
99	746
912	790
798	948
524	734
479	899
595	994
952	938
140	914
488	675
135	856
730	750
940	652
7	343
19	630
173	829
634	425
363	447
363	651
424	556
3	876
700	495
261	796
555	795
240	411
231	629
81	890
102	794
804	516
581	846
755	469
118	754
393	714
615	888
988	993
61	528
566	360
104	433
180	441
827	455
279	765
891	766
709	648
726	574
315	821
991	383
411	941
224	968
397	550
47	683
570	957
48	734
550	881
762	671
572	979
562	922
441	338
550	994
862	529
945	395
338	934
800	523
283	886
823	821
305	522
678	761
616	791
397	922
777	829
384	372
103	898
183	854
923	825
395	405
577	611
259	343
159	831
205	915
927	807
217	770
104	712
552	473
406	526
154	437
997	703
504	990
915	834
247	548
512	495
668	637
290	823
829	381
926	564
211	950
769	646
984	525
362	407
759	387
522	552
922	882
587	488
961	700
137	885
72	905
468	791
542	490
318	854
411	731
591	339
927	584
74	375
870	859
565	778
875	846
445	459
955	861
651	336

70

1200
1200
1200
1200
1200
1200
1200
1200
1200
1200
1200
1200
1200
1200
1200
1200
1200
1200
1200
1200
1200
1200
1200
1200
1200
1200
1200
1200
1200
1200
1200
1200
1200
1200
1200
1200
1200
1200
1200
1200
1200
1200
1200
1200
1200
1200
1200
1200
1200
1200
1200
1200
1200
1200
1200
1200
1200
1200
1200
1200
1200
1200
1200
1200
1200
1200
1200
1200
1200
1200
1200
1200
1200
1200
1200
1200
1200
1200
1200
1200
1200
1200
1200
1200
1200
1200
1200
1200
1200
1200
1200
1200
1200
1200
1200
1200
1200
1200
1200
1200
1200
1200
1200
1200
1200
1200
1200
1200
1200
1200
1200
1200
1200
1200
1200
1200
1200
1200
1200
1200
1200
1200
1200
1200
1200
1200
1200
1200
1200
1200
1200
1200
1200
1200
1200
1200
1200
1200
1200
1200
1200
1200
1200
1200
1200
1200
1200
1200
1200
1200
1200
1200
1200
1200
1200
1200
1200
1200
1200
1200
1200
1200
1200
1200
1200
1200
1200
1200
1200
1200
1200
1200
1200
1200
1200
1200
1200
1200
1200
1200
1200
1200
1200
1200
1200
1200
1200
1200
1200
1200
1200
1200
1200
1200
1200
1200
1200
1200
1200
1200
1200
1200
1200
1200
1200
1200
1200
1200
1200
1200
1200
1200
1200
1200
1200
1200
1200
1200
1200
1200
1200
1200
1200
1200
1200
1200
1200
1200
1200
1200
1200
1200
1200
1200
1200
1200
1200
1200
1200
1200
1200
1200
1200
1200
1200
1200
1200
1200
1200
1200

11
13
11
17
13
17
10
15
12
16
20
18
14
17
20
17
13
15
11
19
19
12
17
19
19
19
13
20
10
15
13
20
10
18
15
16
19
11
19
12
19
18
18
11
19
10
20
14
18
11
12
16
18
10
15
16
20
15
16
14
11
17
18
18
19
13
14
14
12
15
12
15
18
15
16
17
14
17
20
14
16
19
12
16
19
16
11
18
18
18
13
19
14
16
20
13
16
12
10
16
10
16
16
13
15
11
11
12
11
15
14
13
12
19
11
16
19
14
12
20
12
14
15
12
10
13
20
14
14
11
16
15
17
12
19
14
18
13
11
10
19
12
13
12
18
14
16
17
15
19
13
12
20
14
18
10
11
14
18
16
17
16
12
14
17
18
15
10
19
18
10
13
18
12
12
14
11
20
11
17
19
13
11
13
17
17
19
12
14
12
11
10
16
14
15
14
18
18
20
11
16
14
19
19
17
20
12
20
12
15
12
17
11
20
19
10
15
15
12
10
16
20
18
19
19
13
16
15
18
11
18
12
18
14
19
13
12
13
14
15
12
20
16
12
11
13
19
11
18
15
17
17
20
13
14
20
11
14
15
13
18
10
18
17
16
15
12
20
17
12
16
20
18
13
10
20
18
19
15
14
12
18
11
17
19
12
20
12
16
19
19
17
19
14
18
17
17
17
11
15
14
16
11
17
13
16
10
11
12
11
10
18
13
18
20
11
15
13
13
10
14
19
17
18
17
16
10
19
19
18
10
20
17
14
19
10
16
19
19
11
14
16
12
17
14
19
20
13
16
14
17
14
16
14
17
14
16
14
12
17
17
15
14
13
14
14
14
16
12
20
20
20
20
10
15
20
13
13
20
11
20
19
13
16
10
18
18
20
11
19
16
11
20
15
15
13
10
10
14
13
14
20
15
17
13
20
17
19
10
10
19
16
17
12
20
18
10
17
16
14
15
15
17
10
10
11
10
17
16
11
12
14
19
13
13
18
18
14
15
16
17
16
18
16
11
13
14
16
16
19
15
14
12
14
15
19
15
11
17
12
14
17
14
16
16
19
15
14
14
10
17
13
13
17
11
16
11
13
12
10
19
11
13
16
10
13
14
16
16
13
14
12
10
15
18
19
14
14
12
14
16
18
13
20
19
20
12
12
14
10
10
15
17
14
11
17
20
10
15
12
16
15
12
14
20
11
15
13
19
17
17
11
20
17
10
19
18
12
20
16
12
11
12
15
18
18
15
12
16
20
12
13
17
14
10
13
19
14
17
16
16
14
15
18
17
12
13
17
13
10
10
18
15
17
20
20
12
13
10
17
19
17
18
12
12
12
20
10
16
20
12
15
17
11
14
14
11
18
17
14
18
13
20
14
14
17
20
10
14
11
14
15
17
10
11
19
16
20
15
11
19
15
18
12
14
10
18
18
13
19
11
14
15
11
14
11
14
10
16
17
15
17
13
20
14
13
17
13
10
15
20
18
20
19
17
16
17
11
18
14
16
18
13
18
13
11
14
17
19
13
17
12
17
14
17
14
11
10
16
19
18
20
13
18
14
15
10
14
11
10
14
18
13
15
11
11
11
19
13
12
11
14
14
18
16
15
19
10
11
13
12
12
20
18
20
17
18
12
17
16
14
13
12
10
18
12
19
11
19
10
11
19
14
19
18
17
12
10
20
16
16
15
19
11
14
15
11
18
10
18
18
17
13
12
15
16
15
15
14
11
14
13
20
18
16
17
17
10
12
18
18
16
14
10
18
10
17
14
14
10
19
15
20
10
17
19
13
12
14
11
13
14
18
13
12
15
16
18
16
17
16
20
13
10
11
14
14
19
12
20
13
10
19
11
16
13
16
14
10
10
18
11
12
10
13
12
12
10
20
20
14
15
14
19
16
13
19
18
10
10
16
18
11
10
19
11
12
14
15
15
14
15
15
12
10
19
16
14
20
15
11
12
13
20
16
15
13
11
19
11
17
11
11
19
12
11
17
14
16
19
15
18
15
18
14
15
10
15
12
12
18
10
17
18
14
13
19
17
14
19
15
15
13
13
17
14
14
12
13
10
10
20
14
16
12
12
12
15
15
14
13
17
16
14
11
13
13
15
19
19
16
15
12
14
13
17
20
15
19
17
16
17
19
13
16
15
14
13
14
20
14
14
15
20
10
15
12
15
10
19
15
11
14
11
17
16
14
14
10
15
16
17
15
19
20
10
13
20
20
12
17
13
20
13
12
15
15
18
18
15
13
19
13
20
10
20
20
17
12
19
15
13
13
12
17
13
20
14
10
20
10
19
13
17
11
12
15
14
15
11
19
14
12
14
20
14
12
20
13
14
12
15
16
13
14
17
16
17
20
10
18
17
16
15
19
13
20
16
16
10
19
15
11
12
19
18
15
20
19
16
16
11
14
14
15
19
13
17
17
14
12
12
10
14
11
15
18
11
10
18
17
18
13
15
10
18
12
20
11
13
16
15
17
13
13
15
18
20
17
11
13
17
11
17
18
11
12
11
10
19
17
14
16
10
18
20
20
16
19
19
13
18
10
20
16
13
10
14
14
20
16
16
18
20
20
12
10
15
16
13
11
18
10
10
19
20
14
10
15
20
15
12
18
16
12
20
20
14
15
13
16
15
12
10
11
13
20
14
15
15
12
17
18
11
18
10
11
16
14
17
13
17
16
17
10
14
11
20
19
19
17
17
19
16
11
15
14
18
20
16
15
20
18
18
11
17
15
11
19
16
17
16
18
18
20
13
18
18
10
11
15
14
11
17
19
19
13
20
13
12
12
10
15
16
15
20
17
19
14
15
16
17
20
14
19
10
19
15
14
14
20
20
19
12
14
17
16
19
14
16
18
19
12
11
11
11
17
13
20
20
14
19
20
11
15
18
16
13
17
12
16
11
19
11
17
19
12
10
11
19
17
17
12
13
10
17
15
20
10
17
12
19
12
14
15
16
13
15
18
18
17
10
12
15
10
17
10
19
18
19
20
18
19
18
15
12
18
11
11
18
20
12
11
11
15
16
15
19
14
14
19
12
11
15
20
13
19
19
17
17
20
17
20
19
11
17
14
19
16
20
11
10
15
10
20
20
19
15
11
10
14
13
13
20
19
18
13
10
18
10
20
13
15
13
20
17
20
14
14
13
16
16
17
13
10
18
14
20
15
19
17
12
12
18
13
12
20
11
17
18
11
10
14
13
20
19
14
12
19
11
20
18
20
10
18
18
18
10
15
14
20
11
13
14
12
13
19
13
14
16
11
10
20
12
19
12
12
15
17
12
12
17
18
14
17
18
19
17
18
10
18
17
12
18
11
13
20
18
13
18
19
17
10
11
13
19
16
13
18
19
19
14
12
10
11
17
20
16
10
20
12
13
12
12
17
18
18
13
20
11
15
17
18
11
13
17
13
10
19
20
12
16
13
16
12
10
14
14
16
12
11
10
16
13
10
13
20
19
13
12
12
13
17
19
19
12
20
18
10
14
16
17
15
14
16
18
15
10
10
12
15
10
17
20
20
10
20
11
15
20
19
13
19
14
10
20
20
20
13
15
10
19
11
19
19
19
14
10
14
13
14
12
11
16
18
11
17
17
20
17
18
19
13
20
17
13
17
13
17
19
18
15
12
16
10
10
13
11
14
14
11
19
18
15
14
15
13
18
10
16
10
12
11
17
16
18
19
12
18
13
11
14
18
18
15
12
17
12
17
10
11
14
12
13
13
16
12
17
18
15
10
17
16
18
13
15
13
16
19
12
10
15
17
13
18
17
20
11
10
12
14
14
18
19
19
14
17
12
15
11
15
12
16
11
11
14
14
12
17
17
13
20
20
12
20
12
11
20
11
16
16
19
15
11
13
19
10
10
11
18
15
12
11
12
19
11
19
10
19
16
14
11
13
17
11
17
13
11
17
20
13
12
11
17
19
14
20
11
16
17
18
12
11
13
14
15
17
15
12
18
14
15
12
12
12
13
19
17
12
13
14
15
11
15
11
17
12
13
13
11
10
14
14
13
14
10
18
10
13
16
19
10
16
12
10
10
15
11
15
16
13
16
17
17
17
10
10
20
15
10
16
13
13
18
16
18
14
20
15
18
14
17
20
17
14
18
12
16
14
13
15
18
10
18
14
19
19
12
11
16
13
18
20
16
20
10
20
13
11
11
12
17
13
13
20
19
13
17
11
20
14
10
14
20
19
18
11
20
18
14
15
16
14
10
18
18
11
11
16
11
12
16
12
17
10
11
11
20
10
18
11
19
11
12
12
19
19
16
18
17
17
13
13
12
16
13
11
19
13
10
10
15
16
20
16
16
17
19
10
19
16
14
11
20
20
20
18
14
12
15
18
13
11
15
18
17
17
19
16
18
19
13
15
15
16
10
15
15
11
16
12
15
20
19
20
11
12
19
17
13
14
13
17
10
20
18
15
10
11
16
20
20
17
18
10
14
12
12
14
16
15
13
16
11
10
15
19
14
14
19
16
10
15
13
16
15
12
13
20
10
20
19
13
14
18
12
18
17
15
12
14
12
12
20
18
16
11
17
16
13
19
12
20
13
14
11
15
15
19
16
16
10
13
17
14
11
12
15
13
12
13
16
15
20
18
19
13
10
10
11
14
10
20
11
14
16
17
13
18
15
14
20
19
15
11
19
20
16
13
11
20
11
20
15
16
17
19
20
15
16
11
13
10
20
11
10
14
11
17
14
13
12
13
19
20
17
14
11
13
14
15
16
11
11
18
20
15
13
11
19
15
14
19
11
19
14
16
12
20
16
20
10
13
13
13
10
17
11
20
18
11
11
16
13
14
12
18
11
13
10
13
15
17
12
10
11
20
11
13
13
15
19
18
20
16
11
14
17
12
16
12
19
13
11
11
14
17
20
12
18
13
16
14
12
19
14
16
14
15
15
14
20
12
13
12
20
18
14
18
13
19
16
20
15
13
19
13
18
11
10
12
15
17
18
14
14
19
16
11
14
12
16
11
15
12
19
16
11
16
19
15
16
19
18
12
16
10
11
15
10
20
11
18
16
17
17
10
10
11
17
20
15
16
16
16
18
15
14
17
15
17
12
17
13
19
11
17
20
11
14
19
13
14
15
16
10
20
10
15
19
14
17
12
14
16
14
14
14
14
11
10
17
13
14
19
15
15
13
20
18
11
11
12
11
15
11
19
19
15
18
10
14
15
15
14
13
20
12
16
18
11
10
12
18
15
13
16
12
16
13
18
13
19
16
11
11
18
12
12
14
13
10
10
20
10
17
19
11
16
19
15
14
12
15
11
16
18
17
19
14
18
13
14
13
10
12
11
20
20
17
18
14
15
15
20
15
16
16
17
17
14
18
18
16
11
17
14
20
17
12
10
19
20
16
20
14
16
10
15
11
19
18
15
12
16
16
11
15
18
20
16
14
10
13
18
17
12
14
12
20
17
15
18
11
15
12
18
18
17
19
18
17
10
13
15
17
20
13
12
12
14
18
15
19
19
16
15
18
10
17
10
12
16
13
19
20
14
12
16
17
14
11
16
14
15
18
13
13
16
13
18
18
16
14
13
14
15
18
10
17
18
10
14
10
11
12
10
16
15
18
18
14
11
17
10
12
10
19
10
10
11
12
17
12
20
18
15
11
13
19
10
12
14
16
16
11
19
20
14
14
17
20
15
12
15
17
19
19
17
11
13
18
16
14
13
11
20
18
19
14
12
18
10
15
14
10
10
17
10
12
14
20
19
20
11
17
19
20
18
16
19
15
19
14
12
13
11
14
19
14
19
14
17
11
17
17
18
18
11
12
16
16
12
11
15
11
12
15
18
14
20
13
18
10
15
14
10
14
10
20
12
15
19
10
20
18
17
12
19
11
17
19
18
11
12
20
20
18
20
14
17
20
16
15
20
12
16
10
12
18
16
15
17
13
13
16
20
14
14
10
10
19
15
18
15
13
19
13
13
16
10
15
10
16
14
11
11
19
12
17
15
10
11
12
15
18
17
11
10
14
10
15
20
20
16
12
18
10
10
17
20
19
11
17
15
18
10
18
11
20
18
16
18
20
15
17
14
14
18
11
10
14
10
18
17
14
17
15
13
14
17
18
19
18
16
19
19
15
18
11
13
20
10
16
16
16
17
11
11
18
10
16
12
14
20
16
15
12
10
13
15
18
12
11
17
17
16
10
10
10
12
16
13
11
16
13
16
13
19
13
18
14
12
19
12
14
19
18
13
15
16
16
12
14
16
19
15
11
18
11
17
19
12
15
15
10
19
20
16
13
19
20
19
13
12
18
15
20
16
11
10
17
16
18
16
19
11
18
20
17
19
11
20
10
19
19
16
12
15
10
11
17
13
16
11
12
13
11
11
13
15
16
13
20
11
17
10
12
11
12
20
17
18
13
12
18
12
14
10
11
16
20
10
20
10
18
13
16
19
10
13
19
16
17
12
10
18
19
17
13
17
12
19
18
18
15
18
11
12
11
18
14
17
15
17
17
18
18
10
14
12
19
13
15
14
16
15
16
20
19
14
14
17
13
14
10
14
15
13
12
14
15
18
17
17
16
14
19
10
14
12
15
20
11
18
13
13
16
16
13
12
15
10
10
17
15
12
19
20
16
19
12
20
19
17
19
10
16
10
12
12
12
18
11
18
10
12
11
15
18
11
19
19
18
17
19
19
16
13
11
12
11
16
13
10
17
13
15
14
12
17
17
20
13
11
16
13
13
13
13
11
20
10
16
15
20
10
17
13
19
15
12
13
14
14
11
16
15
12
15
11
11
15
20
12
11
12
19
13
18
15
13
17
11
15
16
11
12
20
10
12
18
10
10
18
14
20
14
10
14
10
11
20
12
11
18
19
15
14
13
10
20
16
12
13
17
13
16
11
17
20
20
13
10
15
15
14
20
20
15
17
20
15
10
15
10
12
18
15
17
12
14
15
13
12
12
14
10
16
18
11
14
15
20
18
17
13
12
14
18
15
18
13
12
20
16
20
14
17
16
17
19
19
12
15
13
15
11
15
17
12
17
11
10
11
19
11
19
18
14
10
14
10
15
16
14
16
19
10
15
12
16
13
17
12
13
12
13
10
16
17
20
19
10
17
19
14
12
17
15
11
18
16
16
17
10
20
17
10
17
10
13
19
19
16
20
12
10
15
11
15
13
12
17
10
10
19
17
10
13
20
14
18
10
16
15
20
11
15
13
17
19
18
20
15
17
11
12
19
14
19
18
13
17
19
10
14
13
15
16
11
11
12
13
18
19
19
12
20
13
20
18
20
12
17
18
12
16
12
12
17
18
19
13
11
15
19
19
15
11
18
10
20
14
15
17
18
20
16
11
14
16
17
19
13
13
18
12
18
12
11
11
17
18
12
20
19
20
17
17
11
14
10
15
11
10
12
15
19
13
16
17
17
16
14
18
16
14
14
17
20
10
16
20
13
13
13
10
20
12
16
19
12
12
10
14
19
15
19
17
16
16
16
19
13
18
15
19
10
10
16
16
16
20
20
11
11
20
15
19
20
15
13
12
11
16
16
18
17
15
20
14
12
10
17
18
10
13
10
20
13
18
16
18
20
19
18
10
16
11
19
20
14
18
15
19
19
13
12
17
13
11
14
20
18
13
17
12
18
14
15
10
16
18
10
16
12
10
14
10
20
16
18
11
15
12
18
17
16
17
14
12
17
18
13
20
20
19
10
18
20
19
20
20
19
18
12
20
13
13
11
13
15
12
18
15
13
18
17
12
17
16
18
17
20
17
13
14
10
13
11
18
14
10
19
15
12
15
20
20
19
18
10
20
15
14
16
18
18
11
18
14
19
12
12
17
14
15
13
13
15
12
10
11
15
16
12
11
16
20
16
17
16
15
12
20
20
12
12
14
16
15
12
19
19
19
20
20
20
10
12
13
10
18
10
14
14
20
11
15
20
12
12
19
18
19
10
10
17
18
12
14
16
16
16
10
20
13
20
17
12
20
16
18
13
16
11
11
12
18
19
13
18
11
12
19
19
13
18
10
15
18
20
20
11
16
20
19
16
12
13
15
18
15
20
18
13
11
12
17
19
14
14
18
17
12
10
13
19
15
19
11
10
17
18
20
13
10
14
10
12
20
10
12
11
17
14
12
11
11
18
12
17
19
14
15
20
18
15
18
18
12
19
13
11
18
17
16
18
13
16
18
16
19
20
18
17
17
16
13
20
12
15
15
13
17
12
17
19
20
17
10
14
19
20
12
19
14
20
11
20
12
12
13
20
11
16
13
12
10
14
10
13
13
16
18
13
11
18
17
15
20
11
20
10
18
19
15
14
16
11
12
12
19
13
18
17
13
20
11
14
10
18
18
16
20
13
18
11
11
14
15
15
19
13
20
14
10
19
19
13
20
17
15
16
14
16
20
20
11
10
14
17
19
16
10
10
11
20
20
10
11
17
19
14
19
15
11
12
11
14
17
13
12
17
17
11
18
14
11
18
13
10
13
18
19
15
17
14
17
11
15
10
10
10
17
10
14
20
13
19
10
15
12
12
13
20
16
12
16
14
10
16
10
14
11
17
20
20
17
20
14
16
15
19
16
19
14
17
18
11
19
16
17
14
20
11
15
13
14
16
12
20
15
15
13
19
15
19
13
12
20
15
20
16
13
12
12
16
20
13
16
20
12
11
16
12
11
11
18
10
15
13
17
17
18
16
19
18
19
16
16
20
20
14
20
17
16
17
16
18
15
12
20
20
14
17
18
20
17
10
11
19
13
15
20
10
12
11
12
12
15
18
15
19
15
12
14
19
18
17
19
11
19
14
18
12
20
15
13
11
16
17
19
14
17
16
16
20
12
18
11
20
14
15
10
13
12
17
16
17
14
18
20
19
12
13
18
15
18
15
12
13
13
17
18
10
14
16
11
14
20
14
19
18
16
19
16
18
10
14
20
20
20
17
20
12
20
13
19
10
20
20
11
15
14
14
10
13
12
18
14
18
12
20
15
11
16
16
15
20
15
10
20
14
15
14
10
17
20
11
18
20
17
13
18
15
20
20
13
13
19
12
10
17
17
10
18
16
10
17
17
12
13
15
15
10
12
20
16
20
19
19
14
13
12
20
16
16
19
10
19
12
20
14
12
18
19
13
15
16
13
20
16
17
19
19
20
17
14
15
18
19
12
10
13
14
16
13
20
20
18
11
14
11
15
15
17
15
15
13
11
15
12
15
20
16
18
11
18
19
19
19
20
19
20
20
16
19
19
18
19
12
17
13
20
18
18
15
10
12
14
10
10
19
14
18
17
12
12
14
20
15
14
11
19
14
20
15
12
18
18
12
13
10
16
14
13
20
12
18
18
13
18
19
20
20
17
20
14
12
12
17
15
17
13
16
10
15
10
14
19
20
18
17
15
11
17
18
15
16
13
18
10
19
10
16
18
12
15
14
17
13
13
17
11
16
12
17
13
19
10
17
13
14
16
12
14
16
13
20
15
19
11
15
18
17
20
13
12
12
13
14
14
19
10
20
16
10
20
19
19
13
16
19
18
17
20
20
11
16
18
17
19
15
20
11
18
13
16
10
15
16
13
16
19
10
18
11
17
12
14
15
14
19
15
12
16
16
13
19
10
20
13
11
14
19
10
15
12
19
12
18
12
13
15
20
16
10
17
14
13
12
18
19
15
16
10
16
11
13
16
11
19
11
10
12
18
18
18
14
14
14
19
11
20
17
19
13
18
10
19
20
13
15
19
17
16
12
11
10
17
20
12
18
19
20
12
19
14
17
13
14
15
17
15
18
18
11
11
17
20
11
13
20
14
19
18
17
19
17
17
19
14
12
14
17
18
13
12
10
11
16
11
17
10
13
14
15
18
16
20
20
12
10
10
16
12
11
11
12
16
11
19
18
11
13
11
12
10
11
15
11
11
13
13
13
10
11
13
11
19
15
15
18
10
14
16
14
17
15
14
13
15
19
19
11
11
17
19
10
11
14
12
11
14
18
16
13
20
11
17
16
10
18
14
17
12
20
13
16
11
20
11
19
18
18
17
20
11
19
18
17
18
10
17
18
14
13
18
15
13
14
20
15
13
13
16
11
19
18
20
16
10
13
16
15
17
15
15
18
20
17
17
11
17
17
14
13
13
14
12
18
20
15
10
20
15
13
14
20
15
14
11
15
12
14
10
12
10
10
12
12
12
13
10
13
10
17
12
15
15
14
11
15
15
14
14
15
19
19
13
12
12
20
12
16
11
15
10
17
11
15
14
14
16
12
16
10
14
17
12
20
18
14
15
18
15
16
16
14
11
12
18
14
20
15
15
10
10
10
14
15
17
10
17
19
17
10
14
12
18
17
14
17
14
17
11
17
20
20
15
10
18
13
20
12
10
18
20
11
18
18
14
15
11
19
15
15
12
16
19
17
10
20
14
13
19
11
11
10
14
10
10
16
15
18
15
20
18
13
18
17
14
20
16
11
15
11
20
19
16
18
11
14
20
11
16
10
16
19
12
17
14
13
17
13
11
19
19
20
20
16
18
18
11
13
19
19
11
15
20
13
15
11
20
17
11
12
19
19
13
18
11
20
20
19
20
19
18
10
18
20
17
12
20
19
13
12
14
17
14
12
12
11
14
18
15
14
12
14
19
20
17
16
20
11
12
17
13
15
16
10
16
17
18
11
13
17
16
20
11
17
10
20
11
19
15
13
18
17
14
17
16
19
13
13
16
20
10
15
13
17
14
19
14
18
15
19
18
10
11
17
18
19
18
12
10
18
20
11
12
14
10
16
20
18
11
19
14
16
18
15
18
17
11
13
17
11
19
16
16
17
18
20
17
14
13
12
14
10
12
12
14
11
18
13
14
14
11
14
15
12
10
13
14
15
19
12
11
18
10
10
11
12
16
15
10
18
19
16
13
16
19
18
14
19
18
15
20
17
13
19
20
19
10
17
17
10
14
11
14
19
13
17
15
18
12
13
17
13
14
19
13
10
11
18
14
15
16
14
10
11
16
13
10
12
16
11
14
16
13
10
16
11
13
16
19
20
13
15
18
16
18
14
17
20
17
16
14
17
16
18
11
18
11
17
16
16
16
18
10
20
19
15
11
18
12
13
12
18
14
17
17
11
15
10
20
10
14
17
19
17
18
16
10
15
10
18
12
19
12
16
18
13
14
18
12
10
11
13
20
13
13
18
10
15
18
13
19
14
17
17
15
15
16
11
18
10
18
18
14
18
12
19
14
19
13
11
16
10
10
13
20
11
16
13
15
16
14
11
12
10
10
14
13
10
18
11
12
20
19
18
17
14
14
13
20
17
14
19
13
12
16
19
11
11
10
10
20

400
387
252
262
376
301
391
216
391
227
249
353
295
266
240
244
394
244
288
277
263
355
211
271
326
305
301
286
395
327
306
262
333
356
334
399
362
358
256
333
322
350
381
352
325
315
286
207
263
308
273
241
392
253
399
241
225
272
350
288
391
305
389
365
309
385
258
206
329
242
207
288
321
324
221
378
369
308
232
257
322
377
321
219
307
331
289
216
310
209
214
297
311
377
335
241
396
396
255
328
378
364
312
400
346
294
249
368
342
297
267
247
217
347
201
307
395
254
241
300
206
221
388
375
280
365
329
362
255
393
286
381
294
250
316
269
253
260
379
357
314
386
350
378
358
310
273
207
371
301
323
331
381
379
207
240
215
370
260
262
218
366
380
201
224
388
266
347
277
237
287
201
351
390
383
322
292
360
334
278
348
270
282
377
233
303
383
266
396
301
290
284
264
396
337
207
207
367
328
245
300
340
299
214
253
322
352
338
232
251
336
243
319
392
215
305
264
326
300
279
259
357
315
243
374
287
239
351
208
341
228
213
277
381
313
259
347
388
382
354
333
265
330
368
336
368
356
209
294
222

0

1
