5000
250

838	620
917	968
901	962
198	364
423	256
114	609
170	348
428	778
30	269
772	863
692	126
596	310
503	741
938	252
348	75
372	990
90	110
780	370
265	937
253	778
245	663
704	220
674	943
374	396
901	893
608	888
57	933
215	796
768	412
11	587
332	330
96	783
454	767
476	657
929	890
794	252
572	97
439	465
367	13
97	287
884	34
562	396
812	1
945	581
13	504
47	60
785	889
440	768
969	303
353	335
13	969
801	618
411	723
610	977
947	11
708	347
338	180
24	702
108	471
597	140
835	877
964	58
510	908
153	918
60	431
817	65
703	426
654	859
210	883
427	603
737	886
149	813
624	98
421	512
101	823
247	599
950	591
568	240
893	429
587	577
669	128
508	280
641	378
384	140
550	446
876	530
979	620
798	922
825	567
926	145
915	232
138	688
950	110
16	279
175	551
661	253
691	60
398	527
871	646
842	657
232	773
715	707
275	320
518	767
239	383
111	235
319	491
850	86
239	324
685	145
854	210
616	597
729	2
156	900
389	537
857	564
463	853
147	978
810	90
977	195
391	814
698	600
642	61
531	107
90	102
807	176
412	70
576	545
355	698
129	165
379	191
557	360
326	260
733	268
77	810
175	90
302	323
835	292
603	972
118	127
588	580
151	718
131	170
319	482
478	406
447	407
475	324
340	868
486	712
610	919
297	969
990	278
40	31
615	371
423	775
672	395
168	100
998	646
577	584
888	966
91	222
683	241
574	193
182	742
821	584
563	443
938	716
874	629
920	837
788	991
685	635
726	513
320	807
450	228
603	741
929	0
33	536
853	789
55	472
949	4
394	355
432	483
84	526
971	193
200	426
7	273
604	259
214	357
858	879
739	666
801	560
341	465
621	584
557	34
719	126
175	895
452	143
139	611
812	115
575	63
255	130
517	173
327	485
952	745
349	12
49	813
462	102
549	713
849	416
911	572
861	170
179	886
528	483
357	90
258	280
861	268
7	681
258	90
747	85
231	578
338	552
544	800
692	129
501	817
286	334
642	735
8	586
32	240
187	428
58	667
922	29
531	319
170	483
324	444
491	812
577	726
168	391
679	62
768	715
1	914
967	154
263	337
103	593
675	143
19	283
530	798
151	438
395	781
128	874
588	770

28	485
692	899
291	862
724	477
585	6
878	314
908	718
620	766
293	18
711	607
503	726
506	163
150	492
581	96
700	197
789	446
839	201
650	673
12	349
103	770
189	381
240	836
772	86
903	23
271	71
632	618
398	491
636	752
972	576
996	288
259	677
467	598
297	596
988	52
775	543
481	773
873	721
366	439
657	993
202	880
352	188
626	510
547	768
347	604
203	630
865	226
357	117
683	562
163	165
392	35
509	772
661	913
254	755
47	890
630	170
281	324
647	494
489	884
476	754
542	193
463	211
222	518
725	322
527	832
604	702
888	733
406	669
646	19
51	374
335	295
60	78
282	135
784	705
969	684
279	39
693	991
362	68
480	303
497	229
667	862
652	875
916	626
468	840
229	602
490	395
954	368
846	229
548	776
233	282
399	878
440	156
709	666
444	361
451	293
765	190
495	381
979	126
136	65
892	470
674	921
953	336
688	440
104	710
648	559
342	550
26	650
191	576
655	449
765	480
185	369
275	290
560	579
598	258
622	435
136	170
42	908
251	531
194	423
564	170
857	601
432	549
215	143
954	872
65	457
813	351
440	690
815	14
347	312
530	682
466	836
205	504
759	850
97	80
494	820
210	905
228	280
161	716
865	745
79	649
582	452
624	149
53	916
327	738
374	546
677	914
502	21
319	674
174	658
222	523
108	403
590	974
265	142
713	78
491	546
976	947
173	602
494	716
823	312
271	107
68	580
276	872
820	800
880	429
642	736
713	87
247	230
275	590
71	41
212	778
202	159
628	569
504	239
220	292
818	595
706	917
636	65
82	474
728	708
704	484
413	980
93	126
292	872
140	404
993	95
614	816
470	605
191	832
697	204
973	427
308	443
310	51
243	55
363	508
903	14
393	283
862	930
414	622
468	845
72	721
81	919
15	634
268	124
348	499
340	211
645	166
166	548
467	164
120	858
598	585
821	713
24	121
200	320
904	801
519	500
49	340
58	133
971	918
317	668
894	907
23	215
625	469
11	803
111	251
951	455
158	708
599	186
286	720
222	770
366	611
965	727
495	700
587	484
184	149
588	215
931	767
542	462
966	610
670	295
878	754
688	317
874	945
623	909
855	150
590	865
738	927
358	402
851	428
196	686
429	257
621	119
389	508
75	741
196	633
233	492
208	83
382	624
751	321
272	288
498	39
669	275
553	742
544	573
530	695
680	390
325	934
681	905
889	897
985	258
129	653
987	538
4	256
768	792
151	982
289	351
476	917
497	422
305	728
834	781
488	224
889	525
920	964
484	541
319	953
957	200
121	856
337	520
205	986
374	421
57	66
180	569
461	472
182	386
362	851
587	793
498	592
213	738
761	360
62	152
257	895
493	805
936	263
427	517
923	523
180	839
886	653
191	176
870	965
875	911
738	816
881	573
547	677
61	316
177	233
245	899
765	457
495	196
533	755
797	67
182	310
437	190
543	453
817	680
665	398
370	295
958	178
504	266
171	454
32	494
478	28
856	645
282	274
658	809
531	148
476	835
308	635
949	942
682	538
541	483
587	585
830	371
976	81
911	331
787	514
712	423
75	187
480	16
875	301
384	384
563	229
661	602
749	401
142	41
295	681
231	770
795	836
505	335
914	395
614	291
439	294
743	190
398	576
62	748
223	149
966	856
119	100
662	91
461	558
803	751
656	686
115	878
29	245
699	674
541	641
827	473
387	692
407	940
820	821
732	275
553	733
832	893
190	736
527	755
709	552
559	581
52	962
302	189
273	953
208	494
720	728
759	396
129	838
357	73
62	43
111	198
410	266
81	262
445	850
106	194
258	238
224	987
833	735
518	762
682	481
568	103
836	704
776	495
289	648
206	289
331	293
915	726
671	662
918	781
160	0
890	412
877	276
53	335
592	756
635	22
841	69
166	814
735	626
631	999
524	925
548	762
951	1
35	98
884	159
946	762
535	885
110	714
936	800
456	114
993	392
524	566
112	546
133	10
273	586
762	382
674	326
513	661
155	298
793	493
17	718
825	737
41	756
444	437
750	987
707	720
350	675
840	791
354	216
935	625
914	652
780	318
909	644
403	487
5	965
58	229
940	811
724	563
383	56
650	365
821	471
126	16
283	727
307	746
994	128
796	288
883	858
769	194
749	448
916	265
840	278
122	93
979	967
195	239
108	773
351	683
735	416
471	982
776	862
310	736
218	592
124	826
713	741
526	54
839	383
551	783
899	720
853	28
292	744
679	185
875	914
831	176
873	471
758	848
424	968
974	785
292	449
826	963
881	364
9	428
858	171
730	109
20	552
927	179
314	143
928	290
369	420
924	125
532	267
176	462
617	103
582	722
264	68
924	957
669	115
259	639
957	381
613	874
490	992
232	283
30	989
963	809
752	500
480	869
541	181
251	216
64	873
941	773
366	600
991	953
788	458
177	812
339	24
131	916
514	480
403	192
463	920
603	590
46	664
674	997
982	842
331	5
286	885
852	150
748	826
935	634
569	222
304	611
982	147
298	846
812	337
874	339
543	523
804	712
44	262
976	800
935	365
873	988
853	67
381	883
871	766
676	194
852	640
191	44
564	163
88	597
237	111
565	801
464	278
12	930
738	460
241	237
444	973
312	257
931	338
729	659
164	916
818	546
681	544
44	308
378	529
962	505
306	952
110	967
196	157
416	309
181	64
392	729
663	501
7	838
513	129
293	94
221	431
259	756
795	190
969	679
968	818
746	704
325	197
703	972
245	464
472	345
451	574
758	570
623	205
893	927
428	88
578	356
81	112
119	587
711	760
928	1
25	891
247	644
663	664
435	963
266	158
89	645
986	108
407	473
879	194
746	215
719	54
174	194
588	44
215	241
88	982
360	999
1	993
3	702
512	838
294	127
973	749
435	51
764	849
477	514
27	116
172	75
963	575
762	633
374	245
362	878
182	523
784	898
163	66
382	607
420	155
40	449
156	185
763	785
380	906
158	820
636	226
499	771
325	774
465	560
841	847
789	391
141	592
365	792
657	823
529	935
897	591
805	248
515	519
939	595
38	998
31	903
39	67
750	196
336	698
836	539
354	429
960	765
338	896
318	505
829	203
319	771
311	466
187	83
947	406
742	52
45	769
148	247
310	672
306	668
310	67
720	791
319	892
738	427
725	188
429	70
386	279
864	632
273	427
969	582
123	648
923	242
192	391
381	421
484	271
384	437
481	690
39	530
354	293
742	86
545	116
707	105
110	391
181	683
517	370
67	809
186	615
386	601
613	217
276	302
672	450
936	685
34	230
197	116
262	454
520	820
428	551
1	759
25	618
746	692
551	698
219	823
524	191
901	133
146	719
529	154
469	373
914	840
980	214
822	316
94	975
820	125
402	20
566	234
21	443
674	991
352	960
50	22
687	613
983	746
750	817
882	6
714	186
58	809
454	665
203	199
941	578
282	181
717	601
107	267
832	141
111	770
486	44
793	538
476	379
572	605
546	649
817	855
458	453
608	602
174	673
372	978
366	260
528	387
863	684
558	798
424	96
88	925
41	973
281	304
562	111
168	729
804	399
462	287
726	265
435	260
556	977
626	255
637	713
951	169
334	975
749	469
272	541
510	900
169	715
428	910
168	899
353	358
62	523
928	640
387	446
607	272
344	393
435	831
59	106
676	280
577	568
651	459
979	192
48	474
446	152
586	219
135	293
894	112
414	777
173	675
774	401
360	597
808	267
626	953
889	666
605	206
19	726
952	292
309	243
857	291
889	69
44	807
36	684
827	373
861	765
403	125
247	910
879	155
14	168
393	693
212	468
993	933
199	68
330	457
846	991
741	71
92	549
469	507
667	12
387	611
931	862
198	218
567	734
588	924
147	427
573	777
766	548
343	51
949	579
590	778
68	494
29	474
875	349
812	527
593	581
326	266
937	795
250	796
419	880
641	273
43	643
183	142
451	431
902	238
202	851
507	837
517	576
784	655
957	351
756	820
485	394
793	491
845	130
638	308
434	287
54	193
773	315
139	743
674	139
813	577
454	393
625	26
75	119
563	830
834	297
997	930
879	862
589	38
830	146
103	114
142	773
718	188
208	447
257	125
287	981
125	517
477	152
750	785
198	460
411	985
363	261
209	14
690	726
598	204
921	304
11	486
45	724
487	528
942	302
808	570
267	432
990	306
328	134
521	730
82	111
777	752
867	551
556	71
930	213
328	820
572	377
640	5
267	431
234	570
916	909
148	844
627	571
839	277
177	102
846	735
568	62
253	986
594	413
188	125
315	129
328	331
60	3
862	10
345	275
512	803
10	186
98	301
552	59
79	305
844	230
981	398
28	315
368	96
539	571
961	39
31	965
172	237
483	219
273	107
230	442
337	486
34	349
477	342
206	647
537	445
637	461
138	799
957	668
260	239
966	319
427	27
392	96
19	4
612	837
13	246
244	355
917	328
488	957
433	131
260	116
442	288
735	429
550	373
847	404
904	212
691	425
829	659
829	915
236	654
452	196
302	147
155	732
671	254
635	862
694	678
626	18
743	596
809	604
69	3
516	118
343	669
54	924
78	943
902	550
667	53
193	302
476	74
657	457
638	501
793	996
210	72
976	660
274	770
51	534
196	96
12	587
103	258
954	202
403	597
392	757
998	600
660	53
792	367
609	297
724	773
807	812
432	286
559	515
513	996
357	558
767	727
246	919
61	862
679	388
901	729
109	854
354	79
460	559
121	10
477	806
931	660
738	319
624	554
834	355
17	592
952	280
222	432
686	245
530	211
967	191
43	862
235	172
882	344
575	549
358	840
189	135
382	954
385	701
128	61
381	320
883	807
826	920
944	517
829	374
953	988
609	801
7	734
54	123
315	320
60	823
960	328
785	671
698	728
976	21
872	326
484	853
976	101
585	923
532	928
828	950
223	411
183	638
512	732
49	229
68	561
110	3
601	600
110	466
845	309
6	343
242	29
307	947
295	28
635	105
99	712
44	43
484	813
527	42
934	752
483	240
530	631
230	79
413	683
41	732
657	152
412	869
840	85
69	269
369	479
509	202
931	689
624	134
653	116
976	587
819	746
568	442
388	743
583	527
749	32
205	207
356	590
181	434
529	554
744	217
51	506
347	686
444	912
177	463
690	435
723	521
15	222
700	55
735	311
663	454
7	78
261	88
581	88
6	821
362	825
829	696
258	837
498	753
818	593
851	30
249	198
154	721
176	237
392	832
406	45
200	661
887	490
111	921
332	127
811	42
367	825
73	558
32	23
384	144
172	563
893	635
912	316
384	394
423	920
952	482
949	199
280	141
916	232
365	695
739	18
538	544
748	364
254	210
892	503
854	500
782	990
481	679
623	480
694	547
23	84
2	971
523	997
948	441
636	134
434	983
178	556
703	766
1	580
249	389
630	773
216	400
864	77
952	766
730	650
375	327
226	192
174	995
609	456
885	696
946	222
635	759
707	486
496	86
925	953
678	752
877	755
273	629
934	219
274	718
648	657
594	895
730	174
627	146
569	930
192	589
536	669
60	503
856	526
137	551
422	685
239	327
791	294
251	448
705	48
599	57
942	275
820	224
734	72
902	706
624	214
85	208
67	586
475	662
679	901
54	885
979	732
696	638
419	137
303	564
865	187
291	868
621	658
926	607
591	505
860	959
48	453
546	805
657	419
926	807
722	942
571	437
139	336
687	105
922	322
146	487
129	478
904	408
356	266
207	3
558	877
670	237
55	584
813	560
952	762
969	494
824	977
316	136
750	565
826	716
164	51
557	397
154	817
193	414
972	71
331	188
371	988
99	884
85	411
295	951
966	70
958	765
883	581
449	730
809	267
651	441
98	909
628	4
724	452
174	144
986	919
326	683
417	722
804	711
115	964
798	153
700	147
474	823
591	559
784	491
485	318
298	798
244	622
680	903
200	964
171	361
571	561
311	239
276	36
958	980
831	682
382	584
212	984
283	507
647	42
843	134
906	420
67	6
313	13
941	190
940	490
469	936
931	782
456	248
50	997
946	683
909	655
561	63
48	199
28	148
40	59
257	803
870	686
374	605
203	487
818	704
58	345
38	123
322	809
473	217
287	712
812	140
601	452
277	984
504	578
823	126
712	314
528	893
852	364
621	757
25	536
238	343
321	429
366	453
551	99
221	484
201	623
453	304
928	7
595	752
220	259
945	936
304	573
578	369
278	651
84	630
805	505
404	368
608	979
341	426
391	390
245	779
908	477
168	433
608	461
143	118
653	470
172	374
485	98
762	911
944	84
889	3
586	555
696	278
230	163
257	870
981	193
729	967
101	619
616	122
120	645
975	12
451	977
895	310
712	969
727	56
97	721
353	571
719	445
885	991
307	608
103	779
683	669
820	644
353	764
169	669
435	483
740	333
259	502
62	156
411	735
729	368
593	802
931	386
896	312
657	479
886	429
289	892
461	650
249	236
752	728
121	64
289	982
192	720
304	798
834	320
613	652
78	942
613	125
329	894
193	944
372	775
857	379
685	890
381	234
636	683
394	954
753	540
347	888
691	424
284	929
402	472
749	48
556	199
203	516
9	579
925	97
179	123
825	462
105	744
102	309
971	871
139	473
334	276
677	156
243	525
194	768
930	445
924	94
839	133
811	943
261	96
622	692
639	11
574	29
97	390
939	879
45	865
89	933
274	274
871	363
541	175
823	112
495	640
612	130
672	98
47	21
385	477
998	65
303	932
129	706
648	574
18	212
942	787
491	824
395	707
50	871
140	645
711	178
240	529
986	918
914	818
550	896
838	520
730	404
132	523
152	971
87	128
46	294
750	923
201	985
168	195
641	210
764	257
384	88
320	154
904	742
111	901
502	63
943	472
766	151
43	946
413	724
589	992
387	263
570	73
93	430
184	796
845	255
519	214
856	992
686	609
505	526
92	751
475	503
260	180
424	625
397	712
399	498
563	430
422	142
574	1
899	916
625	472
361	602
984	63
698	780
723	749
420	482
572	26
909	521
350	782
457	549
719	520
357	639
204	250
599	640
986	667
934	179
955	819
424	321
653	71
883	225
266	272
393	801
575	393
839	47
336	490
768	442
421	320
567	494
901	383
865	556
545	201
734	836
386	662
351	891
589	127
73	377
771	498
617	912
3	639
715	698
83	638
789	165
954	373
899	999
424	553
527	842
911	346
110	126
377	848
450	420
491	148
44	882
541	414
918	798
34	484
284	569
250	968
723	199
574	529
400	274
846	513
918	68
388	842
235	696
563	794
204	151
121	144
839	542
717	149
763	693
338	720
553	718
907	566
112	884
316	403
527	665
46	466
663	591
244	402
299	663
22	397
722	437
454	110
486	962
288	541
385	21
239	367
227	447
462	280
750	356
117	701
410	274
6	371
216	472
118	8
480	977
854	54
116	297
360	103
803	127
34	874
407	726
362	38
10	483
387	87
630	749
772	189
858	530
489	94
865	823
585	624
851	252
993	549
680	496
411	563
349	278
358	807
523	654
590	55
988	489
924	960
998	757
391	177
120	807
771	617
199	64
564	236
333	184
19	232
481	710
368	735
337	476
454	65
797	771
501	440
286	755
720	239
129	281
229	675
649	743
836	993
307	478
334	87
165	344
66	988
122	934
879	772
106	280
688	816
841	923
768	655
4	390
652	1
647	379
39	668
862	186
243	358
76	444
705	640
433	17
397	307
116	857
124	929
258	405
574	373
702	592
672	242
499	908
19	702
163	550
657	935
542	746
60	705
974	70
135	169
760	109
535	473
25	462
968	849
987	241
364	327
637	999
425	782
262	332
691	754
112	337
402	910
654	82
13	639
136	479
593	929
395	350
934	726
87	475
205	109
208	306
910	465
739	904
94	564
777	100
415	705
138	202
788	784
481	976
523	847
371	290
663	453
678	659
435	136
391	191
337	403
46	786
523	641
636	948
582	688
766	11
575	709
555	338
518	36
90	128
212	661
969	793
382	896
767	379
37	935
172	649
499	586
96	412
624	388
822	909
219	424
839	104
126	725
183	165
202	187
960	776
664	279
374	646
797	905
279	800
800	788
261	610
43	833
415	415
150	145
914	504
312	634
930	610
178	214
819	601
533	249
78	497
976	431
707	11
349	854
476	98
262	362
288	199
246	720
123	953
445	852
444	570
95	820
304	188
511	639
631	571
178	59
315	580
258	618
154	565
985	798
769	201
832	226
941	741
443	248
840	963
766	587
788	538
776	557
426	85
881	389
399	342
424	495
544	198
588	4
982	942
72	488
562	446
734	17
136	417
616	533
955	899
258	434
404	776
284	415
169	654
198	668
358	727
191	47
776	30
22	575
930	7
318	426
422	486
470	321
506	144
158	397
938	759
395	136
914	377
811	394
770	81
9	824
146	76
468	987
821	434
733	610
868	364
75	326
792	853
195	607
311	665
580	980
241	922
149	738
401	575
60	375
335	762
873	109
499	256
429	169
20	178
267	633
989	56
450	15
271	13
277	550
941	463
452	516
312	736
436	165
61	21
506	801
483	311
199	497
761	724
918	242
934	11
576	903
116	837
193	610
940	628
870	3
671	339
104	732
836	393
149	145
300	766
286	411
749	768
432	383
125	300
298	260
12	633
670	469
505	661
757	704
638	324
418	889
641	275
45	643
276	216
184	659
499	723
931	153
284	839
223	843
678	753
582	867
201	622
781	954
837	52
272	489
987	421
766	943
996	9
457	631
552	608
951	801
282	407
863	344
104	37
214	703
75	465
624	92
278	473
398	57
155	863
265	524
816	722
587	59
205	478
527	52
895	703
135	614
37	351
303	472
205	530
146	540
93	577
752	460
614	454
308	638
637	891
549	550
676	444
957	71
48	359
783	915
56	342
376	110
202	765
68	522
941	771
542	378
749	810
250	894
635	315
869	62
760	645
213	26
296	868
381	592
790	548
192	507
765	60
441	846
61	393
803	782
206	84
486	655
166	925
164	188
916	264
330	427
12	525
179	84
671	598
489	70
805	341
463	921
778	525
347	15
482	508
285	331
138	397
266	643
163	896
624	697
337	340
799	387
428	675
105	821
735	77
667	347
482	20
270	384
597	348
502	282
351	666
799	781
799	274
367	678
73	216
226	824
900	910
451	191
226	782
826	900
789	518
930	238
146	357
645	401
713	697
634	815
187	232
329	420
867	809
514	19
160	425
726	993
705	711
768	304
633	823
195	120
825	73
36	788
922	902
604	814
336	437
111	484
226	50
726	811
302	341
610	942
680	495
333	231
64	251
818	693
738	830
852	144
25	659
442	859
883	841
351	284
746	411
644	856
484	511
211	999
855	507
854	359
93	690
893	653
556	200
137	383
454	425
924	838
502	826
738	831
142	582
747	220
48	749
81	876
143	553
974	427
509	130
365	935
513	143
630	864
17	780
507	998
779	993
493	532
620	296
327	86
55	495
801	299
510	749
270	79
411	120
834	986
270	730
68	949
587	591
450	250
54	195
127	903
894	841
733	719
234	766
679	247
935	717
567	900
716	89
105	474
538	454
745	90
971	141
714	647
705	507
392	539
222	65
711	127
975	399
365	422
139	69
244	353
266	527
867	455
712	237
307	690
39	498
444	18
231	490
442	730
766	457
715	894
656	256
318	772
744	962
146	178
327	445
90	748
995	657
780	913
339	341
423	246
3	192
118	704
229	228
578	551
958	300
657	297
900	442
104	339
475	81
127	401
458	957
581	694
6	835
553	421
191	593
224	815
154	103
537	661
734	251
554	345
915	609
71	204
337	221
556	769
777	222
109	590
552	338
131	486
138	832
82	129
333	734
930	552
509	866
497	4
68	806
91	359
696	639
494	307
955	760
168	311
857	797
858	830
877	466
153	145
428	903
780	461
605	4
612	664
614	52
947	506
605	423
300	641
655	117
112	912
474	51
713	804
422	451
175	689
663	73
419	477
841	501
414	586
636	749
433	91
559	685
677	687
752	421
221	839
461	594
274	975
498	998
407	214
573	759
568	929
674	125
20	800
844	447
921	365
9	284
328	987
114	544
650	872
292	173
14	684
264	976
417	70
558	85
726	841
667	0
660	116
141	959
5	182
906	634
231	568
280	936
229	142
560	339
122	505
629	931
874	926
316	158
146	22
599	35
721	417
896	831
947	643
343	541
556	483
931	9
980	847
427	301
742	312
636	9
810	44
345	218
286	608
870	306
470	836
791	187
261	229
246	527
823	717
496	650
194	631
589	611
291	371
19	666
129	173
184	169
674	609
985	818
428	945
874	581
8	132
51	864
673	906
290	170
279	480
226	486
600	559
498	380
322	82
223	467
388	195
382	512
937	154
203	311
873	701
639	980
242	292
936	487
293	523
819	787
963	407
560	510
796	526
549	989
422	28
403	885
323	733
349	551
65	488
321	500
2	753
856	462
561	809
852	526
818	210
555	811
807	485
962	344
225	171
746	472
959	757
41	144
272	644
839	923
974	708
966	744
911	475
763	223
848	639
277	729
899	573
770	608
837	439
192	558
550	539
475	972
58	447
957	314
775	247
300	152
589	158
191	722
73	886
659	33
625	134
764	733
845	89
130	113
246	762
579	939
948	804
150	37
643	899
171	591
966	952
568	275
381	578
459	993
272	190
599	752
733	589
260	641
776	210
26	274
435	371
847	720
784	697
401	294
867	652
748	296
595	962
324	138
802	430
37	923
195	487
244	632
583	511
287	825
460	415
872	212
99	174
261	843
945	877
104	609
650	512
942	34
112	639
254	556
460	519
563	662
406	36
994	245
836	860
327	92
909	550
465	408
566	596
744	729
477	363
415	136
126	258
196	117
665	803
841	7
156	543
744	885
179	186
374	4
842	436
238	714
366	754
885	275
461	894
44	768
984	38
524	864
241	655
631	433
546	696
919	237
614	394
908	8
764	86
363	957
118	373
356	359
772	785
903	692
103	986
237	674
167	62
773	724
57	239
756	354
900	834
424	824
457	229
602	539
19	180
625	756
90	356
372	390
959	995
260	846
285	462
816	987
550	604
965	516
350	680
762	777
135	344
389	662
891	930
520	497
550	23
877	26
336	992
127	211
950	772
923	181
775	854
936	86
118	831
109	178
391	283
297	766
703	494
585	983
154	330
335	605
561	263
11	129
843	863
822	505
298	456
527	428
226	802
331	153
938	827
787	166
635	377
969	352
382	373
444	499
68	985
559	197
991	600
28	926
383	451
93	36
987	95
994	753
945	487
534	1
379	76
546	405
426	513
451	337
351	272
35	95
952	844
164	423
358	403
372	74
113	174
498	595
639	488
743	969
29	705
58	657
836	52
273	171
971	938
947	113
162	868
772	939
107	980
974	651
126	696
741	25
470	583
538	209
870	31
161	548
818	750
789	571
595	755
637	507
471	700
880	803
9	600
483	682
204	568
167	817
837	209
399	430
277	954
389	370
942	972
993	683
840	592
247	75
701	69
415	947
629	8
214	79
0	141
77	950
414	156
197	708
178	969
178	588
78	102
363	372
155	994
410	883
1	606
816	674
732	274
722	333
788	294
272	506
406	773
22	546
443	234
123	745
331	723
668	268
673	33
928	20
875	549
335	470
783	813
723	966
352	886
457	548
460	917
335	369
160	598
861	677
207	530
486	575
700	108
527	123
922	699
624	757
845	710
14	878
153	242
272	119
160	970
1	527
860	683
256	802
684	788
370	948
504	765
544	769
343	223
972	485
666	375
470	815
646	859
823	833
271	782
261	561
873	60
731	457
285	717
680	440
21	731
898	690
369	80
671	778
170	624
975	996
764	111
954	181
823	399
574	498
308	300
170	218
933	428
772	631
97	746
413	764
129	666
617	377
746	714
249	902
326	2
219	292
618	225
768	514
243	552
453	622
186	605
35	769
703	99
344	232
278	161
196	728
300	613
562	710
304	981
796	884
929	545
732	468
581	521
534	278
161	995
507	964
963	594
889	717
147	136
684	263
137	919
640	498
749	474
960	680
138	198
472	96
92	610
868	123
358	798
898	45
608	432
200	676
852	259
350	333
54	14
886	946
191	839
457	272
127	951
706	448
202	212
543	506
364	103
631	421
56	930
223	578
127	25
470	512
357	307
153	174
597	493
23	359
666	644
595	373
724	233
156	462
301	858
798	199
479	14
225	630
576	200
637	337
214	722
609	612
448	719
400	979
455	223
836	869
488	559
955	538
54	227
35	375
144	877
131	137
17	294
321	548
815	959
964	942
888	804
542	549
668	183
571	594
739	453
210	237
87	542
128	897
385	978
451	192
10	61
282	746
881	303
960	387
527	385
291	548
926	190
159	431
883	448
520	495
567	266
1	125
509	861
972	358
984	659
49	374
852	617
703	432
137	248
708	697
616	756
504	311
359	873
756	766
108	260
25	286
564	773
71	995
367	362
604	610
825	869
743	770
25	306
815	634
865	550
990	772
507	649
472	641
286	416
125	895
46	679
102	282
691	764
271	56
828	736
456	266
163	758
573	259
453	40
366	88
313	609
305	56
513	838
771	980
241	663
773	694
137	476
156	976
624	437
600	128
586	689
720	405
857	429
81	948
717	208
431	973
794	690
814	727
711	403
614	840
812	765
888	63
82	231
713	138
398	608
629	621
22	46
881	648
874	78
625	473
73	440
871	787
670	631
853	394
33	402
404	810
350	682
474	570
312	432
435	10
464	800
545	661
529	870
34	422
795	209
994	69
882	340
664	638
135	987
744	291
261	149
197	287
206	644
296	239
859	478
646	755
739	219
558	409
137	52
854	451
418	678
16	204
39	696
914	370
122	192
490	8
851	546
654	984
637	811
726	47
52	305
165	33
306	378
886	559
673	166
318	602
697	333
411	776
642	634
918	26
392	706
99	583
942	381
316	364
325	144
347	818
799	987
456	773
935	285
486	558
992	146
702	235
513	394
529	726
511	437
491	251
453	734
430	292
213	914
30	49
442	911
603	957
422	250
31	672
99	358
77	875
181	835
351	674
790	781
213	852
510	263
349	829
449	463
510	532
830	287
849	604
97	805
156	56
866	70
99	75
390	433
936	647
309	757
443	967
481	524
501	899
644	172
365	378
241	605
760	282
506	319
446	993
495	733
380	546
692	273
992	773
827	781
204	913
124	829
263	977
69	810
320	532
810	557
776	537
315	963
844	698
611	804
497	938
983	429
276	879
967	566
481	652
469	870
4	817
286	877
101	853
580	81
335	372
788	803
520	467
651	904
429	421
885	829
236	833
442	617
144	244
210	546
573	507
257	336
608	682
893	747
783	720
251	699
356	86
460	422
397	823
826	492
362	762
580	281
163	403
699	614
219	443
843	934
280	775
976	482
358	506
418	543
269	693
679	206
447	662
806	685
403	579
258	199
61	489
569	586
587	339
565	157
977	700
513	573
485	589
700	448
479	734
219	133
863	865
288	137
138	514
647	196
230	286
364	467
98	953
522	424
115	428
813	568
459	638
15	762
63	988
860	960
596	54
76	975
179	877
452	34
715	613
814	638
995	651
597	341
636	505
596	317
897	448
931	187
350	367
685	650
277	975
610	694
378	709
846	234
911	893
229	394
604	449
943	449
630	716
618	426
603	519
758	815
938	815
504	802
926	557
637	334
468	804
770	468
873	824
603	163
928	187
828	0
747	722
78	949
447	193
33	970
502	728
977	304
297	71
929	529
436	696
513	553
892	59
925	412
910	656
996	825
433	100
293	974
46	818
939	588
786	700
933	394
38	8
114	115
765	893
120	502
487	647
153	334
335	257
5	467
496	754
269	836
362	223
355	205
274	761
642	688
706	119
648	457
318	489
434	221
49	761
225	938
560	488
155	872
154	196
280	97
870	435
462	187
736	56
205	399
959	398
266	80
519	225
287	575
414	680
566	616
762	967
135	994
698	692
362	686
225	146
463	451
920	853
16	443
322	388
588	960
31	667
70	216
381	362
293	4
375	168
906	235
83	546
75	846
595	350
784	587
216	51
168	103
743	508
540	768
161	26
315	960
542	279
61	963
924	880
684	848
790	309
860	84
243	954
657	3
121	873
459	68
352	668
308	187
446	840
407	661
861	16
467	657
375	446
796	868
232	238
680	296
980	939
505	758
62	348
250	340
437	555
977	18
220	243
627	599
476	456
828	247
520	610
556	290
434	299
65	614
866	160
47	42
138	235
243	818
80	441
528	127
732	768
342	302
681	496
423	473
157	724
759	811
803	632
971	2
925	182
366	433
178	962
199	182
951	645
390	358
706	545
591	483
611	461
988	225
872	408
580	471
634	733
125	388
237	469
16	476
115	860
927	516
88	165
104	193
975	552
869	218
386	652
748	762
946	584
106	529
818	679
546	64
688	791
180	322
381	795
992	133
407	288
933	901
450	923
347	956
742	74
311	352
473	140
108	544
124	90
344	694
377	913
569	727
511	113
18	22
312	654
868	314
794	729
372	753
855	488
398	773
430	48
238	865
952	425
138	138
101	15
514	570
601	252
44	873
144	406
852	610
79	972
988	877
281	963
242	810
232	132
20	712
355	950
172	314
602	221
694	45
429	791
749	68
722	818
441	233
889	832
966	455
772	307
454	858
793	701
314	996
170	464
79	631
374	929
301	135
283	782
190	265
361	647
419	620
485	312
171	405
402	244
932	792
606	523
225	356
278	44
700	693
351	466
843	609
233	172
909	769
937	424
136	327
976	436
149	267
605	417
3	712
113	640
605	810
882	966
813	10
534	289
230	510
969	785
8	317
949	350
11	604
52	110
428	438
333	703
135	497
318	659
27	209
409	476
499	677
453	348
313	499
505	775
583	178
675	213
798	413
199	407
124	106
883	180
81	605
590	573
177	506
714	401
410	417
686	600
170	913
481	149
670	988
966	953
997	776
49	915
148	965
955	527
749	540
646	964
508	613
986	592
470	500
230	545
783	816
892	712
740	897
191	572
688	86
418	155
342	506
216	530
697	573
708	661
110	15
761	97
508	464
953	442
492	89
131	676
590	15
119	659
272	381
390	832
27	788
998	423
401	424
142	609
810	127
54	154
517	135
593	320
925	786
586	485
602	243
273	671
542	792
60	275
741	879
964	737
934	534
480	607
999	984
724	289
438	874
305	135
231	402
659	192
969	225
550	855
171	909
544	250
100	675
586	352
937	724
26	20
75	946
150	833
501	670
6	641
419	77
374	112
238	867
172	927
963	401
116	318
563	754
410	708
792	42
6	658
99	581
786	800
719	579
314	729
656	341
99	356
943	346
563	949
694	47
202	699
843	511
868	963
704	868
491	122
675	308
641	742
296	813
697	626
874	795
221	391
585	721
168	651
486	226
16	106
751	507
909	660
93	244
891	2
563	189
771	174
936	356
676	216
906	123
919	784
257	289
760	277
615	387
725	125
648	954
439	759
305	958
87	209
557	905
235	964
800	547
994	609
842	588
174	633
453	282
897	429
575	478
224	216
931	408
60	159
566	579
369	216
322	681
364	500
856	377
242	45
207	595
703	86
234	211
818	253
805	413
154	706
843	226
379	296
548	586
331	314
960	738
744	929
300	356
336	691
212	260
807	667
478	626
53	556
213	672
768	454
313	32
848	360
218	409
122	9
732	287
298	805
383	857
113	577
435	575
4	616
287	103
404	766
932	881
414	791
710	759
196	847
106	115
612	680
339	679
758	71
372	643
919	507
621	752
360	662
176	43
415	864
293	678
795	371
91	13
753	556
934	436
487	944
930	430
802	425
57	617
192	263
867	61
994	539
87	763
757	590
480	717
35	932
589	889
511	533
608	72
77	101
36	427
420	706
375	775
380	497
768	207
167	973
433	606
9	557
859	161
235	528
926	276
776	194
374	170
649	973
804	424
86	853
419	208
977	310
390	735
755	501
419	146
265	602
540	695
994	424
296	418
369	536
955	383
301	714
448	858
678	889
51	815
97	301
933	403
252	933
160	981
71	448
368	954
520	338
360	333
924	919
496	34
615	923
894	867
900	221
869	724
940	984
386	984
409	56
423	729
838	525
983	933
715	589
887	340
905	176
330	585
976	133
350	134
944	710
975	108
200	507
166	899
39	386
767	79
953	262
719	913
901	317
466	245
473	304
654	909
763	102
204	811
284	674
403	992
105	392
431	391
127	857
913	480
288	534
735	574
576	949
63	211
196	544
735	506
303	585
634	184
422	201
499	858
536	55
833	267
674	342
305	276
190	222
487	331
175	751
99	874
906	889
256	110
719	293
257	29
341	165
123	934
213	243
704	278
437	831
8	355
332	367
773	2
967	557
546	2
186	543
32	986
257	108
755	459
825	457
446	677
79	796
339	811
594	160
521	359
286	324
125	452
897	396
315	999
604	726
608	514
501	833
401	766
305	160
76	987
623	592
667	918
685	796
153	204
53	929
885	118
29	296
174	634
191	538
752	267
113	60
541	742
620	749
879	136
561	360
990	667
684	561
51	54
570	731
251	182
230	193
654	320
240	991
636	436
244	494
886	640
895	837
317	937
875	972
621	596
118	36
319	853
14	226
338	283
786	340
50	219
475	578
539	336
633	175
353	364
799	795
655	581
219	381
686	53
883	55
586	980
269	433
634	689
585	769
157	462
120	237
521	172
241	556
280	804
328	267
284	230
138	603
59	279
652	96
105	774
727	404
97	10
33	941
852	676
352	885
985	924
444	182
36	315
469	824
93	51
136	313
131	891
741	240
364	363
663	174
397	233
515	782
778	867
531	474
368	543
892	131
651	127
270	476
316	583
457	68
774	615
603	280
866	205
93	226
707	139
977	529
844	945
518	483
18	521
786	728
632	689
393	36
191	556
347	574
259	994
650	739
632	355
115	877
641	690
851	422
492	923
649	88
221	298
52	854
787	286
777	51
159	169
640	235
759	956
190	421
773	789
79	450
515	554
757	511
453	346
173	242
341	451
875	228
383	578
364	733
628	93
718	947
558	911
937	13
969	498
257	893
920	738
27	118
250	191
974	889
604	780
379	871
510	652
405	837
391	752
832	637
516	150
85	60
401	949
787	570
442	506
707	144
808	977
964	376
237	957
544	192
864	412
797	346
798	187
442	901
972	859
283	195
78	507
623	669
277	532
55	821
599	710
652	9
166	704
758	758
691	994
432	891
982	284
122	863
629	273
149	812
9	840
914	967
424	818
9	665
255	271
335	890
403	27
350	729
355	809
488	869
326	735
774	59
336	355
841	632
23	921
42	935
700	121
103	455
596	368
820	557
551	398
670	910
777	371
347	668
393	755
91	936
646	332
670	74
533	102
111	560
94	553
602	495
172	880
161	594
985	54
601	764
376	331
490	897
954	307
408	177
996	259
953	25
854	760
14	35
700	656
943	528
720	194
617	368
811	378
899	370
356	643
983	943
9	519
638	939
135	318
842	880
516	781
43	94
46	460
241	863
282	183
838	240
380	493
39	601
823	526
603	676
433	474
160	879
26	367
295	280
12	108
325	360
750	379
727	25
506	323
479	808
649	864
251	167
604	667
84	777
313	932
886	708
138	765
20	586
968	797
587	772
203	401
496	473
12	823
825	231
930	103
673	488
944	56
558	123
666	154
438	451
113	86
495	132
151	416
839	702
603	853
300	303
321	839
343	96
114	86
850	44
74	707
496	685
276	358
11	419
178	653
539	652
309	844
219	935
855	716
280	47
262	516
556	304
872	879
780	429
711	457
316	471
610	437
954	563
985	911
980	692
508	539
718	513
638	191
507	759
938	906
283	518
740	607
146	714
914	8
170	734
532	246
648	400
477	896
101	272
608	594
709	72
828	898
842	965
674	977
979	246
612	610
688	56
399	339
535	759
508	559
399	615
636	957
615	162
690	30
731	857
182	807
212	979
701	947
94	531
788	302
84	531
95	327
239	15
813	669
806	907
11	777
582	653
122	301
991	931
876	431
204	481
165	551
568	323
854	940
970	556
929	647
366	651
388	471
875	908
191	253
650	255
88	1
131	720
826	493
109	558
936	513
607	274
951	434
45	154
341	523
96	844
885	123
801	505
764	75
179	976
289	795
756	931
704	255
519	422
0	594
202	863
604	527
419	376
245	245
890	80
258	222
207	95
732	522
522	391
180	359
55	800
619	774
776	561
547	215
944	572
977	441
835	970
936	837
674	584
277	708
881	6
773	389
505	603
693	290
138	476
491	57
232	642
134	284
95	585
750	698
936	449
188	284
858	966
215	486
544	359
360	449
549	277
757	837
435	632
188	39
964	355
203	632
844	440
116	483
995	525
670	918
786	890
407	447
344	733
922	807
327	837
272	440
751	704
165	265
230	361
521	469
969	778
94	104
881	348
167	514
326	713
975	987
894	170
824	281
587	596
718	260
658	399
812	834
864	911
839	844
21	441
753	417
435	799
201	709
822	947
850	592
942	619
612	198
248	228
37	337
821	917
669	510
527	411
995	259
4	300
437	559
67	253
358	101
466	143
645	558
872	726
362	226
730	557
886	157
297	923
990	393
63	393
10	934
342	97
755	923
86	46
661	582
918	57
773	849
407	995
61	238
649	161
777	439
420	606
816	374
407	343
495	467
935	366
683	305
889	379
659	764
276	73
153	912
993	752
476	116
637	442
128	973
378	734
981	97
182	318
711	632
197	16
870	544
739	523
434	491
306	236
231	978
570	242
722	439
646	130
515	762
897	31
629	455
221	549
935	576
570	746
660	314
473	926
215	792
516	719
272	625
776	328
373	154
406	587
191	491
903	458
878	874
455	954
905	675
70	961
800	393
668	526
280	236
704	338
615	441
604	954
197	424
685	629
282	190
554	259
711	877
827	680
308	513
362	347
691	566
404	195
127	854
993	807
150	163
604	138
967	713
34	683
193	599
441	168
826	477
128	249
869	130
780	697
861	467
781	423
347	954
816	10
130	677
370	25
778	408
72	180
532	291
677	279
799	834
575	551
724	522
786	571
568	238
418	335
881	650
218	956
601	160
92	406
804	907
184	588
173	367
785	714
238	222
930	59
253	379
628	47
748	363
12	508
506	861
18	545
966	414
229	629
44	859
527	654
19	412
362	104
46	505
970	766
671	792
943	824
357	586
394	318
444	801
603	451
596	632
497	473
366	405
386	331
729	623
670	185
803	962
24	286
689	928
71	955
724	433
509	691
868	901
30	185
897	999
184	669
319	921
690	607
70	685
974	520
245	145
937	276
822	69
116	437
383	231
932	139
951	405
626	813
245	722
224	869
296	844
868	21
804	896
32	230
539	993
291	954
618	838
362	239
822	280
744	832
589	880
101	22
540	924
669	997
446	29
849	89
481	880
801	418
734	361
199	650
979	748
54	464
344	25
265	191
974	900
412	706
168	675
407	33
271	450
903	241
220	638
889	250
857	313
399	595
978	484
922	978
134	858
700	323
520	89
786	297
996	921
542	440
549	860
177	69
881	597
293	513
515	552
285	670
182	585
200	240
67	30
95	881
215	660
781	121
425	921
567	124
809	513
482	914
709	289
670	841
501	436
131	348
689	965
881	22
269	435
985	254
862	205
851	175
990	886
434	378
905	497
271	682
739	34
238	524
513	841
696	186
522	976
716	615
932	49
467	674
979	561
285	632
875	410
248	748
517	4
492	592
133	402
291	311
549	789
572	41
433	774
648	344
220	763
616	733
790	110
803	343
140	293
613	935
991	424
201	792
680	708
931	27
77	420
886	152
355	18
656	213
228	521
264	280
861	950
676	954
735	209
107	937
984	194
681	320
269	540
495	63
776	307
569	382
935	893
551	861
621	952
824	404
696	456
103	485
257	575
908	755
445	990
225	735
299	747
417	673
352	807
377	413
237	336
746	338
247	995
17	815
626	666
747	639
808	674
920	522
446	263
957	477
384	152
274	18
916	569
160	698
480	585
169	201
472	5
417	478
965	821
513	43
844	207
120	248
38	3
112	972
95	639
867	907
59	631
244	357
437	150
497	98
625	63
693	964
453	916
101	123
383	250
114	384
883	167
849	805
183	403
883	30
578	476
935	812
274	415
850	852
387	314
921	133
630	987
126	215
554	24
366	584
172	594
803	48
786	33
672	361
829	644
359	768
9	736
6	895
214	863
229	649
19	725
822	216
249	865
346	735
698	751
212	437
739	845
127	595
173	480
722	756
352	259
497	787
69	484
968	88
830	956
931	191
899	274
627	356
123	257
883	409
658	561
617	778
573	629
865	259
707	592
428	42
203	550
349	925
54	509
524	844
625	779
545	418
839	519
795	260
137	436
445	9
566	676
880	765
214	245
231	892
616	842
117	805
512	611
720	541
572	642
580	96
600	972
716	566
347	113
481	985
713	846
958	259
403	332
636	233
209	279
608	421
10	733
5	173
78	529
275	189
205	222
902	842
183	784
911	326
806	370
471	553
486	132
660	196
351	884
224	767
474	107
131	658
497	16
932	103
594	401
573	792
299	972
149	280
23	98
45	527
397	994
698	533
624	977
696	538
946	140
594	875
704	351
265	88
381	851
994	207
974	343
824	828
292	900
105	953
146	727
734	893
634	103
387	666
549	700
93	978
511	792
640	318
545	792
167	279
462	254
115	93
312	991
188	704
838	521
182	121
890	622
687	727
746	569
795	883
716	839
446	238
229	84
598	71
971	695
60	32
473	794
948	689
401	246
211	151
37	326
587	46
849	289
51	159
237	965
236	361
194	119
505	123
450	430
786	505
112	748
922	676
356	923
804	408
196	319
300	828
477	72
985	955
223	710
416	598
99	565
833	104
886	510
692	397
940	692
259	14
218	698
241	850
121	352
526	335
281	193
15	5
361	134
594	744
422	754
942	206
433	910
220	913
591	540
100	846
700	481
244	57
299	348
549	345
153	646
218	579
680	111
566	705
684	338
685	545
713	909
137	150
894	193
298	681
837	137
435	230
590	984
793	252
124	959
547	672
172	375
465	337
236	761
89	495
104	466
333	192
188	312
33	642
346	268
123	603
108	216
136	682
63	82
577	66
740	143
197	554
322	811
510	956
592	582
630	491
172	92
509	727
664	615
855	854
472	676
523	202
801	989
534	281
376	653
350	148
592	621
295	428
280	501
798	980
92	844
403	523
842	359
761	876
81	970
307	3
555	29
377	316
533	395
73	849
585	237
807	997
529	356
34	984
495	420
139	940
282	922
888	500
527	455
537	822
837	485
656	143
768	915
290	503
451	778
618	731
611	841
654	420
908	350
443	91
214	838
792	537
734	786
95	560
295	376
187	633
818	278
562	278
306	976
824	416
426	455
193	853
916	866
139	91
911	642
165	780
63	312
179	631
249	474
176	658
845	49
514	529
677	349
282	549
617	720
460	49
953	502
340	244
260	256
417	868
43	981
626	680
140	330
449	959
870	503
374	648
9	589
369	34
781	669
735	558
2	483
57	328
325	907
326	666
31	626
792	613
561	114
526	37
790	372
570	299
987	482
924	244
405	803
622	912
961	992
310	169
39	456
322	340
404	610
677	560
363	380
373	628
937	672
830	843
797	888
455	256
667	568
127	458
165	234
408	413
188	923
285	904
158	237
162	315
544	635
396	305
250	647
805	403
13	414
100	859
857	161
157	286
558	966
916	775
309	170
138	389
562	16
666	759
739	171
804	773
511	721
823	104
41	858
296	621
849	211
37	627
459	70
996	956
354	321
301	850
723	193
584	332
487	346
926	348
227	511
510	281
453	395
140	710
999	541
46	683
196	585
336	679
440	267
441	60
983	277
185	496
539	91
771	629
510	59
265	638
427	349
292	807
786	979
904	781
563	739
962	92
35	555
760	376
114	496
6	16
47	696
505	447
922	728
319	321
50	728
388	635
672	438
824	817
928	841
405	102
212	811
172	543
846	801
342	988
604	825
291	627
855	5
763	157
632	530
82	893
383	183
855	299
919	17
893	888
828	29
658	319
174	966
819	612
271	711
530	895
638	129
540	542
665	314
4	285
803	284
418	718
497	219
319	496
111	552
165	923
374	157
645	584
785	496
484	693
84	868
201	10
514	412
305	593
73	84
87	801
891	199
36	824
318	288
330	143
881	214
469	235
766	962
453	627
552	145
845	176
556	478
197	873
117	602
136	268
411	805
684	611
834	148
339	483
588	223
483	955
668	895
489	891
234	813
75	136
965	898
320	825
784	338
215	291
425	314
465	280
54	539
909	605
103	658
34	621
237	128
69	901
866	840
755	733
325	90
526	474
904	908
456	609
298	929
413	3
294	287
626	492
539	450
304	817
449	656
166	612
812	354
502	851
994	66
794	178
787	312
648	140
450	259
844	893
818	298
262	181
255	627
93	247
444	426
659	638
308	918
633	739
409	665
809	994
396	258
849	171
850	266
551	515
641	439
568	396
760	856
984	626
277	223
41	856
694	612
830	537
852	650
584	94
113	84
157	502
394	696
116	100
798	978
41	940
185	564
328	420
172	243
154	433
181	432
841	597
950	463
936	128
913	531
397	715
838	380
326	247
424	644
140	673
312	889
754	713
159	806
677	322
186	217
619	646
296	838
626	149
700	559
132	890
224	775
827	634
38	375
189	814
855	291
296	629
466	117
190	964
141	722
390	34
524	286
180	600
469	237
992	902
17	599
489	222
863	869
102	838
883	792
731	678
751	20
208	160
773	437
491	712
720	915
498	994

70

400
400
400
400
400
400
400
400
400
400
400
400
400
400
400
400
400
400
400
400
400
400
400
400
400
400
400
400
400
400
400
400
400
400
400
400
400
400
400
400
400
400
400
400
400
400
400
400
400
400
400
400
400
400
400
400
400
400
400
400
400
400
400
400
400
400
400
400
400
400
400
400
400
400
400
400
400
400
400
400
400
400
400
400
400
400
400
400
400
400
400
400
400
400
400
400
400
400
400
400
400
400
400
400
400
400
400
400
400
400
400
400
400
400
400
400
400
400
400
400
400
400
400
400
400
400
400
400
400
400
400
400
400
400
400
400
400
400
400
400
400
400
400
400
400
400
400
400
400
400
400
400
400
400
400
400
400
400
400
400
400
400
400
400
400
400
400
400
400
400
400
400
400
400
400
400
400
400
400
400
400
400
400
400
400
400
400
400
400
400
400
400
400
400
400
400
400
400
400
400
400
400
400
400
400
400
400
400
400
400
400
400
400
400
400
400
400
400
400
400
400
400
400
400
400
400
400
400
400
400
400
400
400
400
400
400
400
400
400
400
400
400
400
400
400
400
400
400
400
400

20
17
13
14
18
20
17
15
13
19
15
11
20
15
13
17
10
10
16
13
20
15
15
14
17
15
15
19
16
10
16
11
18
19
14
13
15
19
17
19
10
12
19
18
18
17
20
13
15
20
16
18
16
11
16
16
15
16
14
11
11
12
10
11
18
12
17
14
17
15
11
10
15
13
12
16
16
17
17
13
11
18
11
15
17
15
16
14
13
15
13
13
17
15
10
13
17
20
13
10
17
15
15
14
15
16
14
15
19
16
17
10
10
14
14
12
16
12
12
17
16
16
11
20
14
15
20
19
19
12
16
11
20
16
15
18
15
17
20
12
13
10
20
10
16
20
15
12
13
14
19
15
14
10
18
18
18
15
18
10
17
12
17
18
15
17
12
16
12
13
11
19
16
14
20
18
13
18
11
14
18
13
18
15
11
18
18
10
12
12
10
11
15
11
14
14
15
17
10
18
19
18
19
16
20
10
19
10
19
12
10
14
17
13
14
17
17
12
16
19
14
12
14
20
11
11
17
20
15
17
10
15
10
15
16
19
10
10
15
15
18
17
10
18
16
13
19
14
15
11
12
20
18
19
12
17
14
16
15
14
12
14
14
14
12
11
10
16
20
16
20
19
11
10
17
18
13
10
13
20
15
11
16
19
10
20
10
10
18
19
14
14
10
10
12
17
17
12
16
17
13
20
19
16
11
14
20
17
15
17
15
14
19
15
11
20
14
16
16
18
18
16
12
12
12
12
15
12
19
13
20
11
17
14
19
10
20
16
12
12
10
16
15
15
20
19
17
12
20
10
19
20
15
10
12
14
20
10
10
12
14
13
14
15
10
19
14
11
13
16
14
19
19
19
13
11
17
17
20
18
15
15
12
13
15
10
18
18
11
19
19
10
19
14
13
15
15
17
17
15
16
13
19
15
11
11
20
11
14
19
17
13
14
15
15
13
14
12
19
19
20
17
15
14
10
18
17
15
11
12
14
11
20
12
12
17
17
11
13
19
19
11
15
10
12
15
19
13
12
13
16
17
15
20
11
13
19
15
17
12
10
16
16
16
14
15
17
15
12
14
20
15
12
11
19
13
14
13
10
15
11
10
15
16
12
12
13
18
18
13
16
17
17
18
10
20
20
11
18
18
11
16
18
13
20
15
15
17
10
20
20
12
19
13
17
15
14
14
12
17
13
20
18
12
11
13
17
18
11
14
19
13
20
20
20
16
14
14
16
12
19
17
14
14
13
19
17
16
14
14
14
11
20
15
18
10
15
20
12
19
13
20
10
16
14
10
20
10
15
12
16
15
13
17
13
12
14
10
12
11
18
17
13
15
15
15
12
19
12
19
15
17
17
12
13
19
17
20
13
12
15
10
11
19
12
16
17
16
12
20
18
12
10
19
14
15
14
19
10
15
19
13
16
18
18
20
12
11
10
13
13
17
19
18
12
15
10
11
20
16
10
18
16
10
20
16
17
15
19
11
20
13
16
12
19
10
17
18
12
11
16
14
16
17
20
19
12
17
11
17
15
13
13
16
14
19
12
12
17
10
11
19
19
19
18
15
11
18
10
17
15
13
11
16
16
17
14
15
16
18
14
16
17
15
11
14
19
18
11
15
10
12
18
18
20
10
20
15
17
14
20
11
17
16
20
16
12
14
18
11
18
16
16
14
10
16
15
18
17
12
12
17
19
17
20
16
16
12
13
19
17
17
10
15
11
14
11
13
14
20
11
19
10
10
10
20
13
17
12
12
15
19
14
16
14
17
18
12
11
19
11
17
11
18
18
13
18
20
15
19
15
13
14
16
19
14
20
17
16
17
15
11
14
19
15
10
11
14
18
14
19
16
16
17
19
20
13
17
17
15
16
19
14
20
14
11
12
12
18
20
18
18
11
15
19
10
14
16
12
15
13
16
18
14
20
12
15
15
16
17
15
19
11
15
12
11
14
11
19
12
12
15
19
15
16
11
17
14
15
17
12
16
12
19
17
18
13
20
16
12
11
11
13
12
13
20
15
14
14
18
15
19
12
10
10
12
15
17
15
19
15
16
17
16
18
16
15
18
17
17
20
16
13
12
19
12
14
11
10
18
16
18
12
20
14
17
15
17
18
18
19
16
17
13
16
10
14
12
13
18
11
16
18
10
11
13
20
19
13
14
11
10
10
20
18
17
13
13
16
11
11
12
10
14
14
13
12
13
15
17
13
13
15
20
13
11
17
14
14
18
11
14
12
16
12
15
11
12
17
18
10
17
17
12
19
16
11
10
11
10
16
13
12
19
15
17
12
17
11
15
14
11
15
15
18
12
20
19
14
15
11
16
11
16
13
15
18
11
18
18
11
16
17
16
13
17
20
12
11
10
10
14
11
18
11
15
19
15
19
11
18
12
17
14
19
18
14
12
20
13
16
20
11
15
18
15
18
14
16
12
15
11
19
17
17
18
14
12
19
15
11
13
12
16
12
19
10
12
18
20
16
12
18
12
18
19
14
18
11
20
18
12
18
10
20
10
10
20
15
17
13
18
13
13
15
18
10
11
10
18
10
17
15
20
16
18
16
20
14
15
14
12
17
17
15
16
11
16
16
13
15
13
13
17
10
16
11
11
12
16
11
20
14
14
19
12
16
11
18
17
10
20
16
10
17
14
10
18
16
17
17
19
14
17
19
18
14
11
15
16
16
15
20
15
18
17
20
16
14
13
18
17
12
11
19
19
14
13
13
17
10
17
15
10
10
12
20
20
17
18
15
17
19
18
18
18
11
19
14
19
14
12
13
11
19
17
17
18
12
11
18
17
20
12
16
15
17
14
17
11
17
15
20
18
10
17
12
14
11
11
17
11
11
18
20
16
15
20
17
10
10
20
16
14
10
11
15
15
10
17
20
18
15
20
10
20
12
13
11
20
12
12
16
16
18
10
12
15
20
11
10
15
20
13
11
16
19
10
14
12
13
18
11
18
18
12
17
13
16
11
12
12
12
20
19
11
17
16
13
18
18
18
14
10
19
13
13
15
16
12
18
10
17
11
16
10
12
20
17
20
13
17
16
15
13
13
10
14
20
16
15
18
15
16
16
10
16
19
14
15
18
15
16
20
12
14
20
10
14
14
13
18
20
13
16
19
14
17
19
19
13
12
14
15
15
10
16
15
12
13
18
15
15
18
15
15
13
17
12
10
16
19
11
17
10
14
20
20
12
16
16
19
11
18
11
19
13
15
11
13
13
17
15
12
18
10
12
10
11
18
18
15
13
17
16
10
19
14
14
13
10
14
11
13
13
19
19
18
20
18
16
18
16
17
18
15
10
20
15
13
20
15
17
20
13
12
16
17
14
20
19
17
15
19
18
19
17
20
10
18
20
16
13
19
12
17
13
17
14
13
10
15
15
13
10
16
15
13
20
18
19
10
12
20
20
12
10
20
19
20
13
14
15
14
11
12
11
13
17
20
11
19
15
18
20
11
15
11
17
11
13
11
12
19
16
17
12
18
10
18
14
11
17
13
15
11
18
19
13
16
13
11
18
18
12
15
18
14
20
14
15
18
20
20
14
15
14
13
20
11
14
11
18
13
11
10
11
14
16
12
14
11
10
20
18
14
11
17
10
14
16
14
16
20
12
13
11
20
16
11
19
11
17
17
12
12
13
20
15
12
13
11
14
20
11
17
14
14
14
12
17
15
13
20
17
14
10
11
18
20
17
17
17
19
12
11
18
14
13
20
13
18
16
11
15
18
12
10
13
19
20
13
16
14
19
16
18
14
16
15
12
18
17
20
10
20
19
16
15
14
13
14
13
13
18
12
13
16
14
16
18
14
11
16
11
12
19
18
19
12
16
12
16
10
19
19
17
11
14
14
18
15
13
12
14
13
18
15
15
10
17
10
19
18
15
18
14
18
15
16
16
10
16
14
13
13
15
17
12
10
13
10
12
11
12
14
10
20
17
12
20
17
16
19
19
14
11
15
19
15
20
14
20
17
14
12
18
16
13
14
14
14
10
10
19
16
12
19
18
20
15
15
10
19
18
11
20
16
12
16
11
18
19
15
12
11
18
17
18
13
15
17
14
10
19
10
10
19
14
14
10
14
12
19
13
17
19
16
10
13
14
14
17
19
18
10
11
20
19
16
10
17
11
18
11
12
11
20
17
10
13
15
20
18
13
10
14
20
10
11
16
18
10
11
20
18
17
18
16
11
12
12
19
16
13
19
16
18
20
20
16
17
15
13
14
17
14
13
15
14
17
14
16
10
15
17
20
13
13
16
13
19
10
18
15
20
10
14
19
11
16
11
17
12
14
20
18
10
19
20
17
17
20
10
19
11
14
12
18
10
13
20
13
11
12
14
20
14
12
16
11
17
16
13
14
14
14
11
20
18
19
16
17
12
13
17
19
11
10
19
15
12
18
11
19
20
11
17
15
19
12
18
14
14
15
12
13
15
17
14
15
12
11
20
14
19
12
20
15
16
19
15
13
11
17
15
16
16
12
10
11
20
12
14
19
14
12
14
11
10
13
20
15
20
17
13
20
14
19
16
18
16
15
20
12
13
18
16
13
16
12
20
12
15
16
18
10
19
14
20
12
19
18
20
10
19
19
13
18
10
20
11
17
12
12
12
10
11
17
19
15
12
19
14
15
10
12
19
14
19
18
17
11
10
15
15
10
14
18
14
20
12
17
15
10
18
18
11
16
15
11
20
18
20
12
12
11
18
14
10
17
16
17
18
19
20
14
15
10
14
17
10
11
14
10
17
13
15
13
16
16
14
15
10
20
19
11
16
11
17
16
12
19
19
12
12
10
15
17
15
15
12
17
17
17
11
17
12
20
20
14
16
13
12
11
17
14
18
17
19
15
20
12
20
13
11
17
18
15
16
11
16
17
13
17
18
18
19
14
11
17
18
15
12
12
10
16
15
17
20
18
13
17
14
20
20
20
10
12
20
11
15
12
11
17
19
14
11
14
19
17
19
13
19
20
15
12
19
13
15
18
20
10
13
15
12
16
15
19
15
15
19
19
13
16
15
17
14
15
11
15
12
17
13
13
14
10
19
16
11
18
20
18
14
20
14
17
10
11
10
14
11
14
19
13
20
10
15
10
19
20
13
10
16
17
18
18
11
11
17
13
20
19
14
12
19
19
19
13
11
20
18
13
12
15
17
15
11
20
13
20
14
15
13
13
10
20
18
17
15
18
20
18
10
16
12
10
19
14
19
19
12
16
12
11
12
16
19
17
11
15
13
10
12
12
13
16
11
13
20
11
18
13
14
18
12
19
16
14
19
20
19
19
18
15
15
11
19
14
15
18
13
19
14
17
10
20
11
17
13
18
16
16
16
13
15
11
15
14
10
17
18
12
17
14
17
10
20
18
16
13
18
20
14
18
10
11
15
13
17
14
19
11
15
19
14
15
20
20
20
16
19
13
11
16
16
16
20
10
12
10
19
11
13
14
14
12
15
15
10
12
16
18
17
16
12
16
18
15
18
16
19
13
19
18
13
19
20
16
13
12
10
18
13
18
10
15
15
11
13
12
19
16
16
10
14
16
17
13
14
18
15
16
18
15
15
14
14
12
10
16
18
12
11
19
16
15
17
10
10
16
10
13
15
20
17
18
20
13
13
15
17
10
15
10
17
12
15
20
13
10
15
17
20
14
15
18
13
12
18
20
13
15
16
14
17
15
15
10
13
15
12
10
11
13
13
12
10
13
12
15
15
12
10
17
10
19
14
16
11
14
10
15
16
20
17
17
15
13
18
15
20
15
11
13
17
10
12
17
17
12
15
16
15
13
16
11
15
16
19
10
12
15
12
17
18
11
10
19
14
18
19
13
19
10
18
16
18
10
12
17
15
16
20
18
16
12
15
11
18
19
12
14
18
10
14
19
19
19
15
13
14
12
14
17
16
20
19
16
12
12
12
19
17
11
17
11
20
20
11
14
11
17
19
14
14
11
10
13
19
16
14
13
11
15
15
18
20
18
15
14
20
14
20
15
17
20
18
16
15
20
11
19
15
12
14
10
10
19
12
18
11
13
13
11
17
20
12
16
17
18
16
19
11
17
15
19
20
19
14
19
19
11
14
10
14
16
15
10
11
20
20
12
15
19
13
16
18
16
12
14
20
12
13
19
13
11
15
18
14
14
14
14
11
18
16
18
19
12
15
18
19
11
12
19
11
13
13
19
12
18
10
20
14
20
11
20
18
12
12
12
11
15
19
12
14
14
19
11
19
20
11
13
19
11
12
17
18
11
16
11
19
16
19
13
17
15
15
19
20
12
17
20
15
10
13
12
17
12
14
12
20
13
11
12
13
16
13
12
10
17
10
20
11
19
11
12
15
17
14
15
18
11
10
14
16
19
16
10
20
15
17
19
18
10
11
11
13
20
12
10
15
19
11
17
18
19
15
18
20
14
15
17
20
16
18
20
19
13
17
17
11
10
18
10
16
16
13
11
15
12
17
16
18
16
16
13
20
14
16
18
16
19
15
17
10
16
14
12
12
18
14
12
10
16
19
16
20
12
14
15
15
19
18
18
20
13
11
18
16
20
18
10
19
10
18
10
11
14
10
14
16
12
18
16
15
20
16
16
14
12
13
19
10
11
19
13
13
10
10
17
10
18
11
12
17
12
11
18
19
16
16
15
15
20
12
15
20
20
20
18
20
14
13
16
10
11
20
17
12
19
12
12
12
16
15
12
20
15
10
12
14
15
19
18
10
19
12
19
18
15
12
12
10
17
11
11
19
19
17
11
10
16
12
20
16
18
13
12
18
16
13
13
19
13
17
20
16
17
11
16
11
13
11
15
11
10
15
18
17
17
11
16
19
19
11
15
12
20
14
13
14
12
12
13
14
17
13
14
17
20
19
20
14
10
14
15
15
19
11
14
14
17
17
13
17
14
13
17
17
19
13
13
17
16
10
14
12
18
20
19
18
15
17
19
17
11
15
19
12
17
13
16
11
17
12
13
14
10
15
17
11
19
10
17
10
14
14
13
18
12
11
16
18
13
14
20
19
15
20
15
19
13
16
15
10
13
15
18
19
12
10
20
17
20
18
17
18
15
10
20
19
17
18
12
13
10
15
11
13
15
12
13
13
14
11
15
18
10
13
11
15
15
11
20
19
19
11
17
10
16
11
13
16
19
20
13
19
14
10
15
19
13
15
18
10
14
13
19
17
14
12
20
15
12
14
12
19
19
12
15
18
12
12
17
19
13
20
16
16
11
13
17
17
10
16
13
11
12
15
12
20
12
14
14
15
19
10
14
20
15
11
18
12
17
17
20
15
15
17
20
12
13
20
14
17
16
16
19
18
14
13
16
15
13
15
20
12
20
16
20
13
10
20
18
11
17
18
11
17
11
17
18
15
15
18
16
18
12
12
12
18
11
18
13
10
17
14
18
14
17
16
18
13
13
19
10
19
16
14
10
18
17
12
11
12
12
10
12
16
20
11
16
17
19
16
14
18
18
12
16
11
11
14
14
16
12
15
13
18
19
17
18
14
12
11
13
18
13
12
14
10
19
14
13
19
14
18
14
14
12
17
17
14
14
14
15
14
14
17
10
20
15
10
11
19
13
20
11
20
17
13
11
12
11
20
16
17
16
16
20
13
18
15
11
19
12
17
14
19
10
12
15
11
15
13
17
19
10
15
11
14
20
10
14
11
20
14
10
20
19
12
12
12
20
18
12
18
11
13
10
11
11
13
16
15
17
17
20
20
11
10
19
17
19
10
13
15
19
19
15
20
10
13
19
10
11
20
18
17
17
17
14
13
16
10
11
13
18
12
15
11
17
16
19
10
18
10
20
14
15
19
18
20
18
11
11
15
18
20
13
13
19
11
14
19
16
18
18
19
19
13
17
20
10
18
17
20
12
20
10
20
14
16
18
16
16
17
11
16
15
13
18
10
10
14
20
18
17
11
18
16
10
15
16
15
12
16
16
10
10
11
19
16
18
14
10
13
10
16
14
20
11
15
17
10
17
17
10
15
12
18
12
10
14
17
20
18
13
11
10
13
15
13
16
12
18
15
17
10
10
19
17
18
16
11
12
15
20
18
20
19
10
15
20
11
11
12
12
19
16
12
13
14
15
17
17
16
15
13
10
13
10
11
19
14
19
10
14
18
20
14
16
13
10
18
17
12
11
18
17
11
15
20
11
16
16
20
15
20
17
19
15
16
12
12
18
19
14
10
12
15
13
12
16
16
20
11
14
20
19
17
10
16
20
17
11
16
11
17
12
11
18
14
20
10
20
19
10
13
20
19
12
17
15
11
10
16
19
11
12
14
12
12
13
19
16
14
17
17
10
16
18
10
13
14
19
10
14
17
12
18
19
17
19
14
14
11
20
15
14
16
14
10
14
15
19
20
20
17
16
11
17
18
19
14
19
12
18
10
20
17
15
10
13
12
20
19
13
19
13
14
11
16
20
10
13
20
10
17
16
14
17
14
14
18
14
15
18
11
14
12
19
17
17
12
17
15
19
20
16
12
10
15
17
18
13
11
11
17
20
20
13
15
19
11
13
18
10
18
15
17
20
13
16
16
15
16
17
11
20
10
14
20
20
18
16
20
10
19
17
15
10
17
16
12
11
18
17
11
16
12
20
17
13
16
11
12
17
17
17
11
10
10
18
16
10
14
16
19
19
11
15
16
15
10
16
19
10
10
13
16
16
19
13
12
16
19
10
19
17
14
17
14
20
10
17
17
15
12
11
16
13
15
13
10
16
12
15
18
15
16
12
10
19
14
12
12
11
12
14
13
17
11
17
20
14
11
20
18
13
16
19
17
17
20
19
13
11
12
15
14
16
13
10
19
20
11
16
12
20
15
20
11
17
14
13
19
16
15
12
19
17
20
14
20
13
18
17
13
12
10
12
11
17
18
13
20
20
20
20
11
14
18
14
20
16
17
14
18
14
20
14
16
14
16
18
10
12
19
10
18
19
18
13
12
16
19
12
12
18
12
18
13
16
14
18
14
11
16
16
13
19
12
17
10
15
14
14
14
10
17
15
19
11
16
12
17
19
20
19
15
11
18
10
20
11
18
16
15
17
13
10
11
12
14
10
13
18
16
20
11
18
16
19
18
17
20
18
14
16
11
11
12
20
15
15
11
11
17
17
11
15
17
17
10
19
11
12
11
19
18
19
15
17
17
16
10
11
15
17
13
12
17
17
20
12
15
13
10
13
20
20
18
12
14
13
17
20
15
11
12
15
17
18
20
18
13
17
11
15
12
12
18
17
18
19
14
16
13
17
19
10
20
12
10
16
19
11
17
13
14
14
13
18
18
11
12
15
15
19
18
13
17
20
16
18
16
17
14
15
13
14
18
12
13
18
16
19
10
17
12
15
10
16
14
14
15
13
19
17
15
17
16
16
16
13
17
17
13
11
16
15
18
10
20
18
17
13
13
13
13
18
14
16
20
18
14
17
16
20
13
14
20
14
13
12
19
14
18
10
13
20
15
16
18
14
12
15
16
17
12
20
19
12
15
17
15
17
14
13
10
17
12
16
16
17
18
12
14
15
15
14
14
20
10
14
17
15
14
17
16
10
11
18
14
19
14
18
12
13
10
17
10
16
16
14
13
13
11
12
14
10
10
20
15
14
11
10
13
17
17
16
13
12
15
10
17
19
20
11
15
15
15
12
17
17
16
20
20
20
16
16
17
13
13
14
14
16
15
19
10
10
16
20
10
18
14
11
10
12
12
13
17
17
12
16
15
15
10
12
17
15
15
18
20
11
13
14
16
12
12
14
17
19
10
13
12
15
12
18
12
14
18
11
11
19
13
10
16
11
11
16
17
16
13
17
10
11
12
12
15
12
15
16
19
19
12
12
13
14
11
17
19
16
10
16
14
13
18
19
19
18
17
11
20
10
11
17
14
12
18
13
19
15
14
18
18
14
16
14
15
20
20
20
16
11
20
18
11
12
17
11
12
13
14
19
12
14
13
11
12
20
16
12
19
19
18
12
10
13
17
18
13
12
12
12
18
19
20
12
13
17
17
14
16
15
14
10
12
13
14
16
18
16
10
15
13
13
18
10
12
10
12
12
18
13
14
15
12
14
19
14
17
18
11
16
13
20
11
15
11
18
19
14
20
10
11
17
19
15
18
13
13
12
16
18
15
19
16
12
14
12
11
14
14
19
18
12
19
15
11
14
17
18
18
13
12
16
10
16
11
12
19
15
14
10
19
12
18
20
20
20
20
15
19
11
13
15
18
17
13
10
15
15
17
20
12
11
16
10
14
11
10
19
17
13
19
18
15
12
16
11
18
11
15
12
12
12
20
14
13
11
10
17
12
17
20
19
19
11
19
20
14
20
18
20
11
17
12
10
13
11
11
15
17
16
18
20
20
13
18
14
13
13
15
14
14
18
12
12
18
13
18
17
12
13
15
20
17
11
13
19
16
12
12
11
19
18
14
10
11
17
18
19
17
18
10
20
12
15
12
11
18
14
11
12
13
17
14
18
15
18
16
19
13
17
17
20
18
18
19
10
14
17
17
12
16
10
12
19
19
12
19
19
12
20
15
17
17
15
11
14
20
13
18
12
12
12
19
12
10
19
20
14
12
16
17
20
12
15
17
16
12
11
13
11
17
11
17
20
12
15
14
12
17
18
15
20
19
15
10
10
18
19
13
13
12
15
19
16
10
19
18
15
20
16
20
13
17
15
19
11
16
10
18
20
20
17
19
16
15
17
10
12
10
19
12
14
13
18
10
20
11
10
16
12
13
18
19
15
15
14
17
18
10
10
14
20
20
17
11
11
12
20
11
20
10
20
12
19
20
18
18
12
12
15
10
15
13
19
14
17
16
13
12
13
10
15
13
16
20
19
15
11
12
19
19
19
11
16
11
14
15
12
18
18
13
20
16
16
14
15
13
10
12
15
12
17
17
18
18
11
15
10
12
13
18
10
18
14
12
19
16
18
17
12
14
16
17
14
14
16
17
17
19
19
17
11
14
12
11
20
19
15
20
20
13
14
13
15
17
18
14
10
16
12
10
10
16
10
18
17
19
10
18
14
15
15
18
17
13
20
15
15
20
20
13
19
11
17
19
12
10
10
13
19
19
17
15
13
11
20
17
18
14
15
15
17
19
16
14
19
20
16
14
13
18
20
13
20
11
16
13
11
13
13
16
14
15
10
15
19
18
11
15
12
10
18
14
15
19
10
12
11
10
13
17
12
15
17
10
13
12
16
10
19
16
17
20
13
18
12
10
13
15
12
14
18
12
19
20
17
12
14
20
19
13
15
10
17
15
14
15
15
15
11
20
20
17
14
17
20
20
14
20
16
17
16
10

3
3
4
3
4
2
4
2
2
2
2
3
3
2
2
4
2
2
3
2
3
3
3
4
4
3
3
2
4
2
4
2
2
2
2
4
4
4
2
3
2
2
2
3
3
4
4
2
3
4
2
4
3
2
3
3
3
4
2
2
2
3
4
2
4
4
4
3
4
3
4
3
4
4
3
4
4
3
3
3
3
2
3
2
2
3
3
3
2
4
2
2
2
4
4
4
2
4
2
2
4
4
3
2
4
3
2
4
2
3
4
3
2
4
2
2
2
2
2
3
4
3
2
4
2
2
3
4
3
4
2
3
2
2
4
2
3
3
2
2
2
3
4
3
3
3
4
2
4
4
3
3
2
2
3
4
2
2
4
3
2
2
2
3
2
4
3
3
4
3
3
3
3
4
3
4
4
2
3
3
4
2
3
4
3
3
2
2
2
3
3
4
4
3
3
3
4
2
3
4
4
3
2
3
3
4
2
3
4
3
4
2
3
2
4
4
2
3
2
3
4
4
2
4
4
3
4
3
4
3
4
3
2
3
2
4
3
3
3
4
4
2
2
3
4
3
2
2
2
2

0

1
