5000
250

834	881
800	810
720	708
429	536
822	735
617	518
408	578
279	761
130	933
702	690
223	849
921	984
987	718
989	922
823	996
52	999
95	902
520	639
436	428
959	885
729	744
725	884
550	639
226	832
775	961
304	794
80	833
519	620
50	870
618	597
631	537
147	688
365	333
208	885
630	338
302	739
947	684
496	629
475	507
516	377
862	984
90	938
1	960
339	404
642	469
352	440
977	836
40	808
898	938
139	824
943	928
855	847
446	383
992	694
417	495
201	932
849	750
335	603
844	988
786	769
744	756
989	950
659	495
40	840
534	652
462	602
236	987
217	756
595	626
443	662
27	908
968	784
621	346
879	883
321	921
286	849
936	841
286	895
734	792
846	906
181	737
27	770
264	855
340	564
44	929
783	735
740	896
959	848
791	954
235	676
639	653
185	879
812	916
640	379
370	542
344	510
715	840
183	993
498	589
14	951
367	351
116	909
745	951
200	865
448	520
19	933
898	711
195	789
799	786
570	438
967	722
22	849
192	940
398	632
600	552
149	725
3	853
324	733
900	977
495	478
260	768
658	487
774	853
940	967
422	587
949	840
775	669
479	486
266	680
211	824
679	747
844	887
697	750
878	955
967	906
337	381
518	557
566	385
587	473
60	808
71	857
164	899
754	880
172	842
557	404
421	505
641	552
252	674
419	470
768	692
329	864
807	725
172	668
913	848
439	421
330	902
185	773
657	402
809	958
615	586
288	857
541	366
679	855
578	501
721	684
42	847
820	883
233	769
59	707
814	933
945	809
843	889
707	712
550	614
269	955
895	734
830	863
951	952
753	869
990	978
288	849
328	901
956	719
13	833
541	339
827	895
46	775
825	722
353	367
388	462
574	494
124	887
493	550
505	418
373	374
162	982
261	793
4	686
607	649
748	680
552	149
370	992
55	262
829	381
660	764
544	820
170	191
978	352
934	559
127	255
493	43
129	104
955	258
715	66
750	578
624	245
588	966
963	501
578	173
672	464
396	12
160	4
6	311
777	423
336	929
828	337
199	215
180	282
35	568
100	629
857	87
678	557
420	779
419	772
465	802
924	58
871	266
533	274
214	110
611	44
332	327
983	21
929	62
945	331
50	300
559	188
140	163
30	37
631	702
703	238

863	836
919	956
833	752
787	980
796	894
841	944
991	784
26	973
770	769
892	994
478	487
692	771
587	641
353	458
553	425
984	892
162	730
758	672
849	849
884	814
90	714
983	699
619	549
292	677
15	794
651	551
32	794
712	706
246	942
255	992
881	742
233	786
124	705
355	449
232	871
853	873
427	662
831	945
854	764
678	816
735	743
283	791
81	824
217	748
763	796
377	410
61	726
480	546
824	892
376	665
610	431
718	720
501	404
262	720
254	770
262	866
690	719
142	981
977	852
593	488
65	775
412	414
747	860
83	896
342	380
277	774
212	803
389	550
466	471
464	540
909	797
995	826
311	945
211	845
683	738
969	954
446	575
219	682
885	834
909	889
903	677
926	951
544	363
595	451
69	793
26	734
986	692
241	841
284	892
486	373
576	435
347	666
950	890
225	895
864	868
605	653
704	690
343	373
325	668
837	965
905	681
24	873
277	873
849	865
401	354
642	495
717	783
667	684
589	557
538	484
672	750
965	742
514	482
378	546
887	996
694	923
461	423
624	662
291	722
284	999
338	601
685	911
505	632
632	605
136	970
856	707
619	430
212	688
326	757
297	712
575	510
885	925
178	868
398	444
865	736
837	698
703	785
407	393
824	774
329	777
450	557
31	915
935	932
181	778
946	765
947	913
463	574
563	628
95	818
947	837
40	992
936	948
842	677
617	353
641	567
257	705
767	897
415	470
162	859
500	446
1	784
81	833
355	586
673	772
765	753
214	890
129	905
313	673
692	833
136	952
457	398
80	767
550	565
660	381
208	764
15	726
402	662
64	732
209	828
724	730
104	876
522	442
112	725
603	385
350	486
374	479
70	788
775	757
313	787
438	648
778	749
704	708
640	412
904	885
985	731
616	401
299	757
961	800
494	459
579	556
682	744
838	738
21	717
260	962
457	595
576	569
77	828
616	645
619	490
730	909
487	336
554	456
362	625
301	831
122	873
39	828
42	780
731	814
548	492
693	828
848	893
251	683
267	768
402	464
403	586
85	879
155	840
547	350
673	797
488	577
258	683
668	704
7	927
579	468
245	791
543	400
85	711
941	793
789	979
601	500
378	565
935	750
313	687
529	424
754	775
470	646
212	725
848	894
1	983
404	341
963	951
681	666
235	740
653	595
542	547
960	667
366	483
492	504
735	921
876	950
393	437
910	673
459	348
430	459
876	743
180	785
785	875
467	553
473	528
800	923
436	506
287	738
62	878
638	603
771	756
992	716
968	816
481	553
700	667
754	973
77	994
553	407
477	523
855	818
432	479
980	763
522	512
212	955
412	605
29	862
751	895
149	941
385	557
314	759
554	626
448	665
99	684
506	514
392	662
716	821
663	572
307	762
666	659
727	679
988	900
977	979
208	776
70	889
369	494
414	397
649	415
432	497
945	781
892	910
130	973
713	789
655	363
743	913
86	968
817	988
478	374
405	602
636	420
352	561
739	843
246	747
756	851
478	370
341	505
217	724
505	413
581	487
401	640
817	829
741	926
780	914
642	494
452	618
930	929
617	436
82	829
917	798
915	698
22	921
873	913
122	822
164	907
631	401
444	406
865	815
935	818
119	674
519	396
233	962
921	805
0	692
762	830
270	796
233	741
790	993
856	843
865	960
730	733
454	591
755	708
693	993
457	515
212	714
72	709
252	874
569	381
411	520
622	632
35	832
638	378
710	669
595	548
26	721
324	895
582	656
997	682
696	948
764	680
517	516
499	425
863	942
497	544
512	450
425	648
325	798
456	496
220	894
184	905
915	890
817	716
385	348
422	367
930	905
745	983
986	732
424	487
82	872
464	523
497	530
193	872
132	865
183	917
852	833
108	952
397	515
518	411
756	769
534	660
646	624
658	642
339	546
820	860
680	966
904	808
521	542
892	822
596	618
997	683
855	856
728	704
182	983
471	559
600	634
164	931
86	796
606	550
687	771
389	352
45	751
458	631
853	708
227	983
850	904
589	463
230	907
733	914
633	596
709	937
653	594
738	875
743	960
121	739
322	847
264	951
970	776
150	704
649	476
846	782
387	335
286	865
348	483
858	928
751	694
11	717
190	795
339	469
905	912
470	494
563	549
695	724
707	855
18	718
486	610
326	891
357	509
585	491
601	666
22	961
451	482
754	681
478	344
221	720
220	945
41	799
996	769
684	961
447	582
167	767
593	492
378	343
150	706
598	536
687	745
22	980
117	716
50	932
841	751
334	524
521	546
584	636
156	824
965	874
452	419
551	455
204	902
619	555
599	596
62	686
850	748
159	716
9	746
626	425
259	979
132	856
141	996
401	597
568	506
545	361
208	993
976	926
372	437
645	386
14	934
699	681
246	836
948	817
243	961
60	924
203	894
409	615
794	805
781	874
61	866
472	339
794	707
975	902
949	936
899	765
471	535
667	764
308	823
329	794
279	927
383	500
253	904
629	521
679	918
993	701
633	527
924	701
240	946
562	611
947	970
532	352
961	691
305	898
702	829
383	526
724	712
120	871
78	914
954	847
963	971
837	737
900	937
533	480
325	700
964	687
181	943
728	912
993	759
442	519
327	830
331	855
794	748
972	811
125	961
930	881
982	824
390	481
712	952
818	863
179	843
336	479
761	984
219	712
655	521
576	444
725	993
19	962
629	369
490	622
242	812
100	967
660	429
943	887
493	401
790	721
786	844
811	982
104	717
327	976
718	739
208	684
586	544
663	635
602	606
303	781
42	718
392	499
864	946
425	359
260	957
290	984
283	946
568	337
463	473
965	854
567	627
387	660
258	695
105	926
553	433
650	530
0	667
354	344
12	765
341	552
110	697
264	747
930	683
809	965
289	733
373	636
8	842
859	811
649	337
47	948
131	763
836	943
624	420
746	956
528	533
570	645
13	988
140	860
228	988
227	687
916	747
487	539
492	434
581	406
189	987
534	551
351	346
191	697
986	730
838	684
367	468
707	940
732	816
495	652
827	762
238	739
187	901
524	444
649	462
135	916
589	565
538	610
726	798
117	864
327	736
777	838
87	903
272	920
696	941
203	850
137	996
821	915
598	539
137	866
2	994
397	656
981	964
335	553
930	938
189	802
776	668
890	930
943	905
130	842
892	792
408	593
314	841
574	526
628	637
397	576
566	578
393	500
441	418
108	779
950	966
94	893
870	912
133	831
762	806
603	663
891	733
165	981
623	349
602	581
145	978
801	898
56	820
876	896
11	741
500	504
593	468
770	786
464	645
769	798
666	384
13	674
430	470
561	453
830	711
540	373
903	904
654	585
427	483
197	934
462	488
229	688
23	878
26	871
481	453
915	761
195	910
553	344
105	666
609	456
874	856
247	973
327	773
134	923
297	918
426	565
304	715
271	946
582	537
293	880
643	553
138	828
547	560
913	795
955	875
47	724
732	764
260	975
882	995
282	736
986	666
525	481
979	927
645	502
210	943
756	940
728	922
747	880
179	979
711	984
119	798
646	513
570	522
151	690
989	773
360	555
576	583
728	846
564	411
557	597
903	865
659	509
842	668
949	852
634	496
708	965
186	781
781	993
196	836
112	804
390	612
98	707
498	509
212	767
388	537
400	590
971	782
349	576
140	708
991	856
449	392
423	382
237	695
179	911
894	735
109	805
892	838
586	588
182	924
126	998
285	879
988	716
77	834
995	692
403	432
193	734
271	738
964	964
111	726
400	431
338	354
274	687
251	874
743	784
610	463
72	682
723	798
398	559
299	743
484	656
552	430
30	667
441	588
637	452
614	493
590	427
168	771
84	785
217	769
725	716
19	904
542	607
315	723
491	400
407	382
726	949
205	701
580	362
159	745
725	804
86	871
120	713
122	939
86	976
206	775
428	619
700	972
279	880
730	899
704	961
597	663
967	703
914	689
646	587
762	831
545	372
570	652
294	865
180	824
997	762
552	525
435	429
305	667
946	686
624	369
613	559
925	975
132	683
130	856
921	803
276	692
626	652
60	951
21	719
707	811
458	614
74	767
103	808
748	820
410	375
586	391
591	480
255	819
515	410
997	857
81	866
754	986
553	608
110	954
320	852
417	513
592	343
200	966
708	909
910	881
476	507
326	990
43	779
546	578
49	783
745	876
838	817
793	785
471	557
52	836
660	458
955	706
209	879
689	846
247	741
86	901
919	813
324	681
164	981
385	643
256	772
98	891
426	627
544	405
518	526
639	368
537	420
713	852
568	593
53	686
54	930
480	543
16	869
424	615
668	992
792	911
936	889
980	758
697	767
943	675
100	806
701	779
102	843
848	730
998	953
345	509
133	742
787	696
167	928
798	912
230	667
305	834
965	692
130	976
183	668
13	923
434	494
60	997
247	750
856	872
208	827
713	841
560	629
649	532
334	570
202	816
955	966
787	995
517	456
904	759
356	603
469	635
639	625
16	777
286	967
13	906
476	546
479	427
371	631
932	736
855	846
978	865
518	441
411	567
968	777
58	822
842	857
640	418
936	786
903	928
978	969
361	370
631	518
8	852
541	620
738	791
367	352
174	883
216	889
291	966
848	941
470	530
602	436
355	636
895	854
608	527
698	980
375	469
166	802
533	551
187	882
986	994
334	588
698	906
728	820
19	855
982	684
111	975
273	916
765	685
919	798
635	398
761	680
253	808
261	832
810	961
504	558
566	414
630	506
960	718
411	584
817	830
587	434
780	807
700	719
104	880
458	362
407	360
972	691
658	611
163	752
595	534
295	737
324	846
313	782
70	934
175	870
116	839
240	809
92	766
284	803
807	749
877	990
967	992
817	935
586	395
285	984
507	402
89	992
74	754
333	809
319	945
106	834
259	784
329	764
504	462
787	809
102	740
231	961
824	998
485	413
611	481
790	864
85	822
369	661
781	829
919	881
535	345
915	983
32	915
784	994
235	828
823	863
826	728
882	673
483	402
206	912
600	387
942	700
939	692
765	772
830	882
347	504
506	337
328	879
379	644
352	562
324	853
828	943
633	334
510	565
67	961
806	781
455	524
997	983
567	404
984	941
920	771
845	752
16	954
448	616
609	572
421	660
786	988
207	944
26	905
929	933
156	786
734	681
972	694
94	782
256	759
820	704
821	732
842	757
576	643
422	401
83	706
424	514
674	794
610	546
283	778
459	393
100	826
296	859
813	684
795	678
770	858
781	930
951	895
878	913
648	503
547	462
298	897
588	520
325	743
191	900
396	542
902	925
360	509
884	857
765	934
576	374
785	715
193	952
88	914
998	758
752	697
613	346
360	647
445	656
614	427
931	969
961	889
426	643
427	551
769	757
294	685
24	933
27	692
768	693
683	812
999	886
124	741
963	925
33	989
840	728
770	949
100	719
533	402
349	559
978	679
488	476
592	559
341	390
456	339
705	909
748	778
69	963
596	593
793	692
711	986
961	858
217	821
485	558
823	802
110	822
545	441
750	822
42	841
361	590
748	805
18	787
230	884
429	631
737	900
988	888
85	832
628	625
390	560
892	936
710	899
781	813
857	728
487	641
652	393
99	933
262	701
661	568
102	891
246	726
410	450
482	512
500	592
407	666
933	907
855	688
228	695
39	712
262	817
783	949
891	673
6	813
90	896
392	579
713	704
79	897
174	993
692	906
631	439
803	911
774	994
516	528
951	887
294	745
667	758
645	459
301	817
921	676
240	841
638	614
833	837
495	405
161	991
612	374
86	837
149	801
466	616
576	564
20	933
332	863
717	841
796	991
188	963
355	514
159	691
905	879
35	997
787	864
394	434
290	898
536	609
540	626
748	883
426	334
684	983
815	786
908	817
895	719
185	920
877	832
414	473
435	477
266	893
597	350
532	521
563	626
841	685
954	746
910	920
467	660
262	975
845	937
157	949
561	619
772	699
19	815
367	619
232	985
267	733
188	670
927	995
835	919
657	456
790	681
521	428
491	631
268	719
319	675
566	627
223	705
533	605
440	633
140	672
73	745
510	373
537	635
919	974
21	966
253	978
764	688
109	798
453	479
696	695
997	835
82	847
417	640
694	912
676	958
453	635
762	842
488	336
353	436
459	499
362	535
106	870
922	700
584	523
849	869
605	338
504	345
489	621
122	801
504	594
279	985
495	624
927	931
487	478
231	932
499	513
862	976
256	698
815	733
745	907
202	911
91	925
206	693
281	853
547	380
550	382
579	546
996	677
38	863
351	368
352	606
723	856
313	815
643	461
392	542
130	921
55	791
828	730
960	881
513	619
557	383
321	830
927	915
611	536
611	366
455	346
103	874
318	779
244	823
250	999
160	994
916	898
183	931
853	753
581	579
597	505
170	863
713	870
787	706
733	977
498	577
588	644
486	480
308	989
673	991
380	484
810	877
151	935
755	937
210	918
481	380
206	843
945	767
337	503
992	840
262	924
357	454
684	903
44	790
425	589
733	930
748	668
738	964
230	668
615	622
950	837
775	837
469	430
349	363
577	581
275	824
775	784
300	875
681	987
213	739
459	465
544	658
58	691
311	766
657	600
572	575
987	901
254	800
437	468
687	982
182	797
781	881
945	672
727	868
46	737
769	921
678	739
396	603
587	355
738	935
507	391
26	906
958	811
551	548
911	728
605	359
302	859
976	919
651	610
393	374
829	724
771	983
252	788
740	938
511	562
680	695
408	498
409	533
499	582
713	743
894	947
259	718
600	379
334	487
151	818
642	599
566	649
456	601
547	556
902	694
204	831
389	566
928	891
572	454
781	960
767	953
248	727
788	846
505	563
330	945
779	893
488	379
203	932
116	729
261	807
342	395
707	702
505	539
805	824
842	831
681	975
964	682
747	675
547	373
843	841
535	548
521	437
65	824
520	589
676	909
550	643
638	434
818	709
90	675
348	360
543	633
614	338
239	957
337	418
605	636
642	460
940	749
952	948
268	775
467	556
12	847
495	622
953	853
964	728
238	872
634	461
501	566
642	430
918	914
709	758
320	872
960	919
596	397
559	365
246	840
333	451
161	672
284	964
601	426
68	819
496	548
960	873
826	933
696	876
371	510
321	799
28	857
33	844
712	732
527	636
10	874
688	959
771	771
238	724
210	686
89	911
700	900
223	680
453	484
835	764
264	680
614	388
353	588
953	698
578	518
524	333
469	378
405	357
495	509
386	351
84	804
607	440
785	721
816	987
154	705
269	857
556	583
122	731
685	954
216	855
924	987
269	854
212	737
113	768
651	510
175	980
83	695
984	883
187	713
759	943
198	875
410	597
256	953
915	785
216	733
545	403
687	728
615	355
788	799
213	925
341	419
568	384
72	951
525	505
791	998
29	759
418	476
587	403
739	890
298	771
789	737
629	458
211	879
749	717
879	968
275	850
52	681
183	879
608	590
381	416
980	666
441	598
264	699
38	844
111	699
415	367
24	765
632	355
481	586
281	691
140	956
632	601
207	909
386	658
15	928
593	351
254	907
289	740
502	350
591	604
332	938
970	816
199	886
19	960
437	408
276	886
496	452
373	393
573	452
708	715
928	683
442	592
499	457
866	926
682	881
71	944
823	918
316	961
48	983
881	747
295	761
432	371
251	670
592	338
876	844
153	835
123	917
679	865
54	904
572	576
800	931
982	687
359	363
733	980
779	880
411	404
288	736
624	570
322	933
949	741
815	700
318	972
222	796
900	896
564	377
247	935
768	802
446	423
409	535
936	995
42	712
183	776
884	856
759	680
634	471
575	551
127	891
624	608
989	846
357	591
924	673
252	796
860	785
675	828
109	856
536	623
658	614
281	979
806	826
427	403
929	734
328	827
907	786
316	738
972	768
427	651
6	840
947	973
101	909
506	385
900	784
371	412
860	947
923	820
153	905
368	640
657	427
82	975
384	573
826	672
604	526
202	895
817	968
323	765
297	930
613	420
512	374
123	749
631	409
650	519
182	909
838	831
104	720
698	867
838	726
657	531
13	744
381	586
594	541
15	942
48	785
136	740
265	720
199	773
440	479
699	844
808	946
250	974
382	563
519	352
187	707
389	510
506	550
528	390
935	989
561	560
839	885
299	681
761	913
499	599
2	892
726	850
851	694
789	828
92	879
236	802
307	997
544	384
679	698
647	596
143	766
522	558
694	710
39	917
194	862
269	986
392	347
941	953
87	773
942	789
785	720
942	907
968	884
79	835
434	521
526	601
23	979
133	914
666	965
152	789
557	357
226	919
276	780
660	528
301	794
548	588
172	942
912	707
520	662
82	782
598	367
33	950
355	654
838	807
791	963
806	830
410	529
236	759
210	878
349	524
835	885
320	930
830	698
910	687
665	445
279	972
526	388
528	398
980	764
425	550
177	802
163	883
877	971
314	767
481	616
154	927
204	773
284	811
939	858
884	893
971	682
236	765
270	673
828	908
526	608
775	684
534	401
648	362
673	704
172	968
931	930
942	835
449	540
227	715
55	817
90	972
56	921
677	837
367	466
717	742
860	877
194	850
461	348
474	661
921	923
980	828
29	703
788	721
157	671
99	910
123	944
757	691
53	748
207	775
457	387
592	364
755	700
537	485
394	512
356	376
776	787
115	828
227	737
30	897
576	626
366	605
434	422
706	926
781	800
36	793
982	867
5	768
435	499
921	804
753	840
502	401
130	950
971	984
918	891
486	380
722	973
219	787
522	419
788	825
328	674
79	834
640	371
201	748
177	710
458	556
365	422
792	990
388	539
611	534
419	453
850	730
118	940
515	661
918	921
574	630
314	716
526	440
338	612
246	713
767	667
730	952
971	932
394	664
396	390
875	722
206	951
221	812
708	672
638	640
273	775
213	923
217	687
221	944
654	504
448	579
381	501
267	729
840	927
793	956
57	917
58	847
706	893
542	642
213	950
942	854
414	625
430	432
780	952
570	439
869	881
924	687
257	792
418	375
786	962
628	409
266	907
368	479
75	991
632	460
332	924
804	788
753	927
606	623
689	953
727	945
239	736
83	870
704	767
105	741
64	814
634	360
887	943
882	710
319	745
204	964
573	629
776	720
20	775
125	931
928	761
884	833
98	995
807	971
753	762
263	940
568	478
194	983
709	736
175	811
177	788
160	738
41	953
921	907
340	566
554	549
168	743
242	699
995	787
680	712
588	485
731	805
119	953
534	575
688	825
587	364
373	648
908	805
525	496
225	721
896	783
250	898
430	526
655	416
790	718
425	512
110	769
653	640
175	826
348	649
73	759
995	954
682	959
922	929
196	703
828	841
518	346
343	479
381	605
601	517
273	999
764	956
927	973
414	486
399	386
339	473
533	338
584	422
936	904
265	847
557	653
211	693
734	910
830	834
439	578
392	419
984	716
373	563
117	811
88	767
621	504
475	592
84	929
634	612
346	372
884	911
809	856
336	515
975	798
275	946
963	935
443	564
932	698
618	474
718	996
582	664
331	928
773	995
782	914
561	488
83	733
655	535
176	739
185	719
266	830
699	714
627	616
943	993
578	422
299	856
386	512
386	639
81	699
675	946
993	966
236	819
46	897
372	417
624	617
560	446
164	951
568	525
958	878
794	863
682	804
74	796
287	930
608	392
851	894
399	377
111	840
786	916
120	905
598	494
670	771
737	985
372	404
675	867
105	890
886	697
659	656
792	887
88	698
881	943
204	893
245	951
295	816
427	338
12	844
182	918
645	584
456	642
536	556
204	729
690	723
231	710
777	756
692	892
318	988
357	446
568	504
131	944
502	496
150	907
692	915
645	478
746	769
192	882
978	795
355	458
621	643
947	865
826	788
146	820
152	785
248	975
11	925
361	603
307	835
144	668
771	783
530	629
957	669
577	455
487	520
851	804
419	513
943	992
993	814
532	444
480	600
169	704
301	673
970	742
261	859
146	857
778	890
877	800
126	930
965	812
448	442
523	402
899	677
857	918
330	939
652	610
252	916
39	810
153	902
304	775
42	943
871	778
329	809
692	938
758	765
677	802
306	845
448	471
362	362
726	933
867	911
872	994
604	338
187	788
764	696
168	773
751	777
979	782
222	739
337	466
606	389
850	792
184	992
301	916
969	999
511	382
876	906
988	982
287	885
909	693
149	934
714	838
249	790
260	761
527	507
411	354
849	987
487	592
462	478
640	352
969	856
801	875
296	775
570	386
159	968
833	834
448	499
746	721
399	437
439	439
681	672
993	930
705	769
422	466
55	849
36	901
486	510
326	822
827	764
905	783
457	392
862	826
155	675
480	353
629	390
724	855
749	804
70	870
685	774
594	583
528	411
201	699
535	463
529	393
126	708
296	886
74	741
153	828
86	907
287	951
949	870
150	681
353	653
654	506
567	629
821	799
998	749
159	926
274	777
451	378
25	981
117	979
355	583
868	673
991	747
120	789
325	832
732	862
27	809
137	963
213	777
11	829
239	776
137	721
348	473
65	760
153	789
428	387
528	631
215	833
344	662
135	687
608	362
123	743
48	922
482	476
118	786
317	908
801	777
612	646
251	922
863	761
679	697
554	405
43	862
883	713
905	722
455	618
105	708
140	695
499	394
10	940
95	693
775	898
214	912
278	898
248	894
776	992
647	451
754	895
308	954
290	835
940	702
728	801
369	567
961	824
789	853
203	844
896	727
685	879
904	824
541	618
25	910
519	586
518	527
609	506
319	779
479	477
959	711
210	784
133	859
540	337
326	769
436	664
942	838
434	487
115	911
702	681
28	813
68	875
893	998
734	690
312	736
162	768
84	816
5	838
919	976
30	757
137	730
654	339
801	810
718	975
283	716
83	916
889	885
983	930
33	678
388	445
758	698
624	546
892	922
825	848
466	364
285	970
85	900
156	948
504	373
993	719
778	698
705	946
789	944
799	766
921	689
764	728
628	508
40	889
622	537
55	946
140	880
370	359
600	474
503	408
732	798
205	725
822	808
25	902
753	872
542	601
495	423
825	905
918	874
440	341
423	653
921	839
887	872
650	421
647	655
703	753
426	573
437	484
849	991
849	935
181	962
291	778
903	986
689	877
278	789
175	767
915	949
122	766
564	554
90	843
104	788
899	772
165	922
272	860
610	392
388	398
298	697
460	388
878	888
369	419
735	692
175	981
934	748
704	705
360	561
120	780
386	429
962	705
303	856
370	372
764	832
979	862
279	829
366	353
612	473
959	870
579	520
268	739
589	522
723	922
531	587
507	349
58	757
496	427
992	893
107	730
627	483
526	525
682	723
354	406
206	761
877	858
305	720
438	553
742	760
133	679
548	660
600	404
743	890
220	760
806	883
911	887
859	729
912	782
399	366
342	545
261	667
422	459
94	755
146	916
161	920
87	724
602	335
960	683
427	580
353	612
985	780
747	964
431	461
699	908
232	989
948	985
693	719
421	495
558	570
839	721
248	784
824	747
367	505
794	978
573	666
39	966
710	718
90	683
74	841
198	714
327	881
496	599
122	840
15	931
300	823
595	460
107	672
622	353
96	936
58	871
549	537
327	878
75	803
534	491
315	779
806	898
273	904
962	852
525	516
622	429
40	891
590	592
937	749
706	912
496	368
699	951
575	346
249	952
854	902
127	730
612	392
398	630
374	597
533	504
145	875
894	680
242	844
289	951
827	928
991	947
235	667
548	484
561	401
27	732
828	693
442	412
199	980
245	711
561	414
317	779
886	904
923	761
532	358
178	919
310	754
474	380
970	978
744	959
652	365
515	483
593	472
893	764
598	530
156	725
452	541
131	725
441	570
719	858
581	498
64	785
186	919
94	986
400	646
64	761
566	542
296	842
472	433
334	334
285	922
783	878
901	735
689	822
879	673
491	445
588	541
937	966
571	407
238	850
88	806
986	875
517	379
624	622
957	880
832	791
978	951
839	728
152	721
106	891
76	777
875	941
504	367
428	497
463	517
834	873
384	373
517	600
1	712
546	576
657	639
926	966
981	733
824	743
762	681
679	719
622	610
78	994
826	745
612	484
888	865
934	766
302	812
801	853
846	987
588	396
400	600
443	631
288	885
221	721
51	992
384	644
364	406
679	693
336	458
337	584
590	379
622	408
537	634
925	900
934	698
811	838
414	611
669	714
539	641
399	599
457	405
706	811
877	922
531	416
761	667
93	813
904	725
295	731
132	780
216	980
719	814
618	601
443	597
248	802
966	947
998	801
119	768
595	396
360	513
739	875
853	862
475	453
479	428
948	938
614	373
34	776
570	561
654	647
266	915
14	825
989	702
141	975
318	717
501	414
385	405
16	868
444	334
237	945
35	833
435	434
96	729
502	574
525	340
910	937
563	544
530	579
701	667
845	855
710	712
123	978
66	825
368	411
339	348
666	399
557	453
859	773
364	628
525	580
36	893
437	337
872	969
805	723
962	798
738	960
982	793
982	834
453	566
629	356
924	852
179	949
534	490
85	892
192	672
995	920
630	633
600	352
427	423
52	692
796	824
695	727
777	666
757	985
31	888
482	425
728	806
331	722
370	357
483	638
826	691
881	799
579	373
53	796
296	843
268	837
926	761
497	548
881	667
897	889
437	665
985	933
164	892
338	355
810	917
89	878
747	995
394	400
809	887
489	643
515	645
850	820
977	729
332	906
473	563
905	666
281	761
449	635
733	681
252	859
111	884
955	674
871	674
422	419
595	334
265	850
176	850
928	794
684	718
235	772
849	745
700	717
327	857
305	944
683	757
336	540
494	469
966	857
360	362
480	356
562	567
523	359
126	740
609	375
315	737
711	799
777	713
573	525
413	534
912	694
576	582
267	697
395	503
10	876
325	735
819	701
139	984
134	795
274	766
694	705
264	784
68	873
732	785
842	821
620	623
18	680
931	706
134	996
465	503
433	564
268	892
70	761
257	751
146	822
424	402
952	927
904	921
307	766
391	578
816	804
176	681
294	812
959	861
466	462
15	950
917	692
766	923
317	810
845	970
370	535
545	481
677	771
799	866
67	947
82	876
845	802
966	856
97	810
842	985
284	749
791	769
876	746
524	477
506	576
331	833
421	623
405	562
603	647
774	978
433	544
214	684
147	848
39	857
579	530
435	507
675	928
485	341
580	502
519	407
268	817
107	853
78	919
812	998
651	511
321	980
262	769
178	699
179	963
901	827
923	712
18	737
931	777
34	910
199	940
645	403
257	785
125	776
383	429
204	858
867	742
589	632
688	699
220	775
498	497
48	873
6	736
69	692
309	783
192	966
159	942
746	838
556	352
14	992
627	438
975	890
152	908
278	932
314	927
29	736
810	940
975	909
639	442
664	537
413	504
445	371
128	965
758	819
557	602
2	904
75	729
967	930
627	368
284	820
983	862
90	866
105	991
196	949
940	698
893	883
769	877
412	449
997	961
820	957
550	461
321	892
970	833
580	486
734	996
343	481
35	745
434	622
600	447
413	419
319	834
272	791
426	621
631	349
263	958
274	932
479	611
76	796
76	679
759	895
998	690
336	406
901	767
882	910
313	795
582	534
504	426
946	705
364	524
398	599
922	912
489	619
336	613
194	960
582	648
663	504
84	994
954	687
514	564
563	346
430	634
217	740
319	993
120	996
631	460
835	675
298	730
69	988
801	944
210	767
995	882
54	689
769	937
899	959
935	682
434	644
709	679
410	429
133	985
852	823
859	798
373	639
919	787
592	345
680	808
373	633
517	649
728	797
299	774
294	805
727	681
770	990
529	637
845	768
683	957
717	914
491	567
453	340
385	433
727	849
191	729
516	338
197	758
253	958
933	859
10	984
26	846
778	692
341	428
740	833
119	889
287	683
671	862
33	850
301	680
229	888
734	735
820	865
375	638
68	898
293	691
870	685
242	957
519	430
978	984
537	629
161	840
436	445
441	625
449	640
789	882
348	646
8	980
494	537
502	475
904	977
193	954
175	744
50	719
403	642
949	719
560	377
707	973
844	993
792	732
342	665
146	735
330	969
621	577
777	675
236	893
730	968
816	856
891	797
803	667
745	719
982	877
534	634
946	716
159	708
960	744
588	632
269	813
186	982
572	434
35	836
601	643
509	548
384	398
305	891
917	772
654	369
483	449
478	595
791	970
772	696
554	663
556	618
480	583
251	857
164	868
851	959
855	795
138	988
65	831
339	660
961	982
827	966
171	778
75	925
734	773
878	780
101	744
690	828
366	636
169	759
152	797
184	785
776	734
840	961
188	768
329	817
215	873
761	684
545	498
967	876
115	823
4	905
404	398
154	840
231	709
380	422
288	865
64	992
8	758
241	734
386	426
588	645
287	795
389	433
334	425
942	740
713	900
983	792
81	845
110	904
773	905
714	739
846	766
999	677
122	759
867	697
70	771
284	924
497	573
860	812
140	677
96	899
87	978
160	839
596	486
380	400
654	484
682	952
654	431
369	418
251	674
860	884
286	763
6	954
244	677
944	930
622	452
483	640
22	918
849	986
650	561
654	432
836	999
354	362
914	682
565	511
662	410
150	952
641	571
518	501
423	473
920	947
778	754
555	551
757	895
193	775
200	876
332	981
107	815
143	670
834	979
602	443
945	946
722	954
505	349
565	457
363	359
728	795
933	707
208	700
598	408
948	815
777	723
68	951
343	416
486	418
196	958
919	774
309	749
925	878
914	822
271	698
392	389
279	875
303	921
76	784
72	948
954	908
916	807
675	735
217	841
804	846
414	632
908	877
635	498
605	656
585	617
185	717
22	881
736	848
755	857
544	364
344	407
530	619
340	416
906	721
481	486
866	773
483	462
529	575
989	814
533	566
263	973
82	811
923	823
602	477
682	734
178	958
361	535
374	531
145	893
232	890
820	884
431	481
510	405
257	686
792	936
835	692
221	910
772	737
537	419
362	401
815	846
66	889
978	782
744	689
477	499
34	808
443	548
423	333
650	379
263	753
954	694
677	740
807	995
317	732
403	500
871	929
757	769
612	450
55	793
751	713
168	750
224	698
959	923
256	726
317	888
522	570
3	766
965	897
934	758
562	591
661	511
455	520
168	807
437	462
38	952
793	816
898	934
378	411
423	464
258	763
267	880
775	744
653	628
24	712
446	527
911	958
595	383
211	792
971	686
202	804
951	685
423	392
276	909
676	944
695	964
111	995
533	478
60	884
287	955
633	601
716	853
186	710
109	907
871	931
960	840
581	595
758	735
547	572
253	794
148	951
552	472
55	748
840	840
38	716
954	727
802	863
85	733
561	530
975	745
618	381
834	878
313	895
947	864
125	930
464	453
527	434
874	809
653	438
873	914
946	971
799	997
100	761
796	871
751	978
14	820
44	709
801	984
958	990
603	540
775	728
664	607
222	675
688	871
838	956
557	494
838	732
460	394
617	481
879	709
372	434
855	917
958	948
14	899
272	697
531	571
303	827
696	963
547	561
703	884
297	767
911	873
370	639
323	688
584	504
777	948
26	709
182	999
606	580
192	677
453	424
158	802
559	552
108	942
24	778
930	680
961	988
960	792
557	388
657	589
150	686
799	761
410	340
566	348
157	740
611	658
40	970
759	808
987	803
153	916
531	404
538	518
630	370
942	956
749	690
431	646
333	403
824	919
487	623
656	339
230	858
231	824
392	539
652	345
215	677
433	626
293	680
33	755
652	556
846	712
334	598
16	934
22	954
397	471
288	935
28	783
892	776
872	687
424	337
886	911
532	556
77	681
604	404
910	793
648	510
620	361
32	717
933	983
559	551
794	725
259	856
306	699
438	396
7	748
932	763
389	464
215	929
179	697
378	639
200	746
542	430
525	372
791	870
318	912
742	851
514	430
607	396
288	874
450	365
523	666
319	880
615	392
574	493
149	682
530	543
825	696
238	670
874	932
600	386
454	655
342	521
271	886
484	572
270	732
723	785
417	490
691	689
248	859
893	947
715	998
777	897
535	380
761	989
936	697
410	565
858	722
447	554
409	537
278	845
341	545
204	937
360	360
298	890
943	927
850	817
344	610
398	460
387	401
377	423
775	803
834	753
309	713
53	744
366	450
395	629
268	737
420	391
922	875
711	787
617	625
259	740
843	725
603	389
207	755
452	623
576	419
121	837
26	879
263	981
445	444
230	825
936	952
667	766
761	693
967	797
439	541
869	838
545	551
515	648
752	683
658	418
906	841
671	922
911	813
226	676
163	690
541	629
757	719
137	968
709	888
179	760
660	353
70	762
748	966
311	862
358	539
945	669
891	890
622	435
998	920
990	754
869	686
691	914
263	724
132	735
75	927
979	767
968	800
837	967
210	672
599	380
68	887
611	456
756	842
963	710
226	930
744	971
479	444
368	530
967	970
586	598
521	522
853	765
463	492
539	564
272	990
280	892
900	825
771	717
394	379
144	840
268	915
785	792
626	628
300	945
510	369
760	945
73	774
365	565
626	572
396	612
457	587
105	957
663	648
908	702
894	790
226	992
604	560
68	952
484	431
185	831
320	816
719	791
368	576
563	631
129	918
150	818
527	340
599	445
880	903
687	876
773	746
954	878
887	840
610	437
633	579
830	748
751	668
344	514
128	726
614	349
399	558
552	654
61	892
464	366
955	740
220	956
775	767
716	941
140	897
809	745
597	574
394	463
462	376
822	837
612	544
941	849
803	973
453	372
782	714
651	394
338	574
839	868
717	970
459	429
509	550
152	777
766	935
194	874
179	986
14	669
914	763
235	819
711	911
652	421
781	691
648	439
202	916
776	771
898	688
227	837
294	714
76	984
881	828
741	872
11	869
401	452
856	970
983	932
733	718
201	952
93	994
611	353
890	796
853	943
784	680
752	900
749	834
702	755
463	493
277	978
990	790
859	975
597	646
565	664
673	868
425	430
842	838
426	433
720	737
137	931
17	725
462	662
313	996
787	678
409	481
179	937
711	993
811	670
561	469
409	620
425	569
617	467
560	340
7	947
209	835
127	757
868	925
734	999
459	383
494	661
140	734
594	505
966	966
384	433
47	741
792	802
40	958
205	717
646	346
135	767
427	507
14	937
982	802
930	841
23	771
565	342
645	479
886	969
248	829
76	919
958	954
813	944
202	666
179	878
967	680
58	984
523	450
348	589
64	835
382	409
862	867
225	968
68	888
260	939
204	732
988	815
409	454
98	907
803	694
735	944
22	802
898	829
356	650
803	981
933	922
924	785
121	838
155	706
284	769
532	558
305	836
911	988
666	486
979	814
442	387
459	413
450	382
424	641
953	847
448	491
981	907
221	978
8	864
65	801
815	746
33	774
15	846
795	816
456	586
571	351
129	872
608	355
653	359
458	389
587	387
138	978
334	553
306	809
679	827
639	383
436	431
983	716
60	816
692	871
629	654
991	919
574	522
803	886
353	343
249	682
93	789
524	597
13	759
100	963
83	731
654	654
259	883
415	424
991	950
850	895
607	543
914	734
715	903
153	783
225	935
837	868
418	425
181	729
233	688
979	763
131	704
723	696
315	885
540	375
925	967
433	563
558	341
706	769
504	512
274	819
233	934
380	374
569	553
15	691
22	865
59	955
434	374
456	529
630	619
11	725
184	699
65	724
469	419
323	759
436	515
500	580
526	473
983	693
629	501
253	886
735	832
249	819
636	446
162	754
679	862
692	896
784	847
323	966
43	815
993	801
532	592
350	393
613	640
112	823
386	548
378	486
488	363
923	851
985	726
807	777
851	708
23	842
790	812
314	999
821	760
503	402
432	609
69	725
696	778
680	899
522	656
880	912
905	931
248	667
571	581
671	901
594	363
704	692
158	718
661	494
152	971
535	478
62	855
367	481
806	860
555	621
152	869
132	813
96	758
142	998
733	735
843	811
855	910
676	737
728	743
737	984
715	946
136	901
196	920
862	880
542	622
297	944
669	834
270	926
716	881
859	726
828	760
639	490
528	514
85	962
48	831
451	654
987	745
863	906
472	333
294	977
445	465
908	684
450	632
521	365
178	848
264	959
990	988
623	645
862	993
482	492
982	885
443	451
362	636
605	436
944	994
14	846
217	845
21	989
120	729
858	920
123	971
85	803
76	847
226	901
817	927
970	810
59	929
304	829
434	635
746	755
852	864
832	923
418	466
996	841
157	993
797	731
679	844
368	445
228	785
83	821
273	856
837	930
829	796
809	813
850	745
857	899
754	824
296	736
688	790
52	730
288	973
333	587
235	932
917	101
657	84
518	215
144	118
827	153
730	179
901	170
847	6
63	482
694	613
917	211
870	462
175	518
622	837
924	619
973	3
764	139
321	129
242	430
162	183
963	215
767	144
827	394
996	139
759	600
470	113
786	441
931	45
338	197
651	964
575	680
743	341
750	215
839	421
407	106
217	460
184	314
786	345
403	259
467	175
56	185
153	245
305	397
623	871
20	349
112	205
812	390
527	889
209	545
179	66
831	204
396	862
866	98
419	792
616	93
18	71
369	820
627	975
877	355
303	555
361	710
415	312
865	474
696	105
794	381
37	163
613	686
34	81
676	488
267	268
429	54
420	685
565	959
741	168
315	531
628	830
802	506
332	452
101	481
629	244
642	848
188	477
568	208
453	757
29	176
692	561
758	178
381	137
724	288
88	500
590	113
868	396
672	661
604	933
608	288
73	423
186	545
55	645
40	324
738	467
773	518
189	323
93	339
427	788
91	285
422	911
43	584
368	934
945	58
111	495
796	374
926	315
254	638
6	188
244	585
194	387
949	122
130	192
634	858
238	469
602	272
236	565
673	475
192	63
643	175
780	478
707	312
459	221
220	312
604	691
463	751
931	176
516	672
515	986
190	439
950	118
81	333
923	313
468	982
67	604
999	290
514	119
216	616
197	141
222	410
96	60
872	382
589	111
535	751
581	882
179	265
219	586
584	36
678	8
437	35
866	370
875	568
966	453
504	723
38	55
336	936
671	402
42	158
441	907
775	193
859	572
19	125
496	936
977	110
901	147
420	708
897	565
118	640
328	188
896	495
728	345
398	139
676	503
253	604
193	194
179	110
341	261
702	197
861	60
134	186
280	123
555	847
940	499
369	994
587	900
539	28
669	59
931	179
233	227
677	155
950	554
119	665
986	302
643	832
38	265
903	101
887	44
753	656
289	410
928	643
180	152
74	581
4	472
764	599
4	141
57	436
425	964
209	131
467	118
56	382
838	514
815	72
19	71
847	589
617	128
644	690
126	211
921	582
178	247
546	853
241	120
106	284
878	261
887	520
99	356
36	144
751	612
343	159
142	322
563	857
716	196
939	546
946	377
888	376
198	404
905	161
733	249
79	429
753	10
374	317
901	111
716	253
61	232
255	165
793	275
960	149
90	463
595	889
898	657
389	713
695	659
131	368
691	250
19	186
607	826
269	395
221	638
494	685
413	692
230	156
12	348
227	180
542	975
801	408
240	133
935	169
861	17
933	347
25	608
216	500
850	127
156	403
509	215
486	745
416	165
19	449
327	9
395	62
423	721
647	873
875	193
800	67
541	770
817	114
923	2
921	266
427	729
442	846
656	97
782	353
417	705
303	235
806	416
997	1
713	526
604	871
63	441
403	125
155	303
163	560
451	146
270	535
277	302
62	111
175	265
400	71
536	739
968	52
678	74
334	148
968	631
160	63
49	70
455	891
584	157
811	21
181	229
289	290
128	222
602	329
364	268
905	288
87	92
983	580
375	938
10	200
130	70
583	244
517	677
915	471
250	209
193	540
216	86
218	615
395	749
766	248
559	769
408	853
764	128
441	254
195	2
52	489
645	762
22	427
522	324
221	515
249	589
137	562
766	431
505	61
641	745
682	624
573	154
660	894
794	72
412	909
527	234
760	519
409	779
350	947
478	204
560	69
463	324
694	409
303	629
590	250
500	777
943	11
109	61
777	607
62	142
60	421
937	96
435	231
311	42
714	23
586	749
772	318
961	436
66	244
941	343
263	103
252	391
525	693
163	406
192	314
876	504
53	243
317	285
45	175
584	982
442	866
45	274
603	284
365	772
251	436
911	308
732	566
469	87
115	38
0	566
779	117
635	145
304	306
897	460
146	648
199	45
577	25
423	885
277	325
200	419
443	901
793	483
311	489
638	209
936	582
467	95
235	51
520	316
174	194
642	779
121	8
780	461
795	251
265	557
307	550
495	26
545	9
334	253
755	274
746	320
384	836
310	287
732	464
548	961
976	570
675	13
715	187
336	162
618	798
978	531
550	233
317	445
240	50
885	589
453	188
582	688
986	23
196	271
958	135
172	417
133	490
943	84
781	550
269	81
4	477
948	404
812	589
74	346
906	412
408	802
938	357
682	357
554	763
796	436
956	181
612	212
168	433
491	281
715	16
765	370
26	408
355	826
31	584
920	492
938	96
255	153
63	276
825	353
40	475
383	840
402	284
229	450
789	94
657	330
584	291
284	324
959	59
397	99
80	648
94	449
852	611
246	620
460	5
752	16
797	2
65	188
29	231
54	393
777	494
826	345
120	402
251	68
263	501
447	865
132	487
494	61
87	206
400	788
63	381
85	90
945	463
0	436
964	126
141	97
879	105
39	113
759	91
781	202
967	489
222	618
648	718
491	770
62	177
435	866
541	320
380	993
253	562
841	36
529	762
822	661
240	501
5	211
305	258
891	118
6	18
862	567
638	45
325	319
147	531
538	801
427	757
294	23
231	362
333	179
135	524
407	323
363	946
12	274
169	568
753	450
219	341
623	125
442	831
325	636
59	221
318	578
910	39
568	269
325	211
490	855
441	263
549	17
534	940
581	24
140	85
554	82
445	772
905	645
306	234
998	406
943	614
943	582
275	42
960	58
131	612
453	9
717	434
223	596
949	629
443	863
456	851
482	871
110	121
17	477
779	380
539	727
110	510
123	597
356	185
833	623
810	29
475	180
827	277
422	332
389	282
364	793
830	327
481	278
711	115
69	322
243	211
148	620
107	640
737	452
683	41
23	451
462	210
961	624
513	816
332	256
577	687
689	428
86	478
528	105
983	528
306	628
601	320
262	563
97	227
231	56
800	223
177	601
526	214
673	410
671	428
556	934
325	574
878	447
870	446
845	103
471	968
980	277
892	209
908	494
96	203
26	3
754	218
740	80
298	499
59	338
426	251
189	540
836	469
628	714
580	206
671	137
828	307
573	67
633	15
377	221
552	929
977	308
713	35
845	591
685	111
12	62
543	815
2	37
846	205
737	289
12	608
765	328
875	192
876	624
466	109
485	998
688	567
555	130
543	55
903	19
727	90
893	561
832	120
799	285
570	974
569	983
917	178
272	311
917	438
152	489
720	162
357	847
765	138
4	50
854	466
172	474
620	919
244	195
214	153
103	544
141	286
396	24
555	773
643	225
480	104
899	286
139	665
723	212
691	39
809	628
259	651
699	320
874	519
161	439
776	559
301	620
5	597
167	523
405	821
99	323
837	513
844	640
941	490
799	66
249	544
791	20
859	355
437	173
314	20
63	249
602	190
948	507
670	438
62	61
209	459
226	480
936	600
444	297
978	322
381	127
764	7
723	181
915	624
833	346
266	167
326	113
414	115
575	312
87	73
129	166
719	584
720	486
710	662
142	41
952	173
245	8
130	88
311	84
997	435
908	332
362	268
642	720
72	336
625	170
188	102
464	38
590	970
525	283
702	276
891	225
262	393
195	43
290	410
282	520
195	54
971	375
676	369
716	114
776	576
989	75
832	412
367	134
988	371
719	521
529	274
566	254
565	292
140	341
861	539
199	538
268	445
699	619
343	886
513	196
792	457
996	15
471	937
970	389
905	498
390	261
605	75
179	173
712	363
965	309
685	660
4	28
64	141
488	211
969	309
578	19
52	345
55	650
58	449
357	845
398	144
546	682
233	89
114	239
440	144
544	759
15	157
246	272
166	307
817	303
884	334
838	364
189	389
703	130
237	297
39	363
31	405
16	233
897	626
79	64
556	836
549	213
150	494
34	59
337	199
500	103
66	41
337	285
375	890
657	142
317	437
824	309
110	392
904	626
54	348
138	326
23	394
806	73
171	497
113	143
319	413
684	99
853	168
133	268
159	220
450	807
305	383
934	273
447	742
387	281
830	514
483	25
782	348
172	459
101	564
613	202
494	253
965	186
487	79
631	952
407	746
236	241
361	152
519	903
987	222
770	300
186	345
801	648
120	545
647	876
650	776
459	320
38	458
715	564
32	529
787	448
608	113
503	255
411	328
737	130
542	89
290	307
816	553
816	619
398	147
664	132
577	801
141	444
519	984
876	509
997	237
652	796
808	485
954	537
536	304
633	745
804	338
492	192
679	350
209	175
573	861
644	174
269	131
475	112
567	848
242	25
746	643
660	8
317	222
916	435
744	62
241	115
3	479
679	616
439	245
482	927
497	783
826	586
213	209
680	174
431	868
14	318
555	322
555	249
96	660
532	718
515	257
68	26
536	144
457	41
103	195
270	284
595	114
416	14
209	357
353	701
527	27
245	351
725	533
765	573
445	305
702	321
480	213
753	647
603	991
963	64
675	77
650	223
280	95
883	319
280	502
542	887
689	24
462	137
668	3
228	435
171	275
189	257
352	107
946	152
737	172
611	172
57	490
956	3
170	293
227	579
598	977
904	247
524	107
881	574
441	75
522	28
306	420
115	148
320	437
780	172
465	921
291	355
703	402
141	169
505	997
96	378
175	621
219	448
571	693
746	567
385	284
750	204
290	256
332	199

150

400
400
400
400
400
400
400
400
400
400
400
400
400
400
400
400
400
400
400
400
400
400
400
400
400
400
400
400
400
400
400
400
400
400
400
400
400
400
400
400
400
400
400
400
400
400
400
400
400
400
400
400
400
400
400
400
400
400
400
400
400
400
400
400
400
400
400
400
400
400
400
400
400
400
400
400
400
400
400
400
400
400
400
400
400
400
400
400
400
400
400
400
400
400
400
400
400
400
400
400
400
400
400
400
400
400
400
400
400
400
400
400
400
400
400
400
400
400
400
400
400
400
400
400
400
400
400
400
400
400
400
400
400
400
400
400
400
400
400
400
400
400
400
400
400
400
400
400
400
400
400
400
400
400
400
400
400
400
400
400
400
400
400
400
400
400
400
400
400
400
400
400
400
400
400
400
400
400
400
400
400
400
400
400
400
400
400
400
400
400
400
400
400
400
400
400
400
400
400
400
400
400
400
400
400
400
400
400
400
400
400
400
400
400
400
400
400
400
400
400
400
400
400
400
400
400
400
400
400
400
400
400
400
400
400
400
400
400
400
400
400
400
400
400
400
400
400
400
400
400

10
12
19
13
12
17
12
11
13
16
17
15
13
16
10
12
12
18
14
12
18
10
12
17
15
11
15
19
13
10
12
10
15
11
14
19
17
14
11
17
12
10
10
13
16
13
20
16
16
10
16
11
20
11
17
16
10
16
13
16
14
13
16
15
17
13
17
18
19
15
19
11
11
11
15
13
19
19
20
14
11
13
13
14
20
12
15
20
18
19
19
15
19
12
14
12
12
15
13
12
20
17
18
20
20
12
10
17
16
15
15
20
11
15
17
14
15
10
15
19
18
10
20
10
10
16
18
15
13
20
19
14
18
20
12
11
10
17
18
13
10
16
16
19
18
11
19
18
14
19
20
14
14
15
20
13
17
16
16
14
19
16
16
18
17
18
16
20
20
18
13
10
10
15
14
12
12
14
17
17
13
14
14
18
11
12
17
13
15
11
20
17
18
13
18
16
15
13
13
12
11
11
16
15
15
14
14
11
13
13
10
10
18
17
15
12
11
10
15
18
15
19
14
17
17
15
18
15
19
14
18
20
20
20
13
19
17
19
14
15
17
14
13
13
16
18
10
12
18
19
20
16
10
15
18
20
18
10
11
15
14
13
12
20
18
15
12
11
15
16
10
19
11
19
13
19
12
15
16
13
11
12
16
16
18
19
14
15
16
11
19
11
12
17
18
11
15
17
19
11
10
17
12
16
13
12
18
15
17
20
20
16
13
10
15
15
19
12
14
19
17
13
13
16
15
19
14
17
17
15
20
11
17
19
12
12
19
13
14
14
17
10
10
18
17
11
16
17
15
19
15
11
20
13
12
11
15
17
13
16
19
11
19
11
18
18
19
16
18
17
10
11
18
12
15
13
12
15
14
15
15
15
17
11
13
14
13
16
18
15
16
15
19
13
13
14
20
20
19
13
13
14
11
12
17
17
19
17
10
12
14
11
20
12
15
10
11
20
15
11
20
13
11
16
19
13
12
12
20
10
10
17
10
16
11
11
13
13
16
18
19
15
15
13
17
12
13
11
19
14
11
14
19
16
15
13
10
20
13
11
14
12
16
17
14
18
16
18
12
11
13
12
13
13
13
13
17
13
15
14
10
10
17
11
19
12
20
10
13
18
17
20
17
12
16
14
12
19
13
11
13
12
11
17
20
16
19
10
13
18
13
19
16
11
14
18
18
12
10
15
16
12
20
12
12
13
10
13
11
19
13
19
12
12
18
20
10
10
10
13
13
12
15
10
14
15
18
12
13
15
18
11
15
13
14
19
14
20
10
12
13
12
14
16
14
18
18
12
19
20
18
16
10
15
14
20
14
14
10
20
13
18
13
17
18
19
15
18
17
12
17
10
18
17
18
14
17
10
17
17
19
13
14
11
15
10
14
14
17
17
11
12
14
17
16
10
17
12
19
10
18
17
20
14
20
13
14
17
17
11
11
19
19
14
10
11
19
19
12
17
20
15
15
20
16
17
20
20
17
20
18
13
16
17
15
10
18
13
12
10
11
20
15
15
18
15
16
14
18
12
20
12
20
10
10
15
14
16
12
12
11
19
12
16
11
12
12
18
12
11
14
14
11
18
13
14
10
12
17
10
20
13
10
14
10
18
13
19
11
20
17
18
18
13
13
12
14
18
14
17
12
20
16
17
19
10
15
19
15
10
18
13
19
11
11
19
10
15
17
20
20
14
10
10
10
13
14
10
16
13
11
16
10
12
14
20
17
13
20
19
20
19
20
11
12
14
10
11
10
15
10
15
20
18
17
14
18
10
15
12
13
15
11
19
17
11
15
10
15
12
19
17
17
12
19
14
20
14
13
17
19
13
15
19
17
17
18
13
10
15
11
10
12
20
10
10
17
11
15
17
18
20
19
18
11
11
14
20
11
10
19
18
13
12
15
14
16
10
13
13
12
17
18
14
12
11
18
17
17
20
15
12
14
12
20
19
13
20
17
17
16
11
19
13
18
19
12
16
15
18
10
12
12
11
20
14
20
11
12
19
12
18
13
13
14
16
16
20
13
15
18
20
17
12
17
11
12
14
14
19
13
20
19
18
11
14
11
19
10
11
18
18
17
17
17
10
14
10
20
17
13
16
14
17
20
11
18
10
17
17
12
16
18
17
20
20
12
14
10
13
16
20
20
13
15
15
17
20
18
17
18
15
10
14
10
12
16
14
16
17
19
13
19
14
10
20
12
17
19
15
13
12
16
10
20
18
15
10
11
14
13
14
10
20
18
10
20
20
17
19
15
15
17
19
10
19
17
19
14
11
16
15
13
11
17
14
18
10
14
14
12
13
19
18
13
20
13
16
14
17
15
12
18
16
15
11
16
19
14
18
19
15
18
18
11
14
10
13
17
13
11
11
16
18
10
19
20
20
20
20
11
12
19
10
12
10
10
18
19
15
14
14
18
19
19
13
19
10
11
14
16
12
15
16
19
18
17
15
10
10
13
14
16
13
11
10
15
16
18
14
12
11
11
12
18
12
15
19
15
15
11
15
15
19
20
15
15
16
15
11
17
18
16
18
16
12
10
15
18
11
12
16
17
14
14
20
15
14
14
17
14
15
11
20
15
12
15
15
12
15
19
10
10
13
11
16
10
14
16
13
10
19
17
16
13
17
15
11
14
10
19
16
19
15
20
11
14
15
20
13
20
18
13
19
18
18
12
16
14
18
20
18
12
11
10
19
11
13
12
20
19
15
15
17
16
19
11
19
16
18
17
13
20
14
18
11
11
10
15
19
14
15
13
13
18
13
10
18
17
20
12
20
10
19
10
20
19
20
17
13
13
20
14
13
19
11
12
11
12
10
20
18
10
16
18
19
17
20
18
15
13
19
13
11
10
16
17
12
15
15
19
17
16
17
15
20
19
20
18
14
11
20
16
13
18
15
13
19
15
14
20
13
13
15
14
19
19
16
17
19
13
13
12
14
13
19
18
10
15
19
12
16
16
18
11
14
13
13
10
14
10
20
10
10
20
14
13
15
20
15
17
18
13
12
10
15
11
17
20
16
17
20
16
11
20
11
13
19
17
18
11
13
14
20
14
19
14
14
14
19
15
11
16
18
11
10
14
17
12
20
11
18
19
18
10
14
17
11
20
19
20
11
20
19
19
19
20
11
17
13
20
10
20
20
10
16
20
19
20
18
18
14
10
17
13
12
17
17
14
13
15
16
11
20
19
11
14
16
13
17
18
20
10
15
15
11
18
14
10
14
20
18
15
20
14
14
19
20
12
17
18
10
17
16
16
13
20
10
15
20
14
13
16
10
11
18
10
15
18
17
10
19
12
17
19
19
19
18
10
13
19
20
19
16
17
14
11
11
14
13
12
18
15
13
17
14
16
11
16
19
18
10
16
17
16
11
11
10
11
16
20
10
17
15
20
16
18
18
10
14
17
16
10
12
19
16
14
15
14
12
16
15
18
10
17
18
11
18
13
19
13
19
16
19
13
14
16
16
15
11
10
12
20
10
16
16
17
13
13
11
14
14
12
14
17
12
18
17
11
18
10
19
14
15
12
12
19
19
17
20
20
17
13
13
18
20
14
19
16
14
10
20
15
10
15
16
13
11
16
11
16
13
12
17
17
12
14
14
14
10
17
19
15
16
15
11
18
19
15
13
17
10
17
10
15
10
18
19
17
11
16
12
17
16
16
17
10
13
11
18
11
12
13
20
20
19
20
19
13
17
10
19
11
14
19
16
14
18
16
18
18
18
19
18
13
18
20
17
13
19
15
13
13
13
14
15
11
12
13
11
12
18
10
14
15
20
13
16
13
19
14
13
19
13
10
12
16
14
10
19
10
10
19
19
16
19
14
16
13
12
15
10
14
12
13
17
14
11
15
14
19
11
17
16
19
17
16
17
10
18
17
15
19
10
11
12
14
20
17
13
12
12
20
18
12
16
18
19
18
20
16
18
14
20
15
17
14
19
20
14
19
11
20
17
19
15
18
11
10
15
10
16
19
18
13
19
16
15
15
17
16
16
14
14
19
13
19
14
15
15
10
17
10
18
11
19
13
19
19
15
16
17
16
17
11
15
20
10
13
16
15
14
15
12
17
19
14
16
12
15
14
19
12
12
16
17
15
10
18
20
15
16
20
18
19
18
12
10
18
18
19
12
14
13
19
14
19
19
12
13
17
17
15
16
11
12
15
14
14
12
15
13
16
16
10
18
11
17
19
20
18
16
17
14
13
19
20
10
16
14
15
15
18
19
17
19
14
18
19
19
19
12
19
17
13
15
13
12
12
17
14
10
19
19
10
12
18
15
14
18
16
17
10
15
20
17
18
13
13
13
11
12
14
11
14
15
12
15
20
17
19
18
18
18
15
10
19
16
11
19
18
19
16
16
10
20
18
12
10
11
12
10
13
14
13
13
19
12
12
15
16
13
18
19
10
16
13
20
11
18
15
10
17
18
10
13
11
17
16
18
14
11
10
17
15
14
13
15
15
19
17
16
13
14
12
15
19
20
18
10
19
17
10
17
12
18
10
19
15
10
13
10
16
18
11
17
12
10
19
14
20
20
14
20
13
11
19
14
12
20
16
18
16
17
16
20
12
14
12
12
19
19
14
16
13
20
18
16
12
13
15
12
19
17
15
17
11
17
10
13
16
14
19
10
17
20
20
13
20
18
12
11
16
17
13
11
18
20
20
14
13
18
20
12
20
12
19
19
15
11
19
12
16
12
16
12
17
11
12
10
11
10
18
11
15
10
20
19
15
20
11
10
11
11
13
11
10
18
15
18
13
16
12
15
20
20
17
13
14
15
19
10
12
20
12
16
18
11
17
18
12
10
19
18
14
13
10
12
15
15
11
18
19
19
14
20
16
18
18
15
14
14
16
18
14
18
17
13
11
12
16
18
15
10
13
19
14
14
11
12
20
15
15
10
17
17
17
16
19
15
13
17
18
20
20
15
13
10
19
18
10
18
14
13
10
15
15
15
12
17
13
15
11
16
17
14
19
19
16
14
18
20
12
13
18
19
15
16
20
10
20
20
19
14
20
17
20
20
18
16
14
18
13
17
11
16
10
11
14
12
12
12
12
14
15
11
17
17
20
10
16
13
13
20
14
10
19
16
12
20
13
16
11
12
16
15
14
19
20
16
19
11
20
19
12
20
17
10
11
16
19
13
17
16
14
15
20
12
12
19
20
19
15
17
14
16
19
15
17
18
15
11
16
19
16
10
16
11
12
11
20
12
19
13
14
15
12
14
17
13
16
13
15
14
10
11
11
16
20
10
17
14
13
14
16
16
15
13
11
16
10
12
13
20
17
13
17
15
11
14
11
18
14
20
12
12
12
13
12
14
12
12
11
19
11
14
16
11
11
18
12
11
12
14
15
20
15
16
13
13
11
15
20
12
16
10
13
10
14
14
20
12
13
10
20
20
20
12
20
13
18
14
10
19
14
15
19
16
16
15
16
14
14
16
12
10
16
18
14
12
18
10
19
20
11
15
18
18
11
11
18
19
16
13
11
17
10
13
11
10
13
17
12
18
12
15
20
16
12
15
19
13
17
18
20
16
11
12
12
18
12
12
11
17
10
18
10
20
17
19
20
14
17
17
14
19
17
20
18
19
13
16
19
11
16
11
16
16
13
13
10
19
17
16
15
19
11
12
11
13
17
15
17
18
12
14
13
15
12
11
20
18
14
11
17
18
14
12
14
16
11
10
14
15
14
17
11
12
10
11
12
15
14
14
19
11
15
17
18
17
16
15
13
20
20
20
13
16
10
12
19
15
16
14
18
12
18
12
19
16
11
15
16
20
18
10
18
11
10
17
15
13
13
15
14
20
18
13
11
18
10
15
10
18
14
20
18
18
15
18
16
16
20
19
17
11
19
10
12
13
16
11
19
13
15
14
16
20
19
12
17
20
17
15
17
12
10
11
14
13
14
20
19
19
16
17
12
17
15
13
12
17
10
13
16
11
16
12
20
20
19
12
15
10
10
19
11
19
16
17
10
18
16
10
11
17
16
12
18
13
18
14
17
18
10
15
18
19
18
18
15
16
11
16
15
20
11
18
19
12
20
16
10
20
10
18
15
15
15
20
19
15
12
12
11
12
15
19
17
16
10
12
20
17
12
15
19
13
20
10
15
20
18
18
15
13
17
19
18
14
14
10
10
19
14
14
17
12
16
12
20
19
15
14
15
13
15
18
10
16
14
14
15
12
16
10
13
18
14
15
18
14
13
11
18
13
18
10
14
10
15
14
19
13
14
19
13
16
12
14
20
12
15
15
15
12
13
20
12
16
14
17
10
20
19
13
20
12
13
16
19
15
17
12
16
14
17
10
20
16
18
15
13
10
18
13
12
11
19
17
14
20
18
16
16
17
13
18
19
17
12
11
20
10
20
15
10
20
20
19
19
10
14
18
19
10
19
12
17
20
12
18
10
17
19
14
12
15
19
15
14
14
14
17
12
11
20
11
11
14
14
13
11
12
12
18
17
14
20
16
11
12
17
17
19
20
11
11
10
20
17
12
18
14
12
11
10
11
17
11
13
16
16
15
14
18
20
19
10
17
15
16
17
13
18
10
10
14
15
19
11
13
13
16
10
12
17
20
10
16
15
18
13
20
11
15
17
20
13
13
13
19
12
19
18
15
20
19
15
20
17
12
14
12
17
20
16
13
18
17
11
12
19
10
10
18
16
13
17
14
16
15
10
14
15
17
14
18
19
20
17
10
13
13
17
16
14
14
11
18
16
15
15
10
14
14
13
10
10
10
20
11
20
17
10
15
14
12
13
11
20
16
18
18
14
17
10
20
20
14
20
17
19
16
18
10
17
14
15
18
10
14
14
18
13
19
20
10
13
12
16
10
18
16
12
11
19
16
12
12
18
16
20
11
11
16
11
15
16
15
15
17
17
10
20
13
16
19
18
17
12
11
10
11
13
18
14
19
12
16
19
12
16
16
17
12
12
14
12
10
17
17
20
17
13
17
14
20
17
11
18
14
20
20
18
19
13
10
20
18
17
20
20
16
17
14
18
15
16
18
16
18
10
17
18
14
18
15
13
20
11
13
17
10
19
17
14
13
13
17
18
15
14
13
20
14
14
11
18
20
19
16
12
18
17
15
17
14
15
17
16
20
13
11
14
20
11
17
18
10
12
10
14
18
14
11
19
10
20
18
13
20
12
10
12
11
14
15
15
10
18
20
12
11
15
14
18
13
10
19
11
16
14
13
17
17
12
12
20
19
15
20
19
17
20
15
14
10
14
11
16
12
10
14
14
14
16
15
14
17
10
11
18
16
13
13
16
19
16
17
14
12
11
13
16
16
11
18
13
15
20
17
12
18
18
17
14
17
13
12
17
13
11
17
18
17
13
19
18
15
16
11
14
14
18
15
18
19
11
16
17
11
18
16
17
19
20
20
18
20
16
12
10
10
14
10
14
10
15
18
19
11
17
13
16
20
14
10
13
12
14
14
18
11
13
20
13
10
20
12
15
13
11
16
17
14
20
15
20
12
10
13
13
12
10
18
18
17
13
10
13
14
14
20
10
11
16
12
13
13
16
19
13
16
10
19
11
20
14
12
15
13
14
17
14
14
16
12
14
16
12
12
20
17
18
15
17
20
18
20
10
20
19
11
12
11
19
20
13
18
16
16
18
20
10
14
18
10
17
19
19
17
19
19
15
12
11
14
20
15
18
15
17
17
10
16
11
10
17
10
16
16
10
13
10
20
18
19
16
14
14
13
13
14
20
16
14
19
17
20
19
13
16
20
19
15
11
20
10
10
16
17
12
18
13
12
14
10
19
11
11
12
16
18
11
15
17
19
19
18
19
11
13
13
19
20
14
13
15
10
19
18
11
20
15
10
11
20
11
13
14
11
18
10
10
16
17
12
10
17
18
14
17
18
20
14
14
18
13
12
12
18
17
13
12
12
15
16
14
13
18
19
19
12
13
17
17
10
13
10
16
10
13
16
15
19
20
11
19
18
13
19
11
17
12
13
19
17
19
11
15
14
10
11
11
17
19
11
14
13
18
16
11
11
18
18
17
19
14
18
14
19
15
17
12
20
14
17
20
17
17
20
14
14
15
20
11
17
11
15
11
18
18
19
11
16
11
16
14
11
16
10
16
12
12
18
15
18
12
11
19
10
17
16
19
10
10
13
12
19
12
20
14
20
10
11
15
10
10
10
20
18
16
15
11
18
10
20
20
17
11
11
15
16
20
19
12
11
17
16
20
17
19
11
13
14
17
17
12
16
18
20
14
13
19
15
13
12
13
18
15
13
20
14
15
18
17
10
14
18
15
14
11
11
17
14
20
15
13
14
10
11
13
20
15
15
10
12
17
15
13
11
11
11
15
20
15
19
13
17
13
13
10
15
16
13
12
16
17
13
17
19
12
19
13
12
10
17
10
14
18
13
18
18
11
16
12
12
13
20
18
19
11
10
14
19
19
12
19
12
17
15
10
17
13
14
14
15
11
14
11
14
13
10
14
17
13
19
17
11
14
17
10
15
15
11
14
13
19
20
13
17
16
13
14
14
18
16
16
10
17
20
14
16
17
12
18
10
12
16
11
19
10
19
15
13
19
18
15
14
20
16
11
14
10
13
12
14
10
10
11
11
18
13
13
15
20
20
17
15
19
10
20
16
20
12
13
13
10
17
13
13
18
12
13
14
14
17
19
18
13
19
11
10
17
17
15
13
14
11
17
15
20
18
10
19
19
17
11
13
10
12
13
15
17
20
15
19
18
20
19
15
14
14
10
15
19
11
15
12
14
14
11
17
13
19
17
10
13
10
11
19
13
16
12
16
11
10
10
11
16
19
15
19
16
13
14
19
13
18
13
15
12
15
11
15
11
10
15
13
19
15
16
12
10
11
17
10
15
18
17
15
13
17
17
16
19
18
16
13
15
18
11
16
16
20
15
20
18
12
13
19
14
19
19
16
20
20
17
14
19
13
17
16
20
17
10
11
13
17
15
20
15
13
17
13
20
15
14
20
13
20
13
20
15
14
15
11
16
20
16
19
10
11
19
18
14
18
14
18
19
15
18
17
13
15
13
13
13
10
19
16
19
19
17
15
17
15
13
15
15
16
20
11
14
14
12
17
10
18
20
19
12
10
16
12
19
10
17
10
14
12
10
20
17
12
19
20
20
20
16
17
20
20
11
19
20
12
19
17
19
20
13
20
13
19
20
13
12
12
11
12
12
15
17
12
14
20
12
11
18
14
11
18
10
16
17
20
13
11
15
20
13
20
10
20
17
19
14
16
12
16
19
19
13
20
17
18
18
12
12
19
14
13
14
17
18
17
14
18
13
17
18
17
16
16
13
10
13
10
12
13
17
14
19
17
11
15
13
20
13
19
17
20
10
14
11
15
11
10
11
13
19
13
12
20
16
15
18
18
13
10
20
19
13
14
16
20
16
20
11
18
10
18
20
16
16
18
11
13
17
11
14
15
20
18
17
15
16
17
12
10
19
19
16
19
11
14
12
19
16
20
11
10
12
17
19
19
15
11
16
11
11
13
13
18
16
10
14
17
17
17
19
19
20
20
14
16
19
14
14
10
14
12
10
17
15
20
18
16
19
14
19
19
16
14
16
14
14
11
17
17
10
12
10
18
11
11
16
13
14
18
20
12
11
10
16
11
20
14
11
18
15
17
19
11
15
18
16
11
13
10
14
16
16
10
19
18
19
16
13
13
15
15
19
14
13
19
15
18
17
19
11
14
15
18
16
18
14
18
18
20
20
12
18
18
13
16
17
19
20
10
20
20
19
19
15
20
14
18
17
16
16
15
17
12
10
14
12
12
12
16
18
15
15
18
14
11
13
13
13
14
13
15
16
17
11
17
20
10
18
18
11
10
13
17
20
13
17
15
14
14
13
19
13
17
15
20
13
18
10
13
16
16
11
12
15
15
18
16
13
11
14
10
16
16
16
15
16
14
15
10
12
11
12
16
17
11
18
18
11
12
11
17
20
20
17
16
12
17
13
17
11
19
19
14
19
14
10
12
19
12
19
10
10
16
11
19
17
16
12
17
14
15
13
19
11
19
14
16
18
10
17
16
13
20
15
11
13
18
20
15
17
13
20
14
13
20
13
20
16
13
20
20
16
15
16
19
15
16
18
11
11
11
20
17
14
15
11
17
12
17
16
15
14
13
15
18
10
11
17
11
13
10
20
17
10
16
14
16
18
20
19
11
13
12
15
14
16
13
15
13
19
17
15
17
16
10
13
19
12
20
17
13
15
14
19
12
14
19
12
20
18
19
20
18
15
15
20
15
10
20
14
10
20
11
14
10
15
10
18
12
15
11
15
17
10
12
17
16
10
13
13
11
14
12
18
17
17
10
15
14
18
14
15
19
11
10
13
12
12
17
18
13
18
10
18
14
18
17
12
13
17
16
11
12
17
18
16
12
13
16
10
15
14
14
12
17
12
10
13
13
18
13
19
20
17
16
12
15
18
11
11
11
13
13
11
17
17
18
15
16
19
15
16
17
15
12
17
10
19
20
20
18
13
18
14
16
19
16
14
18
14
14
13
20
14
11
20
11
18
15
17
10
16
18
12
11
18
11
11
20
14
13
17
13
19
20
18
10
10
10
10
16
16
15
20
19
10
18
17
16
20
11
15
17
13
18
10
15
19
15
13
12
18
13
15
11
19
12
20
12
15
14
11
14
15
20
19
12
15
17
13
12
13
17
16
18
11
20
15
17
14
10
16
11
11
11
19
20
13
11
12
16
14
20
18
19
10
13
11
11
17
20
16
15
14
11
16
19
18
19
14
15
16
10
15
19
18
15
10
10
10
20
17
14
18
18
16
20
20
11
14
10
17
20
10
13
13
18
17
12
13
13
10
18
11
10
11
15
17
12
10
15
17
11
15
20
18
17
17
10
17
16
10
15
10
19
17
11
12
17
16
10
19
12
13
16
10
19
12
17
10
16
12
13
10
15
15
16
17
10
18
20
14
18
20
17
14
17
18
16
15
18
20
18
17
17
20
15
11
20
16
18
14
13
10
16
18
20
18
14
13
12
15
14
12
17
17
17
10
18
19
17
19
13
15
17
19
14
14
12
11
11
11
20
11
15
18
13
18
12
16
20
14
19
14
19
18
10
17
14
19
14
17
11
19
18
11
13
17
19
14
17
11
13
10
20
19
10
10
10
20
12
18
15
13
14
19
11
14
17
18
18
16
11
13
11
13
16
12
12
12
11
19
11
13
16
17
10
16
13
12
10
19
19
18
19
19
19
19
17
16
14
13
10
13
15
10
16
13
19
12
18
16
15
16
15
18
16
12
10
15
19
19
17
17
18
14
15

27600
39159
38735
29172
29907
39664
28102
28646
37870
35389
38830
30501
34276
38749
30571
37876
22790
30724
20631
39905
29818
31684
22541
20119
39507
27252
23288
38479
36601
35556
24930
32672
21371
29475
29108
34434
30373
35792
26273
20554
22652
23578
33486
23793
22735
35109
37594
20153
20268
28472
27666
33373
30351
33976
38671
21212
34424
32376
21778
36632
36373
34569
31535
36944
36858
35084
32505
39277
29791
35842
25387
32439
26030
22507
26844
37346
24653
22173
36377
36033
21977
25657
20893
29581
35489
30455
37188
23422
30705
28422
21587
32863
21257
33005
31640
36933
30697
35395
38537
22893
37461
38337
34369
28515
21382
33510
34355
25452
24566
28635
25896
38906
24665
33746
24706
20205
29785
39435
27107
36183
36562
38656
32532
37427
37128
39361
29976
27892
30875
35630
38569
35581
20908
24005
33496
30520
35957
28491
36984
27803
23633
27259
39622
26515
27178
37009
28496
38380
28472
20175
21969
30149
25539
38353
20392
26946
39045
24618
27940
37193
39381
30092
35581
33671
23659
29792
27206
22569
34148
33299
32846
21086
23881
27706
36054
21586
29434
27108
28639
34732
39881
35087
25097
33715
33818
33744
25848
38212
22426
29086
28247
37723
34217
31796
29679
38777
32893
26605
35286
29760
30632
32490
25239
25654
38254
24787
22810
34466
31693
31489
23494
23937
25939
36883
23089
24153
22976
32753
28796
26215
38640
22825
32085
21600
21062
29168
27138
33032
38420
30996
26444
25028
27187
27015
30880
34835
34773
21029
34336
36196
37754
28002
21542
36458
28477
20095
22625
22645
39832
23658

0

1
