600
30

649	854
181	942
606	748
929	740
784	77
533	232
967	147
853	974
106	979
747	949
411	11
923	67
765	275
463	155
886	751
920	870
935	929
721	926
921	266
759	69
529	196
978	772
997	247
646	169
57	204
688	564
0	115
626	559
154	85
87	141

765	879
789	740
458	67
758	785
965	667
809	261
654	274
612	860
371	159
648	43
683	834
836	772
469	917
772	29
24	797
422	699
926	75
297	792
889	116
962	757
514	865
357	861
921	152
868	929
695	846
715	154
507	310
146	798
918	845
425	671
900	716
419	70
685	967
108	871
494	930
463	249
635	831
762	283
480	88
402	108
695	951
602	676
655	913
751	972
992	275
751	86
369	125
963	317
706	246
838	953
912	788
303	759
399	672
436	671
485	30
442	782
648	898
120	671
444	206
289	784
969	955
770	268
56	730
502	312
908	104
936	857
755	748
234	869
461	776
445	192
854	11
817	132
571	871
281	873
630	893
613	779
106	986
363	740
746	318
460	954
890	884
794	158
360	928
836	826
756	156
860	781
872	171
399	810
609	255
447	818
740	701
693	314
236	869
796	124
983	237
868	754
323	794
969	780
518	228
72	698
237	812
479	836
911	179
513	991
734	833
940	256
827	206
688	278
761	315
586	221
649	49
785	872
508	265
999	195
465	980
723	722
73	880
183	939
415	80
572	317
409	941
461	944
491	150
998	865
881	698
965	865
871	959
288	729
849	208
704	885
668	864
277	984
831	897
617	921
794	894
895	41
490	157
951	243
49	706
516	867
786	669
247	948
518	713
67	953
129	842
217	721
668	795
417	301
958	73
932	141
578	322
413	679
233	941
949	91
111	973
663	851
885	142
692	740
490	931
389	241
428	306
926	254
805	275
940	247
379	20
232	955
952	708
609	896
980	220
809	277
88	970
753	37
614	835
194	877
824	318
467	673
967	779
998	866
908	842
973	157
419	879
793	944
245	866
123	776
637	812
862	760
885	38
781	851
79	880
969	936
936	283
354	735
639	65
962	331
911	727
376	167
145	673
959	797
761	243
650	281
891	747
931	768
428	999
714	271
636	61
455	296
34	890
430	191
724	838
906	822
485	81
727	207
867	165
289	815
288	904
289	868
926	806
681	972
173	828
317	754
981	259
782	151
815	141
604	223
102	812
718	221
938	931
2	759
270	843
797	102
959	853
897	864
703	38
438	13
823	183
854	17
584	125
284	805
659	770
950	738
487	197
158	697
859	742
714	933
44	746
982	741
27	952
306	868
175	730
88	744
952	977
703	61
838	154
885	146
795	237
653	944
237	784
355	819
659	151
999	772
898	722
402	718
416	80
200	994
337	0
364	937
992	740
591	985
271	714
122	709
920	810
655	301
245	677
706	59
374	798
171	668
910	776
632	923
451	763
812	160
664	285
609	867
126	789
536	12
443	167
695	283
697	910
227	684
583	149
680	108
600	159
535	289
607	176
982	53
421	837
490	709
653	694
637	108
191	864
697	695
134	903
213	767
450	75
232	928
833	754
211	976
538	819
859	200
878	12
531	99
305	948
46	672
136	979
14	773
518	49
820	98
342	975
292	767
17	821
931	803
49	761
679	958
512	328
729	295
58	690
210	731
692	161
48	680
933	190
715	267
857	69
790	756
750	183
757	764
979	82
90	922
508	839
544	834
383	269
965	12
412	37
365	915
338	321
453	873
430	809
441	709
294	959
944	157
392	974
582	254
720	10
810	674
854	982
618	868
273	889
687	962
751	80
639	876
618	734
438	324
526	61
617	766
346	157
492	207
575	296
969	887
239	755
453	689
326	791
593	207
679	248
540	987
911	730
350	115
985	27
297	881
508	27
503	988
708	873
912	44
986	43
216	718
550	103
548	918
537	160
329	934
984	321
440	323
358	927
480	122
993	998
684	32
460	845
857	845
960	917
584	793
610	150
740	808
202	823
730	38
879	715
771	94
574	214
104	681
875	141
721	242
516	848
857	29
633	896
958	968
491	115
802	52
313	722
845	40
660	782
722	997
206	881
609	955
147	817
760	276
682	309
306	785
241	727
345	169
448	928
954	770
539	794
782	28
982	302
633	77
920	314
893	155
772	918
7	666
244	753
813	824
708	173
227	738
329	708
472	178
517	792
335	133
698	796
797	834
257	794
613	305
549	276
615	973
696	869
754	163
100	698
274	675
556	303
336	114
708	913
659	674
917	105
272	763
683	169
369	248
511	86
636	963
461	761
941	915
147	688
523	15
928	674
570	775
735	77
437	791
607	729
346	26
664	926
673	261
698	33
113	694
502	95
24	792
679	45
636	726
386	476
31	221
448	447
939	490
167	137
0	648
209	92
77	552
324	308
228	386
478	522
499	517
59	271
117	205
578	403
441	469
457	617
296	49
804	567
727	418
312	504
449	443
46	432
949	410
136	436
506	601
763	566
39	369
128	603
963	338
549	445
793	607
867	574
8	347
684	438
98	283
196	177
360	496
822	515
304	596
420	634
545	660
344	559
113	229
851	470
183	537
800	475
209	247
321	623
187	468
310	198
709	417
614	582
937	472
392	502
865	476
265	184
674	454
309	29
44	585
750	412
700	368
415	470
332	519
733	342
777	552
836	429
235	625
134	468
877	528
539	510
152	59
218	469
59	394
225	490
134	61
294	583
649	589
409	338
744	581
3	118
588	584
233	283
471	506
463	597
96	554
701	402
943	598
806	414
281	569
581	448
930	403
217	387
300	113
38	26
784	514
333	340
689	613
42	548
135	500
565	477
803	653
339	631
21	217
421	369
340	598
588	385
647	560
788	581
560	556
77	522
910	351
781	337
577	347
128	202
163	365
266	359
74	369
651	655
694	611

70

400
400
400
400
400
400
400
400
400
400
400
400
400
400
400
400
400
400
400
400
400
400
400
400
400
400
400
400
400
400

19
20
13
20
20
18
14
15
11
16
12
16
12
11
10
15
17
14
15
18
10
11
19
10
19
18
19
17
15
10
12
12
15
12
12
16
18
14
12
10
10
10
17
12
19
12
19
15
17
15
20
20
17
12
20
15
16
17
18
17
18
20
10
13
11
15
16
15
16
15
10
12
11
13
15
11
13
13
14
14
15
19
16
13
20
19
20
12
17
19
11
14
15
18
14
11
20
16
11
19
10
12
17
15
19
14
15
14
14
17
10
10
10
16
19
11
18
20
14
12
14
14
16
20
17
16
10
13
15
10
19
11
15
19
20
17
14
15
13
10
20
12
20
17
10
10
11
15
16
18
13
11
12
15
12
12
15
10
14
12
18
17
19
18
20
14
20
11
17
13
17
16
15
12
19
16
18
17
15
13
17
18
16
14
20
18
12
13
18
16
15
15
13
19
12
12
17
12
18
13
14
13
10
13
11
14
10
19
13
12
10
13
16
14
17
19
13
13
17
12
13
10
20
10
13
11
19
17
11
14
11
10
18
10
17
20
12
11
11
17
13
19
14
11
10
11
10
13
18
13
10
10
11
18
14
13
12
14
11
15
18
11
10
19
18
17
12
10
13
18
10
16
16
14
15
14
20
14
18
12
16
14
17
20
20
14
13
14
16
14
10
13
16
10
18
14
17
11
16
15
11
14
20
16
20
20
10
11
18
10
20
13
10
12
13
15
14
12
17
13
14
11
19
13
11
15
13
15
16
18
15
11
14
17
15
13
18
19
10
12
19
13
12
18
20
12
19
17
20
12
13
12
12
17
17
14
16
20
15
18
19
13
17
15
11
19
16
18
11
16
15
15
16
14
19
20
14
12
19
16
14
16
14
20
10
14
10
10
20
20
17
15
14
10
17
18
17
13
19
15
13
19
12
18
13
16
18
10
10
10
14
12
10
17
19
10
10
14
17
12
10
15
11
15
20
13
20
15
17
12
14
12
20
14
20
13
19
16
17
10
12
11
12
12
12
19
10
11
12
16
19
20
14
19
13
13
15
13
14
16
18
17
10
12
15
17
14
18
13
12
11
20
14
20
18
20
18
10
12
17
14
12
13
16
16
12
14
18
15
11
14
16
11
15
18
16
17
19
10
11
18
14
16
18
19
18
17
18
20
15
17
15
17
13
10
12
12
10
19
12
12
18
14
18
16
13
17
14
14
15
11
13
15
13
20
10
17
19
13
17
12
18
13
11
15
20
15
19
18
15
15
13
14
14
15
18
20
16
18
20
12
20
18
13
19
11
16
10
20
14
19
15
16
15
20
18
18
10
14
11
20
10
12
16
10
20
19
15
10
14
12
10
20
13
17
10
13
18
15
14

379
380
238
291
361
218
380
272
217
283
327
319
233
246
382
362
322
216
320
251
287
374
379
377
215
347
282
276
272
304

0

1
