600
30

531	594
501	433
728	992
613	406
131	158
48	216
670	688
40	79
748	912
412	470
86	271
731	768
326	309
318	256
893	793
891	693
434	434
812	795
867	668
677	827
735	953
562	660
325	328
571	599
267	522
654	900
932	147
266	757
401	908
103	688

855	828
328	43
192	185
435	645
193	305
285	215
817	826
839	910
161	32
437	454
787	987
637	632
886	681
729	675
648	415
224	294
5	113
294	129
897	965
899	764
429	514
695	740
22	31
782	699
48	177
902	962
11	324
330	234
933	965
808	679
177	14
857	685
383	522
857	963
172	311
920	692
383	438
913	871
141	86
687	725
376	542
595	416
827	935
563	336
513	391
531	458
259	22
50	59
825	828
637	432
591	618
187	95
16	258
107	181
195	124
348	421
825	733
245	119
410	571
39	87
66	203
217	231
622	367
707	983
353	517
492	618
655	381
572	621
184	318
233	120
694	821
437	597
923	747
659	538
974	961
560	642
935	863
434	633
428	337
801	786
647	513
984	916
710	815
282	8
401	571
334	608
650	538
255	19
574	342
572	394
566	461
913	933
166	261
767	711
92	227
951	852
222	238
449	425
633	378
603	417
544	381
309	216
632	357
857	881
607	464
614	568
827	871
862	966
928	733
945	954
470	564
511	616
766	797
392	373
741	971
658	410
668	822
686	850
209	92
278	93
692	693
856	715
513	376
650	482
589	577
311	24
746	904
700	817
836	721
578	455
723	712
331	274
205	129
655	514
641	427
102	84
647	624
601	359
66	278
479	581
166	108
317	317
484	633
531	513
235	57
744	793
207	84
620	432
232	159
912	785
253	32
626	631
167	319
490	367
128	267
284	287
991	904
863	909
876	748
611	631
806	995
255	0
133	3
100	332
592	373
205	304
647	404
759	801
51	242
779	693
315	279
609	578
100	26
160	76
330	143
151	236
695	864
209	217
909	881
848	883
486	514
687	849
902	958
923	800
392	342
553	405
56	113
289	131
392	485
482	365
204	314
279	225
111	292
566	545
786	979
189	117
436	576
360	613
421	422
434	555
315	222
5	301
843	889
982	818
385	553
421	397
361	454
556	519
457	516
254	262
562	380
89	73
168	233
554	594
796	748
968	891
232	3
412	411
998	706
942	744
961	704
356	418
588	529
293	71
412	646
102	147
2	84
666	418
680	776
923	686
254	64
893	948
349	379
291	202
510	390
157	170
844	870
772	982
942	970
662	581
243	88
204	135
224	243
719	826
915	888
713	893
964	808
610	614
532	609
909	793
23	48
119	118
916	806
785	690
46	113
626	603
528	336
401	400
276	234
594	382
256	136
157	222
839	914
728	718
139	28
835	942
288	323
53	237
656	471
621	555
669	914
171	147
960	976
828	956
914	684
595	339
76	333
378	339
431	595
885	741
947	787
791	929
93	263
416	591
146	18
249	71
202	66
151	144
656	600
174	306
191	278
299	0
341	447
844	879
276	76
844	893
163	326
100	228
795	784
556	443
366	647
703	723
585	466
399	659
166	7
276	133
858	867
871	870
719	780
941	981
461	555
849	757
200	257
827	877
480	496
838	779
961	961
852	683
870	869
31	4
709	802
814	695
833	844
321	10
691	942
770	993
286	195
435	586
772	832
843	790
692	785
948	958
423	598
814	861
887	807
261	319
646	464
499	627
861	817
644	649
269	101
903	749
443	425
586	483
601	513
488	629
80	236
194	220
488	403
601	534
918	684
297	46
614	376
916	932
516	642
158	224
83	240
470	406
761	790
172	172
77	269
866	983
768	755
711	852
292	58
424	469
873	943
266	207
429	465
83	203
157	17
804	977
559	489
492	335
42	321
405	356
594	535
317	133
777	684
28	286
294	295
883	685
503	596
55	18
869	964
170	167
575	598
956	798
155	37
378	478
937	745
281	300
876	879
212	86
321	24
126	26
316	52
767	883
101	16
507	529
124	284
284	255
908	728
4	294
450	599
127	135
249	96
503	603
925	913
163	227
701	706
603	355
728	682
321	27
286	118
177	141
595	544
516	663
445	527
985	928
839	871
185	236
301	295
483	479
704	896
523	425
395	628
393	634
657	523
178	322
932	856
875	722
775	944
575	443
655	569
693	822
413	514
496	502
235	45
233	304
953	770
268	39
486	403
781	931
671	837
54	314
571	373
302	236
547	600
496	369
308	215
548	346
303	31
973	963
956	850
671	961
422	620
723	858
336	568
364	343
881	954
149	148
636	628
158	33
210	180
686	827
421	371
196	300
57	45
693	714
41	106
7	191
528	658
951	949
346	554
650	534
787	757
228	293
333	586
29	27
507	178
30	381
638	321
504	169
93	449
633	150
690	572
40	808
388	249
630	224
482	937
258	421
569	752
119	369
873	48
315	451
122	840
876	562
238	985
476	310
604	126
514	221
526	205
172	491
29	960
418	263
787	632
473	862
480	258
595	934
445	892
884	335
911	288
356	121
79	580
329	374
665	844
930	160
963	390
820	416
274	764
865	106
489	964
631	95
197	527
696	403
564	898
131	914
388	953
185	602
486	973
997	464
350	693
345	296
773	434
388	171
259	404
617	849
566	238
536	799
775	398
614	877
51	345
419	915
230	953
122	955
848	436
814	359
425	907
602	283
269	777
490	697
587	998
123	354
667	16
475	32
293	721
973	553
227	531
453	128
254	864
835	244
809	205
982	346
500	185
487	667
579	939
767	651
599	724
712	213
579	48
455	201
861	198
603	818
472	932
462	228
615	754
574	110
196	610
601	705
996	431
261	725
827	533
341	813
841	88
691	540
287	385
854	354
321	668
693	559
204	465
177	743
339	235
174	937
291	884
25	810
591	890
436	911
881	380
921	483

150

400
400
400
400
400
400
400
400
400
400
400
400
400
400
400
400
400
400
400
400
400
400
400
400
400
400
400
400
400
400

15
10
12
10
18
15
12
17
19
20
17
20
16
13
20
18
17
20
15
18
19
17
15
18
17
19
12
14
19
16
10
18
10
12
14
14
18
14
17
18
10
17
16
12
14
13
13
13
17
13
15
20
17
20
19
16
20
20
19
13
10
13
15
16
20
15
17
13
17
16
10
13
12
15
15
15
13
17
12
12
18
18
13
12
13
16
18
17
17
10
13
16
18
14
14
17
20
13
12
10
13
16
17
16
11
11
13
16
19
11
12
10
15
17
10
19
16
15
11
12
15
16
20
11
15
19
17
11
11
11
17
19
17
10
20
18
20
20
20
19
19
10
13
14
11
18
17
10
18
10
17
17
11
14
20
15
18
15
19
20
18
15
17
17
11
11
10
10
11
20
20
14
20
16
12
10
20
11
20
16
10
11
19
12
19
12
10
18
13
20
18
10
11
18
18
16
17
14
13
18
12
12
20
12
13
16
10
17
19
17
13
15
16
17
18
11
15
19
10
20
10
11
19
16
11
14
17
14
10
10
17
14
17
11
13
13
18
14
15
17
15
11
19
12
20
16
18
12
12
11
16
17
14
12
10
15
13
18
11
16
11
13
20
10
19
17
16
14
18
14
18
11
20
10
18
14
11
14
12
14
15
13
19
14
15
12
13
19
19
11
13
14
13
14
13
19
19
11
10
20
16
18
19
15
10
16
11
19
13
19
19
18
20
12
20
15
12
17
15
16
14
17
14
10
17
20
20
16
10
18
11
20
17
12
16
14
18
12
17
18
10
18
14
18
17
11
10
12
20
11
12
13
14
13
18
16
20
11
19
12
19
16
16
11
11
13
11
20
10
16
18
17
18
10
15
10
15
12
17
19
20
20
17
17
19
15
13
12
17
11
16
14
16
15
16
10
11
20
18
16
13
17
15
18
20
19
20
11
10
14
15
14
10
17
12
19
18
13
16
17
10
19
20
10
20
17
18
13
20
16
18
19
12
10
17
10
12
12
14
10
17
15
18
15
11
16
15
16
13
10
13
11
15
20
20
13
20
19
16
10
16
16
11
19
16
15
19
13
14
15
11
17
17
19
20
19
17
10
20
17
12
14
16
16
10
19
17
17
18
13
15
19
13
20
12
19
20
17
12
11
17
15
12
10
15
16
17
20
17
10
12
12
11
18
15
13
19
12
19
17
11
19
12
11
18
10
13
19
14
18
14
13
16
13
13
19
13
18
16
18
10
19
10
17
10
10
19
12
13
14
13
17
15
10
20
11
17
17
11
11
11
14
19
15
11
15
14
20
13
11
12
15
18
19
13
18
12
14
11
17
12
13
11
13
18
16
20
12
10
14
12
19
16
18
17
16
20
15
18
13

25110
35811
23407
21124
35523
35950
27965
34027
37822
29002
23339
27813
24644
23282
39175
32771
31409
24909
30185
30512
25429
21779
37879
31736
39798
33628
21673
34373
38502
29917

0

1
