600
30

236	8
38	247
757	941
254	456
241	391
294	131
309	217
260	146
253	333
709	882
761	888
533	983
691	758
713	940
843	710
848	913
236	81
730	809
186	145
222	155
345	640
135	547
214	504
560	520
276	703
918	321
998	508
651	249
815	607
987	602

270	583
167	57
261	227
913	801
860	957
796	953
522	592
315	42
123	450
316	514
170	426
536	537
564	722
341	348
329	257
261	607
167	142
50	486
768	899
224	284
758	784
748	804
467	572
145	289
566	411
299	347
469	364
258	622
527	884
379	887
546	856
547	782
612	799
476	651
295	137
453	624
233	167
21	450
746	981
922	734
797	953
543	336
873	730
480	909
503	660
582	812
895	719
520	359
975	725
968	728
3	425
285	213
587	757
576	617
111	66
753	717
615	588
765	739
425	714
606	623
431	643
576	454
87	378
530	335
119	541
308	653
359	831
79	192
310	187
400	648
200	208
976	769
361	844
420	757
496	854
610	782
762	998
456	991
45	638
509	446
35	453
454	400
654	497
555	393
167	123
224	516
189	521
74	661
469	434
403	867
996	801
104	656
367	402
590	516
12	619
616	497
48	239
311	279
330	339
549	353
267	286
489	502
248	305
46	493
909	779
663	339
665	450
292	333
409	890
217	378
81	565
423	869
113	512
712	802
150	542
133	295
648	682
45	163
365	881
854	734
106	658
280	67
425	488
898	746
290	550
33	522
820	677
138	45
406	552
431	507
996	928
140	321
953	773
445	881
160	182
525	512
549	999
389	982
202	146
66	127
906	898
149	514
19	57
274	197
635	747
108	546
157	31
536	586
82	507
56	29
117	162
407	514
91	450
124	574
939	802
240	569
909	740
468	671
782	859
498	663
454	407
399	468
945	788
163	165
359	900
438	731
643	502
340	987
535	632
515	853
767	971
348	615
422	588
829	851
302	223
210	509
308	474
367	957
17	475
91	26
602	895
99	21
733	670
291	103
334	738
106	408
240	598
577	540
136	468
200	11
283	187
665	536
160	473
919	834
901	745
993	711
734	889
534	398
142	88
137	271
168	173
407	773
138	595
697	975
389	521
78	32
528	806
281	20
200	15
515	916
45	20
20	546
672	811
521	990
689	992
163	15
547	463
354	633
746	808
853	860
146	416
537	586
317	243
636	611
997	759
539	797
999	829
114	297
3	199
667	955
68	459
121	215
117	598
33	408
864	934
863	850
243	259
319	67
312	120
531	736
105	401
431	511
135	666
986	875
294	28
9	458
813	931
171	288
333	986
845	890
883	931
950	818
391	791
593	439
614	815
498	655
620	379
966	741
985	838
621	857
575	819
57	432
37	590
957	841
204	108
764	878
569	715
73	291
198	445
335	732
488	719
205	607
59	486
711	810
407	448
55	483
31	132
371	899
659	907
264	17
289	262
462	692
393	896
844	712
149	628
293	396
602	373
334	658
470	466
606	904
299	210
428	650
604	457
745	799
776	877
383	615
844	782
534	874
354	996
106	211
249	653
404	857
54	245
177	543
124	459
533	743
7	268
413	572
582	793
136	221
134	2
528	976
618	951
441	416
87	572
871	766
595	493
665	534
460	776
103	326
581	866
246	155
551	511
2	336
589	941
269	59
873	744
479	712
22	306
600	377
980	828
255	485
645	836
588	719
737	701
13	236
77	480
551	993
421	482
161	188
36	310
506	705
603	986
39	513
206	583
256	252
134	210
273	467
316	24
349	891
619	918
275	448
503	377
61	184
116	155
2	99
5	593
198	386
874	900
338	848
4	187
339	488
892	761
196	260
235	544
219	335
333	57
448	877
641	409
249	465
332	147
417	472
480	637
475	672
647	739
716	823
415	911
761	893
527	589
810	876
606	351
686	672
575	402
587	794
189	421
360	390
104	147
365	610
52	589
712	725
952	983
567	488
230	536
429	610
884	817
234	469
658	533
954	997
338	814
2	450
371	980
549	625
986	989
236	78
832	871
713	883
66	129
574	722
241	56
691	850
686	824
157	498
442	911
614	764
316	200
871	828
409	755
820	864
308	453
216	54
365	745
180	177
200	574
599	885
435	447
467	691
34	137
405	400
24	161
667	780
807	764
936	953
516	986
827	869
981	754
419	419
176	287
630	744
33	287
700	848
767	807
342	857
928	929
815	673
530	823
601	713
631	749
84	364
351	821
344	773
109	447
334	952
450	551
530	438
981	741
428	614
388	805
260	309
221	602
668	997
278	579
559	403
844	932
577	805
153	128
564	554
950	926
218	564
299	369
833	856
729	827
65	319
987	844
204	509
303	362
421	416
118	207
647	645
693	913
578	799
629	79
904	12
41	985
839	226
100	676
360	122
755	42
986	98
952	205
5	875
438	330
925	159
909	21
667	226
640	19
419	131
561	275
390	276
227	982
722	495
880	565
973	290
113	837
750	122
852	46
15	995
764	583
743	652
894	119
979	555
769	377
419	11
289	731
467	217
260	818
646	101
539	136
150	717
366	120
392	78
220	922
187	854
999	419
734	88
901	134
962	246
687	457
857	71
889	357
332	685
500	277
230	793
387	73
778	143
864	572
681	199
950	56
906	247
935	626
476	161
716	559
89	983
973	299
298	696
960	314
685	266
142	753
906	345
1	853
524	79
842	221
121	688
469	194
853	260
166	846
957	515
497	160
757	369
669	335
773	549
839	454
663	250
882	267
706	205
862	406
227	988
80	853
483	94
783	140
307	888
961	228
667	664
483	53
417	86
287	974
727	514
560	6
941	423
993	246
202	856
931	379
92	884
977	61
83	716
239	710
542	327
153	858
46	812
760	604
693	639
757	102
572	230
706	424
479	19
69	670
465	291
78	989
726	281
942	458
971	73

300

1200
1200
1200
1200
1200
1200
1200
1200
1200
1200
1200
1200
1200
1200
1200
1200
1200
1200
1200
1200
1200
1200
1200
1200
1200
1200
1200
1200
1200
1200

18
13
11
10
12
19
19
18
18
18
13
10
17
10
16
16
12
14
16
12
15
20
13
10
11
10
14
12
13
14
15
16
20
16
14
10
19
16
19
15
11
14
13
14
15
18
12
14
14
10
12
15
17
20
10
10
14
14
14
18
11
13
17
14
12
13
16
12
13
16
11
16
14
10
17
12
11
10
12
18
13
15
20
11
18
19
13
11
14
16
11
20
15
12
18
10
11
18
16
17
10
10
16
19
19
12
15
20
14
20
16
11
18
17
11
12
12
19
20
16
19
20
14
17
17
12
11
16
19
14
12
20
11
13
12
18
18
18
10
19
16
10
20
11
11
17
10
19
12
17
17
19
17
15
20
11
18
14
19
15
15
19
18
18
15
15
20
12
10
10
20
18
16
14
19
16
13
10
14
18
15
18
12
18
20
10
13
11
15
13
16
17
11
19
18
10
12
11
15
10
14
15
15
11
12
12
11
20
18
12
16
10
15
20
18
13
17
14
12
11
17
11
12
13
12
13
12
19
11
18
15
16
17
14
15
19
12
10
17
16
17
14
12
20
16
12
13
13
17
14
13
15
13
10
14
20
10
19
13
11
10
16
18
12
10
11
13
18
16
20
17
19
11
18
19
16
14
10
15
10
10
11
10
10
18
17
11
11
19
13
16
11
14
13
11
14
16
13
19
18
11
10
10
13
15
17
12
16
15
14
13
17
10
15
12
20
13
18
16
20
19
10
19
18
13
19
20
11
11
17
10
12
12
15
20
14
16
11
19
20
20
10
19
18
14
12
15
12
13
15
13
15
12
16
18
13
17
10
17
20
19
18
14
20
20
10
13
17
19
17
15
16
18
18
13
17
14
17
12
17
16
15
15
11
10
20
10
14
20
17
11
19
17
17
14
15
11
14
13
12
17
12
12
17
17
11
11
15
14
15
11
12
19
18
20
10
11
10
10
15
16
19
10
18
10
14
10
20
17
17
19
13
11
11
13
14
13
11
13
15
16
16
14
10
13
18
11
20
17
15
19
16
16
11
13
13
20
10
14
19
15
12
10
13
17
20
18
13
14
20
19
11
16
11
18
20
12
17
15
14
10
20
12
13
13
10
12
15
18
16
18
10
10
19
19
12
15
20
13
19
16
17
18
11
19
11
10
11
17
17
10
13
18
13
12
16
12
13
18
14
20
17
12
11
11
20
19
12
20
18
12
16
17
11
12
16
10
17
15
14
20
10
10
19
15
13
19
10
15
17
11
15
17
11
14
13
10
13
19
17
13
14
11
14
16
13
10
16
11
19
13
19
19
11
16
15
11
17
11
18
18
19
18
14
12
12
14
10
16
15
12
15
16
18
12
12
16
14
15
14

2
4
4
4
4
2
3
2
4
4
3
4
3
3
3
2
3
4
4
4
3
3
2
4
4
4
4
2
4
3

0

1
