600
30

153	718
100	541
651	108
31	575
617	244
374	156
298	441
533	171
577	331
376	4
615	321
282	489
516	149
170	484
34	711
519	274
528	161
239	755
202	522
386	150
105	470
650	323
338	166
342	270
998	970
75	7
256	163
720	611
102	276
748	700

229	624
14	358
267	848
237	975
182	819
260	665
216	426
99	652
239	671
419	37
43	404
282	600
546	274
506	315
628	45
274	937
591	157
74	520
68	421
309	802
0	607
68	955
356	109
448	182
283	391
100	431
0	491
257	533
113	934
8	615
129	933
660	88
120	516
294	873
483	194
70	338
400	281
445	206
116	886
333	587
182	741
111	855
70	348
257	767
75	510
65	985
232	487
298	529
340	326
326	488
133	366
617	254
341	16
402	276
231	409
209	760
536	59
291	626
310	798
314	914
487	243
105	557
455	107
468	105
210	842
633	215
90	383
239	743
316	622
222	976
210	409
452	331
408	256
137	424
407	226
225	826
367	300
287	974
295	353
260	422
532	101
266	958
341	302
75	497
253	935
180	693
641	106
214	824
469	56
518	95
371	202
198	549
223	448
397	165
335	112
315	861
406	297
175	436
232	367
26	681
465	288
166	402
311	448
527	64
544	268
2	370
63	929
222	564
309	607
370	213
144	799
119	613
162	403
253	581
643	0
20	667
211	606
162	712
642	58
125	756
169	375
250	648
209	511
155	990
300	621
156	702
104	436
489	53
202	390
181	426
53	873
114	471
271	387
255	970
501	258
40	367
520	172
17	645
600	176
603	169
64	772
90	980
110	814
211	777
193	645
45	403
319	681
341	54
82	891
121	975
513	199
645	80
347	207
602	14
58	656
151	742
171	903
375	15
631	317
64	418
371	275
117	856
490	94
19	795
143	800
318	665
202	722
629	227
452	301
623	331
274	402
274	866
247	847
127	602
129	943
207	434
117	775
634	250
79	602
502	128
328	821
222	655
464	116
426	280
608	158
363	110
414	309
207	648
263	808
380	24
513	50
42	569
319	471
58	920
135	635
310	653
176	608
97	703
55	678
58	963
484	268
320	826
33	459
338	246
122	475
460	296
233	748
23	946
149	563
25	586
401	128
476	175
188	661
276	718
72	799
74	764
212	511
333	949
507	229
451	315
263	708
310	487
569	287
369	163
87	966
346	31
287	946
329	855
84	569
34	371
204	971
274	989
320	677
99	752
622	229
484	173
199	500
506	233
349	219
267	829
557	218
157	820
358	13
89	728
95	681
172	599
380	42
14	958
141	492
106	993
654	226
347	148
95	623
666	266
545	77
498	198
160	620
306	391
286	885
618	66
26	972
269	652
122	977
634	265
264	982
211	409
287	995
16	922
446	309
475	26
134	955
17	771
64	467
441	97
330	714
649	56
249	851
281	506
572	112
132	972
612	246
294	693
181	417
427	225
57	531
593	13
156	731
247	465
251	671
312	480
331	393
297	993
4	974
223	626
151	888
214	990
497	97
137	388
217	593
197	657
493	60
194	821
271	339
77	584
592	143
2	755
430	218
9	579
86	882
43	384
483	155
54	573
618	41
180	805
45	355
56	852
12	781
415	72
92	460
17	793
62	569
133	807
183	353
378	135
203	513
59	407
138	901
499	143
171	648
304	642
566	33
619	42
614	171
190	661
415	202
270	412
546	162
588	323
507	177
66	984
296	459
196	811
53	590
312	722
309	893
327	896
201	478
596	304
187	925
12	507
95	915
209	348
197	866
312	689
630	26
320	714
145	441
91	863
304	671
475	175
105	505
329	965
285	907
412	63
458	248
326	924
646	276
632	222
612	75
37	645
88	653
601	288
437	148
127	445
172	676
186	654
344	250
11	842
369	102
131	839
130	529
107	561
84	428
243	457
165	720
583	224
54	443
544	35
198	440
232	840
332	928
365	103
148	853
270	398
477	9
86	455
294	414
546	207
657	115
510	26
218	718
517	307
630	281
134	995
238	860
485	282
333	965
252	646
390	142
322	338
170	432
78	773
162	637
140	555
20	730
124	723
537	308
93	780
154	525
315	631
113	671
339	26
298	493
294	510
76	364
112	483
177	361
209	928
666	310
480	117
412	117
129	682
480	142
208	685
366	38
223	713
307	412
10	556
8	896
169	693
455	315
59	483
464	79
165	814
558	186
489	2
439	205
107	517
251	358
88	726
91	778
415	3
90	756
543	246
179	654
455	116
490	303
62	920
300	631
333	417
488	189
407	74
162	384
208	338
336	311
174	359
645	146
212	816
658	203
78	357
181	522
461	270
88	518
126	562
26	350
180	498
296	650
17	597
14	375
383	44
718	818
69	120
422	359
910	52
245	272
835	159
942	167
856	725
840	629
346	424
909	170
251	195
933	793
741	548
673	674
479	661
523	496
832	659
933	594
254	47
455	865
842	514
898	971
562	383
896	173
317	3
31	286
530	367
453	553
352	933
977	727
874	767
214	65
980	495
874	315
724	466
186	331
817	996
392	669
811	610
367	793
306	150
413	824
484	887
741	780
569	656
592	469
963	649
601	635
966	165
159	223
26	35
4	95
190	77
935	311
980	974
834	730
70	325
210	104
826	256
744	164
147	204
119	267
750	937
862	526
724	644
433	483
730	249
955	611
73	294
324	120
583	600
794	275
876	320
899	466
137	94
425	415
209	182
948	994
854	642
998	898
784	103
881	364
969	703
473	570
984	733
744	53
985	461
682	901
556	538
447	970
805	212
732	364
415	794
727	578
532	410
866	771
98	317
465	701
878	586
559	546
957	439
515	855
613	999
901	562
980	395
809	394
719	920
919	988
370	543
909	713
338	975
837	121
492	856
494	816
699	836
186	203
253	189
337	408
734	985

70

600
600
600
600
600
600
600
600
600
600
600
600
600
600
600
600
600
600
600
600
600
600
600
600
600
600
600
600
600
600

12
20
18
14
11
11
17
15
18
20
19
20
16
11
20
15
14
11
12
12
17
20
10
11
14
20
17
15
15
19
19
19
16
17
20
17
20
19
19
19
11
14
20
17
18
18
10
20
18
11
17
15
20
11
10
12
18
17
10
19
15
14
19
14
20
13
11
11
20
19
20
11
19
11
11
12
20
10
11
13
10
11
20
15
20
12
13
20
11
14
13
15
14
11
12
15
12
19
13
14
16
19
20
14
17
13
13
12
10
17
17
17
20
10
20
20
11
11
11
20
20
20
20
15
16
10
16
13
10
20
12
11
14
19
14
16
17
18
12
11
16
14
15
14
17
14
17
14
20
15
10
18
11
12
11
20
10
14
16
20
10
14
17
13
19
16
18
11
16
18
16
13
13
11
16
16
10
10
12
13
18
10
20
19
14
19
11
17
12
13
15
19
15
15
14
10
20
18
11
15
17
17
16
16
12
16
11
18
14
10
15
19
18
18
19
19
20
13
20
15
11
10
17
18
10
14
12
14
12
11
14
15
14
19
15
20
14
20
19
13
20
15
13
14
16
20
16
11
10
17
17
12
14
18
11
13
18
20
16
14
11
17
18
14
15
20
14
18
11
16
17
10
17
14
16
14
13
19
15
15
12
15
16
15
13
15
15
15
11
16
11
17
12
20
18
20
12
12
17
16
16
12
12
19
19
13
18
14
17
14
12
16
17
15
12
13
16
14
20
10
11
13
15
13
16
14
11
18
13
14
12
19
20
12
12
13
17
17
10
20
14
18
10
13
16
20
16
11
20
20
18
19
14
14
19
13
17
20
20
11
20
10
17
10
13
11
15
16
20
20
15
11
11
19
20
20
15
13
10
19
18
14
14
19
17
18
19
14
18
13
20
14
16
19
16
18
18
13
17
16
15
17
10
18
13
14
18
11
11
19
19
18
15
10
13
19
15
13
12
13
15
11
14
17
12
17
11
20
19
17
13
19
11
14
16
14
10
19
17
11
12
16
10
12
17
14
11
10
11
14
14
14
17
17
16
13
16
11
15
14
19
20
13
14
12
20
11
15
14
20
13
20
13
10
16
16
17
17
20
20
16
10
15
13
11
17
17
12
10
13
14
16
15
11
13
18
17
13
11
12
19
12
18
19
12
14
17
10
13
16
11
15
17
19
19
13
14
15
14
16
13
18
11
14
12
20
14
17
11
10
18
20
14
12
13
19
14
15
20
11
14
13
14
15
16
15
11
15
15
19
16
10
10
13
17
11
12
10
15
15
19
19
14
17
10
17
13
20
11
16
19
20
13
16
20
17
10
19
11
10
13
13
17
18
14
15
18
11
19
12
16
10
18
20
15
17
20
18
13
10

3
3
4
2
3
2
3
3
4
3
4
4
2
3
4
4
3
4
4
3
2
2
4
3
4
4
2
2
2
4

0

1
