600
30

255	770
430	505
627	410
408	392
462	379
397	559
178	840
760	115
525	428
48	707
644	485
759	183
353	364
924	155
830	332
68	998
350	445
263	734
236	816
98	883
109	671
195	725
218	917
363	435
315	216
417	96
50	532
922	704
262	293
464	959

845	300
352	624
680	108
503	626
852	108
13	967
564	616
600	404
89	838
340	469
544	421
683	44
657	610
908	114
252	708
558	583
553	424
645	355
322	931
780	204
550	524
702	327
788	186
818	45
705	48
726	278
32	803
782	134
137	840
636	630
532	527
766	162
571	462
89	731
499	410
990	116
766	280
722	182
371	627
243	802
325	935
847	329
988	165
989	263
101	697
919	1
214	903
949	297
343	408
397	491
79	783
114	837
189	814
198	761
514	346
124	733
910	105
156	949
788	74
235	685
819	97
287	755
260	848
658	351
640	382
230	808
501	417
748	177
730	322
975	103
937	150
732	158
854	3
829	192
804	2
507	408
556	379
356	579
920	328
458	506
395	386
863	106
807	154
812	186
586	581
777	13
840	122
578	502
126	812
923	40
463	639
159	766
469	537
901	34
311	903
150	999
238	920
425	653
696	32
618	452
499	466
667	287
762	217
153	846
608	436
41	695
777	15
928	174
80	953
813	224
571	370
219	823
321	957
126	916
943	273
146	777
515	581
996	133
788	99
728	259
604	398
800	152
116	734
674	31
157	970
765	171
603	533
807	112
979	312
845	102
385	593
889	266
895	278
768	8
321	672
957	265
468	565
880	210
44	771
30	803
521	652
441	406
141	993
61	965
207	713
877	156
652	589
135	678
101	817
3	734
694	106
648	579
329	780
205	801
570	623
942	251
184	934
521	630
868	259
63	925
17	793
170	913
544	622
902	291
28	812
650	351
421	511
275	855
215	876
532	423
274	980
603	348
507	455
79	810
912	281
526	574
317	777
667	196
680	121
600	547
411	594
159	724
707	138
204	776
545	538
992	8
653	634
556	495
475	594
621	534
480	464
773	112
678	251
512	660
604	573
131	692
853	128
502	416
392	532
183	883
535	666
985	8
178	777
830	118
449	573
904	160
113	682
375	520
311	684
676	262
907	115
797	318
765	270
988	139
389	383
599	371
286	881
386	363
318	814
798	271
1	898
931	22
311	860
860	1
722	114
363	548
356	583
766	281
311	885
906	32
701	179
530	572
2	936
337	449
222	757
181	904
827	314
969	26
205	766
803	313
907	270
72	908
300	759
384	534
809	317
346	555
956	289
749	48
111	760
654	389
892	212
267	674
600	558
213	972
700	306
998	294
598	419
737	247
929	150
856	120
798	123
338	527
315	943
515	553
374	621
217	933
618	391
230	845
881	254
405	663
891	293
855	246
898	51
410	495
87	731
537	458
139	809
319	841
68	710
744	119
522	553
867	271
508	635
392	639
591	373
590	374
623	347
341	476
533	363
810	236
193	778
186	843
911	186
928	55
577	349
69	960
196	867
982	124
319	933
647	371
864	148
617	403
406	470
356	395
912	28
553	445
895	26
895	81
81	836
798	49
361	441
64	824
96	719
268	768
584	424
468	457
624	452
457	488
763	278
435	347
39	991
328	911
583	633
94	914
282	897
512	648
475	382
278	724
851	282
883	130
375	480
183	914
774	237
416	410
193	732
818	290
625	384
462	664
879	38
29	907
535	652
467	588
575	538
395	588
423	583
487	544
741	182
658	472
491	606
600	545
24	702
591	505
706	75
325	843
648	585
944	34
149	846
90	995
309	964
33	777
940	205
606	557
273	670
140	876
862	312
556	542
22	892
341	665
555	383
559	579
410	484
456	660
778	168
975	285
87	705
5	979
24	707
556	458
64	870
864	171
91	868
801	250
345	368
625	467
445	559
443	509
276	789
824	311
263	713
273	785
616	663
622	558
21	699
911	58
223	992
789	53
957	325
600	449
352	376
222	709
337	604
855	154
233	925
465	527
844	318
541	547
673	257
226	808
653	382
128	785
552	610
594	591
878	102
609	347
909	290
585	589
42	673
585	514
550	354
888	98
547	395
905	59
411	540
95	695
613	509
223	783
801	168
958	135
58	719
584	591
306	751
436	578
761	80
978	268
77	762
49	701
534	548
347	402
769	287
433	340
53	913
387	342
198	680
467	562
233	915
455	447
252	779
890	158
596	541
651	599
115	777
189	835
194	711
905	202
80	699
530	539
821	228
583	342
103	781
588	417
388	575
52	890
117	850
982	288
761	164
348	599
466	589
494	560
801	84
924	167
688	217
572	607
28	785
835	71
415	559
28	820
515	568
796	172
945	209
546	361
743	562
772	719
895	444
50	524
722	964
5	256
271	449
461	15
116	290
786	340
674	596
164	208
14	211
914	836
305	190
971	440
98	329
136	244
226	473
8	0
854	680
123	236
734	443
730	723
26	604
586	118
503	134
158	259
832	947
375	762
36	494
834	636
178	173
641	813
80	490
450	778
986	797
310	575
717	789
404	881
153	371
693	489
284	581
814	404
509	325
993	959
612	814
512	748
616	126
545	131
204	189
253	104
627	282
328	37
414	202
858	347
304	509
601	16
20	505
918	466
737	663
945	442
104	266
384	20
593	209
807	860
146	621
379	38
280	351
181	246
19	374
636	154
705	765
713	640
724	579
753	534
404	87
665	216
309	144
438	326
732	650
173	294
423	732
73	406
305	499
724	407
574	271
383	56
276	557
221	599
651	211
364	751
912	349
661	730
809	350
384	962
401	42
945	622
595	270
723	408
360	692
519	326
578	770
310	40
417	216
911	800
127	335
380	125
619	139
335	270
869	803
888	616
328	583
443	293
570	973
76	444
615	909
39	424
881	445
412	236

150

1200
1200
1200
1200
1200
1200
1200
1200
1200
1200
1200
1200
1200
1200
1200
1200
1200
1200
1200
1200
1200
1200
1200
1200
1200
1200
1200
1200
1200
1200

20
17
16
13
13
17
13
15
15
15
10
11
10
10
15
16
14
10
19
15
15
18
17
16
13
18
15
10
17
10
17
15
12
14
19
18
20
13
18
12
15
18
10
12
14
10
14
12
12
14
16
12
10
16
12
11
20
19
19
19
11
19
11
17
14
18
16
16
20
19
20
17
17
17
19
12
19
10
17
20
14
16
13
19
20
14
18
14
16
13
12
18
18
11
13
18
10
17
18
20
14
16
12
20
16
18
19
20
20
20
15
18
13
16
10
20
14
13
20
10
14
10
14
19
15
13
15
17
18
10
13
20
18
17
19
17
19
20
15
19
10
11
15
13
11
12
12
13
15
17
16
10
16
12
18
16
17
10
13
15
20
19
15
17
19
17
18
19
18
15
12
11
13
12
11
14
14
20
15
12
14
17
20
18
11
18
14
11
14
20
20
18
18
19
10
12
12
12
15
12
12
10
17
16
16
11
15
19
16
10
17
15
15
12
16
14
10
11
11
11
12
10
20
11
18
11
10
10
15
20
12
11
10
17
11
14
20
19
18
15
18
11
17
11
14
11
18
10
19
12
15
15
10
18
13
20
17
20
12
18
17
19
12
19
10
20
18
13
20
15
18
14
14
20
15
19
17
16
20
14
20
19
10
11
19
20
14
19
13
15
12
13
10
16
14
16
19
18
18
17
20
18
11
10
15
15
13
12
18
14
17
20
16
13
13
16
17
10
19
13
11
14
20
17
14
20
10
15
15
18
16
19
12
15
11
15
20
19
12
18
12
18
20
14
13
14
18
12
16
14
15
12
17
16
13
17
12
20
10
13
18
10
17
18
14
16
10
20
16
16
18
19
15
19
17
12
13
20
11
19
16
20
13
12
19
15
17
16
17
16
15
17
10
19
17
12
17
11
15
14
18
17
13
17
18
13
10
16
13
14
13
20
14
16
12
13
19
11
20
19
18
20
15
19
11
15
11
11
13
10
15
11
12
17
19
14
16
14
13
13
20
15
17
18
10
10
13
12
13
12
11
19
12
20
18
17
20
14
11
12
10
19
20
16
10
18
13
11
13
16
19
15
13
11
12
14
16
17
12
14
11
15
17
18
18
14
19
19
18
16
18
13
15
10
18
19
12
14
17
13
16
11
13
20
18
12
10
20
20
13
16
15
17
16
18
16
10
12
10
18
15
12
19
18
11
13
15
17
15
16
18
11
12
14
12
19
20
16
20
19
19
12
13
11
19
15
11
13
12
11
13
15
18
14
12
15
19
12
20
17
18
20
16
13
20
12
15
16
16
15
20
18
10
17
19
17
12
14
11
14
10
17
14
17
10
13
19
17
17
12
12
11
20
18
10
17
15
12
12
14

2
2
3
3
3
2
4
4
2
2
2
2
4
4
3
2
4
3
4
3
3
2
4
4
4
2
4
4
4
4

0

1
