600
30

243	7
322	193
222	160
901	531
890	660
621	35
451	151
927	453
68	455
519	787
625	554
179	762
433	5
667	568
36	727
322	874
911	479
212	932
404	281
629	489
134	259
690	311
300	666
678	106
525	112
280	334
79	592
645	259
688	501
416	358

658	56
214	0
945	546
725	370
925	252
972	466
61	920
136	972
456	153
444	933
556	532
96	332
653	512
527	877
146	863
727	978
322	31
522	637
940	116
729	39
956	119
696	152
411	724
889	301
381	406
651	783
301	23
114	647
503	480
617	858
114	510
88	155
461	345
770	319
218	688
789	708
186	758
742	202
353	589
858	587
209	428
284	92
766	117
344	675
838	810
244	879
28	314
224	913
482	247
405	339
160	639
37	107
831	256
899	782
45	836
517	809
276	87
871	93
807	495
113	282
404	695
261	746
900	814
418	572
933	317
793	492
758	302
190	426
80	644
282	220
334	452
185	954
858	667
451	810
238	174
378	117
491	620
320	957
588	267
183	64
660	970
711	773
202	338
963	70
664	769
158	652
959	978
370	236
737	449
936	951
291	410
969	557
160	620
471	163
584	661
387	219
942	112
166	569
61	626
24	229
764	815
92	481
546	864
575	197
930	532
89	648
142	561
530	846
311	995
626	554
324	383
694	676
562	593
476	840
76	625
888	81
496	373
570	636
938	434
499	280
426	720
793	269
498	434
257	780
13	304
158	899
786	32
369	798
424	71
569	784
276	268
306	402
948	797
83	543
236	905
795	607
809	15
518	24
558	934
286	725
722	512
230	644
548	648
990	345
349	898
444	720
520	880
99	584
984	506
905	589
453	466
534	63
802	3
80	639
859	802
169	910
560	101
112	929
639	595
813	788
525	270
360	660
231	813
134	722
520	294
130	344
246	217
838	203
256	963
132	674
271	125
825	720
365	93
864	33
935	20
613	826
249	56
318	115
621	692
481	144
975	277
48	746
740	128
384	631
709	165
465	817
806	971
982	499
406	802
582	516
350	185
863	835
485	77
32	807
359	864
488	985
89	601
848	563
120	266
327	427
933	392
983	395
919	691
472	296
389	975
523	741
132	14
984	931
223	127
200	901
321	721
108	953
13	115
577	899
402	177
879	96
80	148
429	147
831	310
788	763
578	35
583	435
765	94
944	334
698	561
755	40
466	894
845	371
66	36
976	222
611	816
20	336
384	884
421	8
252	92
299	814
161	439
441	574
580	598
816	988
722	158
416	900
521	117
980	415
771	633
709	896
774	249
166	717
981	802
359	189
493	927
520	84
121	742
99	467
904	509
710	973
880	304
752	184
799	890
759	268
624	304
692	462
845	546
281	991
429	34
852	891
763	459
517	921
959	505
849	890
766	133
83	784
811	229
278	198
118	572
958	759
126	842
320	873
366	575
992	840
489	307
499	675
780	652
348	391
687	248
384	544
427	708
11	420
271	172
286	885
161	687
266	812
47	312
104	735
506	117
720	844
343	293
441	935
396	97
605	203
537	723
571	451
715	165
400	862
234	591
92	749
542	818
37	376
199	53
666	672
746	336
600	956
740	173
3	310
607	151
695	124
735	78
349	470
145	707
725	182
148	811
426	250
975	942
829	111
769	259
195	445
457	421
67	962
35	241
545	764
290	971
43	302
947	428
824	555
417	851
106	67
501	118
689	158
52	331
958	810
59	151
416	523
557	678
321	337
406	333
187	67
641	626
559	88
531	238
121	675
769	945
837	731
675	160
854	440
679	243
601	762
945	242
420	614
40	155
959	887
405	848
702	815
82	424
268	45
106	737
419	996
236	382
675	51
42	238
152	437
946	242
387	112
18	260
189	352
760	654
329	517
992	655
65	892
736	592
271	445
589	734
412	820
545	795
623	345
205	439
808	942
164	840
849	615
833	701
251	300
627	482
701	483
587	741
620	709
737	128
98	547
175	63
414	667
25	639
503	207
464	649
995	598
864	93
211	159
395	384
158	675
168	992
793	782
568	910
276	536
597	104
259	834
569	838
631	290
853	218
444	970
192	215
131	572
844	151
68	607
252	911
71	481
983	467
315	381
23	727
673	460
266	631
530	940
559	479
276	760
636	669
347	825
752	47
209	64
893	897
314	826
860	684
897	809
618	32
240	119
951	600
576	631
809	274
553	918
636	55
764	401
623	915
989	5
543	437
602	501
33	866
370	298
647	151
321	785
775	256
889	915
973	875
953	406
748	89
705	169
961	845
807	499
89	563
825	382
2	558
212	454
473	713
164	436
130	316
749	846
509	820
712	525
594	450
207	376
454	667
648	1
513	400
376	781
892	658
99	386
770	284
292	160
830	238
914	291
305	743
840	912
427	145
207	878
728	882
398	220
318	787
479	790
991	859
766	405
116	799
463	954
692	548
229	125
483	757
658	381
13	157
329	361
91	439
20	96
414	131
49	445
975	174
711	656
29	645
75	246
345	846
882	766
202	308
260	43
376	325
333	542
769	928
200	279
678	270
227	874
918	740
348	346
212	603
417	390
701	664
439	208
418	260
259	221
747	266
312	129
649	617
58	845
607	918
689	216
536	9
704	764
982	890
415	331
231	0
778	336
880	902
653	267
236	26
624	934
887	371
907	298
560	176
535	109
934	642
441	387
564	241
395	344
907	462
590	400
483	613
349	931
309	832
675	180
493	151
393	224
193	331
107	609
812	172
331	930
292	888
731	720
730	384
63	369
843	746
275	786
972	170
352	749
440	212
661	102
689	305
805	437
234	579
606	54
251	209
196	424
915	1
733	294
862	122
14	446
148	239
576	411
659	217
719	870
596	489
81	266
679	780
172	406
340	428
928	271
375	610
273	177
318	479
853	67
1	931
116	90

70

400
400
400
400
400
400
400
400
400
400
400
400
400
400
400
400
400
400
400
400
400
400
400
400
400
400
400
400
400
400

12
10
17
10
15
18
19
20
13
12
17
15
13
14
10
15
11
17
15
17
18
16
14
18
16
15
10
12
12
19
19
10
10
12
17
20
15
17
14
15
18
19
12
20
11
19
11
12
12
17
15
17
12
17
19
11
11
16
12
10
15
15
13
11
10
20
15
18
14
16
20
16
10
11
11
18
13
13
15
20
10
10
12
10
18
18
16
19
13
17
17
15
11
17
14
13
20
10
10
15
15
19
18
16
20
13
13
19
16
12
15
12
10
15
19
12
19
13
11
11
14
17
20
20
12
18
17
10
19
15
13
16
11
18
17
17
15
12
12
11
16
18
13
10
19
18
15
16
15
12
11
17
11
16
10
13
16
18
14
13
17
12
10
12
11
15
12
15
15
18
13
10
17
10
15
20
19
20
19
12
15
10
14
14
13
13
19
18
11
20
11
14
12
13
17
20
16
15
17
13
13
14
16
20
20
10
14
16
20
14
11
16
12
20
20
13
10
15
16
16
11
19
10
17
11
11
19
10
13
18
11
19
18
18
12
12
14
12
20
13
14
10
15
10
12
14
12
11
11
18
18
20
20
14
10
18
19
20
14
20
12
15
15
16
13
11
10
15
15
11
18
17
19
17
11
11
18
15
12
18
20
10
11
14
13
16
14
11
16
14
12
16
16
15
17
15
15
19
20
20
16
11
11
18
14
17
18
20
20
20
13
17
12
15
10
12
14
15
19
10
15
11
10
14
19
11
13
16
11
11
18
10
16
17
15
14
20
19
19
15
17
17
12
10
14
18
14
20
12
16
12
12
15
18
13
13
11
15
11
20
16
19
11
19
19
17
13
12
18
18
15
16
17
16
16
20
13
17
10
13
10
16
17
16
12
17
14
14
15
16
10
12
19
20
12
17
18
14
15
20
11
12
19
18
13
13
14
17
15
10
10
18
11
16
14
18
10
20
15
16
10
19
14
17
14
17
11
17
19
11
20
11
12
13
11
16
10
13
15
18
14
15
11
15
13
19
10
17
13
13
12
20
10
16
18
20
16
18
18
11
20
19
19
20
15
20
19
14
13
19
16
15
17
13
14
14
18
12
20
15
14
10
16
14
18
17
13
14
11
18
16
11
12
19
18
17
14
18
11
15
15
16
13
13
20
18
20
12
12
13
20
17
17
19
17
19
16
15
10
10
12
19
19
11
16
11
19
10
18
10
16
12
17
18
20
13
16
13
16
17
18
18
15
13
15
16
19
17
18
17
17
14
18
16
11
17
14
11
18
18
16
15
15
17
10
20
10
12
13
14
19
20
15
14
12
13
16
12
12
16
12
19
15
19
14
17
11
19
19
10
20
20
20
19
17
16
14
11
13
10

33103
33064
20854
39111
30043
38801
27598
23291
39791
26501
25378
24349
35005
28568
38715
24333
36078
22736
24582
31917
38590
32360
36036
36058
30650
26032
26387
21261
38138
23312

0

1
