700
35

970	925
278	288
608	261
679	813
246	94
461	205
775	776
699	849
747	886
583	328
423	169
32	20
882	865
623	309
321	168
160	60
970	729
122	252
593	234
801	690
280	83
209	224
88	97
388	319
852	972
9	307
252	128
103	131
99	862
797	545
655	852
670	65
776	188
131	699
602	689

857	893
608	317
886	732
565	207
205	50
804	790
264	58
176	231
593	124
683	961
346	21
348	249
113	108
641	35
7	304
719	923
651	100
184	64
377	168
152	65
558	223
77	319
588	231
727	908
324	89
921	848
30	208
765	700
261	233
102	180
153	10
681	745
115	64
26	286
391	108
410	38
397	105
633	332
630	63
779	798
740	666
238	265
850	855
417	90
309	109
154	45
877	760
953	746
854	873
868	690
750	932
831	703
861	998
278	218
301	302
201	156
230	186
859	999
389	131
364	108
737	912
108	332
745	668
668	801
741	896
558	219
764	811
157	1
53	303
714	907
120	102
177	67
51	325
193	110
689	674
985	760
744	674
433	282
413	17
581	314
604	116
90	167
494	106
743	721
705	783
401	16
661	86
860	786
167	92
550	132
356	272
378	75
920	746
453	130
511	170
611	76
153	199
634	208
304	230
699	729
303	55
243	30
293	165
602	182
971	766
178	246
47	96
643	174
422	202
272	64
508	184
18	258
969	893
485	280
487	81
252	85
551	324
837	773
712	979
270	247
199	199
316	60
589	321
850	832
545	92
211	59
868	767
896	836
720	987
311	217
824	678
630	14
40	226
342	259
937	828
43	87
699	783
224	230
962	785
552	63
973	904
912	878
699	688
483	101
728	839
216	328
186	232
66	324
826	890
983	694
630	105
490	149
942	945
581	211
292	324
870	925
815	975
584	161
916	773
811	897
386	331
671	715
98	174
616	253
125	13
217	28
373	29
164	300
168	315
208	135
456	48
947	904
858	800
737	923
896	679
992	932
486	220
337	127
462	162
510	151
112	0
123	141
605	60
422	188
510	22
999	959
679	986
861	881
732	726
973	783
517	73
473	204
546	302
537	154
870	756
848	945
352	208
60	85
968	991
739	724
130	90
928	820
318	28
220	233
139	17
215	228
962	692
386	131
181	287
778	859
184	271
183	250
970	884
786	874
585	191
515	65
691	986
975	700
676	896
858	683
72	61
783	972
671	684
754	715
619	60
383	266
586	294
414	12
851	908
359	206
114	255
385	47
340	267
727	987
200	306
206	10
499	267
578	192
776	928
20	89
413	310
564	276
550	309
19	313
496	213
158	246
447	131
93	144
392	51
630	280
23	310
941	871
701	703
718	706
370	52
269	282
971	999
680	669
554	281
181	303
734	724
644	188
810	905
691	831
443	86
832	823
385	289
198	310
897	757
361	226
749	941
517	106
150	77
515	217
598	120
337	141
803	919
712	917
891	868
255	245
453	139
905	826
319	48
147	262
737	877
339	90
269	28
805	743
551	322
435	239
204	166
141	177
248	238
221	226
8	237
996	845
293	12
42	140
372	137
280	42
249	37
5	72
71	330
786	926
899	828
919	870
861	982
915	789
838	964
384	107
876	773
291	205
546	222
912	946
660	314
64	202
92	106
332	280
937	806
120	137
246	97
509	31
738	695
158	76
999	763
426	137
612	0
702	687
71	119
317	170
164	40
877	914
376	100
57	179
603	120
108	167
170	55
617	233
191	235
519	246
108	93
361	105
333	214
298	250
668	973
554	277
904	858
961	679
806	940
226	46
283	119
586	61
686	969
326	259
65	231
325	126
37	204
257	320
111	42
555	131
724	672
677	868
525	274
982	808
570	41
327	280
169	94
318	278
257	180
521	278
765	905
921	908
697	693
732	925
864	898
201	227
394	215
346	137
366	27
551	73
63	93
202	1
261	259
306	154
416	162
608	143
263	162
728	668
387	279
63	202
935	725
336	29
157	275
861	970
834	761
479	125
52	6
271	75
705	882
148	152
212	153
699	983
801	810
552	243
149	20
691	757
620	269
324	159
571	182
78	8
503	305
517	158
185	16
74	217
309	147
46	194
72	190
910	878
728	889
466	242
174	302
626	110
501	219
846	690
216	255
584	150
281	141
577	245
899	817
595	137
565	182
529	210
634	282
301	202
173	84
237	300
371	24
593	196
585	183
405	144
292	281
92	261
724	744
193	278
304	58
223	179
746	870
501	16
317	17
59	215
739	743
793	709
342	78
306	273
859	966
523	208
337	284
648	267
399	29
490	103
255	247
124	38
609	185
899	938
547	283
393	233
235	178
14	31
11	145
870	984
585	157
608	264
976	890
523	72
602	16
740	813
626	86
841	692
185	293
317	279
910	717
186	34
318	20
468	93
678	798
79	138
437	169
474	52
201	113
268	57
985	836
70	259
660	34
633	195
680	784
329	257
247	86
270	14
332	196
465	322
114	172
172	1
666	822
269	35
721	744
197	294
887	781
173	302
982	816
607	202
352	161
904	851
516	225
289	193
852	751
28	48
223	209
28	173
511	80
684	718
801	873
572	112
752	716
912	772
911	733
387	102
302	35
890	864
942	863
255	108
344	303
282	6
98	180
646	71
731	914
236	213
658	97
279	101
429	310
216	253
817	903
610	118
806	911
533	177
779	926
6	311
375	292
979	722
732	876
298	72
193	171
468	142
856	893
414	38
362	185
397	114
626	79
378	302
753	950
96	111
974	276
182	758
803	645
68	685
780	54
307	978
456	685
985	111
330	549
259	998
600	888
108	901
969	114
943	240
273	908
210	852
160	650
509	956
154	796
26	617
236	651
324	717
348	754
682	462
115	706
759	239
791	197
21	931
861	559
859	280
755	279
991	294
433	417
104	690
229	737
474	768
418	349
175	754
402	365
283	821
216	851
31	659
801	21
572	945
685	36
913	521
834	290
693	292
39	827
423	785
243	671
85	859
308	988
748	588
801	321
625	529
703	23
538	982
358	460
484	758
66	392
358	554
899	229
91	788
679	47
741	570
534	965
545	563
450	516
722	460
722	385
345	575
446	389
585	445
911	64
975	498
671	261
367	509
96	875
306	566
326	910
76	409
794	651
307	399
370	866
959	354
927	260
431	620
438	675
894	73
468	403
871	466
549	547
231	569
232	399
31	643
849	139
529	529
774	203
755	327
664	437
551	800
905	365
794	156
301	600
737	271
822	283
507	440
347	535
711	400
722	126
732	223
79	598
913	321
613	787
601	876
745	448
63	786
611	364
708	102
561	463
844	462
982	159
301	399
418	822
440	783
858	188
335	493
802	222
1	780
157	721
734	301
775	554
63	354
534	648
631	392
198	401
765	583
979	504
431	906

70

400
400
400
400
400
400
400
400
400
400
400
400
400
400
400
400
400
400
400
400
400
400
400
400
400
400
400
400
400
400
400
400
400
400
400

20
11
12
10
11
10
11
16
17
13
14
15
12
19
15
14
13
10
13
14
19
16
14
19
20
19
17
18
11
17
19
19
11
19
15
16
20
13
12
10
12
14
16
18
20
16
17
15
18
10
13
18
17
10
16
15
18
19
14
16
15
16
18
14
15
14
11
15
11
12
19
20
12
17
13
12
12
12
11
17
13
15
20
16
18
11
11
19
11
11
13
17
10
18
10
11
13
20
16
19
10
10
15
13
19
20
15
14
14
20
16
10
11
14
18
20
17
10
13
13
13
18
19
14
17
11
13
10
15
15
18
16
14
16
16
10
18
18
15
13
20
20
19
17
18
11
11
15
18
15
18
17
19
20
18
15
19
12
16
20
13
13
14
12
11
15
19
16
20
12
13
18
18
18
20
15
11
18
16
20
10
20
19
14
10
16
10
18
12
16
12
13
18
17
17
13
16
18
16
15
13
11
16
17
11
17
20
19
17
16
20
11
15
17
10
13
13
19
10
13
16
17
10
11
11
16
12
18
20
18
16
10
12
14
14
13
16
17
20
20
18
11
10
10
11
18
11
20
15
20
12
17
14
15
19
16
11
15
15
11
12
18
15
18
12
14
12
17
17
11
17
12
11
12
12
18
16
17
19
16
10
19
18
16
16
18
16
20
16
14
17
12
20
18
15
16
15
11
19
12
15
13
10
10
11
12
13
11
12
15
18
15
13
18
10
20
12
15
12
15
10
12
20
15
10
16
15
15
18
11
16
13
19
16
10
19
18
10
11
13
18
16
15
15
19
10
16
15
15
12
10
14
16
20
16
17
10
11
12
13
20
13
14
17
15
10
11
11
11
16
20
17
10
16
10
20
16
20
18
15
11
10
14
18
20
12
12
15
11
10
12
16
11
14
13
19
14
11
19
12
19
18
16
14
12
13
10
20
11
12
12
11
15
14
10
11
14
15
11
17
10
13
18
11
13
19
15
17
13
14
11
13
19
17
14
11
17
17
13
11
18
11
18
12
16
14
11
20
11
15
16
19
14
19
12
10
16
20
18
19
16
14
15
19
20
11
14
16
11
17
11
13
17
13
20
18
20
15
19
20
16
17
16
18
14
16
16
20
17
12
17
20
20
18
19
18
19
20
19
17
14
15
17
11
14
17
12
20
17
20
14
20
15
14
17
12
14
10
17
13
20
14
15
13
13
10
10
16
13
20
11
20
12
12
11
19
15
16
17
10
14
12
15
20
17
12
18
18
13
18
12
14
18
17
15
13
19
14
12
15
16
15
10
13
10
20
10
19
10
10
16
14
13
20
14
14
20
12
14
10
17
18
15
20
12
12
14
11
18
18
12
18
18
13
18
10
16
10
13
18
17
15
14
17
15
15
19
15
10
19
12
11
13
11
18
15
19
17
15
12
16
13
18
18
12
18
19
17
12
20
11
17
16
17
12
11
17
14
17
18
14
16
16
16
19
15
18
12
11
13
20
19
15
20
12
20
14
12
18
13
13
20
16
20
20
12
20
13
11
10
20
19
10
13
10
15
12
11
15
12
20
19
19
11
11
15
16
14
10
11
10
18
14
18
11
20
10
15
19
10

35217
24007
32651
30287
39590
24904
21826
35375
32588
30340
23532
30670
25872
27638
22341
25035
31723
21993
27363
30002
28440
34841
22752
30247
22591
37946
37490
38315
28889
33787
20291
34332
27638
30909
28888

0

1
