700
35

339	106
354	387
815	7
348	395
883	42
979	122
626	250
352	11
502	662
929	224
755	312
51	152
1	141
576	719
610	827
581	837
707	233
338	153
573	540
528	68
574	731
417	941
613	276
230	66
557	69
519	207
504	495
597	37
252	349
980	901
175	668
892	695
928	777
953	965
871	697

560	810
7	209
1	144
530	488
11	315
484	729
645	241
310	107
517	641
213	121
171	88
451	207
761	7
947	168
456	232
638	831
855	67
668	188
153	151
604	496
367	219
377	184
460	895
356	636
661	808
163	240
782	111
423	860
433	568
648	574
475	356
627	278
831	209
218	114
580	771
425	852
431	384
578	105
484	380
889	70
571	370
313	136
645	827
90	165
380	584
577	540
149	156
812	55
957	165
633	720
416	778
556	855
402	207
585	56
624	272
709	101
450	494
760	71
764	160
582	752
376	37
303	152
187	108
469	539
453	939
421	667
150	120
574	92
139	8
830	300
291	236
70	100
255	330
705	163
660	509
957	65
455	861
390	473
140	228
637	333
469	540
688	68
408	563
571	376
349	666
365	679
562	532
229	299
242	76
762	126
1	135
543	268
317	180
814	311
70	12
474	779
131	322
295	83
351	242
857	65
362	685
392	458
427	980
383	998
365	70
24	264
363	937
417	250
831	276
729	237
260	321
367	27
889	293
384	76
533	118
948	85
506	598
593	990
486	571
475	604
623	802
432	326
73	310
491	125
970	157
364	925
616	478
443	284
20	119
188	143
643	230
436	557
282	333
511	740
687	45
16	272
726	145
225	319
216	41
463	598
643	17
743	58
261	306
942	171
623	738
3	48
435	169
926	123
538	185
791	218
552	471
827	45
791	13
457	191
392	321
420	646
987	83
512	36
604	47
691	135
990	5
97	61
48	60
411	376
334	968
802	254
89	332
857	29
457	690
133	42
592	585
251	220
531	345
986	262
731	120
359	735
158	180
806	330
614	584
521	797
566	280
492	433
374	166
555	286
418	18
371	949
912	292
629	790
544	903
221	293
450	989
927	154
763	305
415	817
361	480
407	124
517	925
104	324
950	229
313	331
58	145
189	163
494	429
751	321
641	594
423	416
401	717
195	253
704	237
269	70
456	62
927	296
500	937
511	972
534	145
386	452
976	43
340	103
471	907
873	323
731	265
587	590
452	575
536	813
91	318
41	89
901	245
573	441
404	385
308	325
989	226
230	92
404	918
651	404
658	447
584	323
377	572
642	647
412	557
572	494
398	519
817	129
525	259
822	274
783	90
364	893
450	532
666	435
352	121
191	216
581	977
647	948
578	180
222	114
137	304
688	313
540	574
571	185
421	129
377	177
395	632
298	229
430	864
125	191
10	304
599	455
891	142
537	150
99	141
236	293
537	788
354	290
52	220
561	498
779	280
751	123
402	337
568	51
545	997
388	36
863	95
630	861
510	574
647	572
653	388
448	761
514	805
604	890
518	426
794	112
164	114
157	294
497	547
646	529
311	188
799	203
502	875
281	304
732	76
535	627
441	275
550	355
335	335
530	424
10	284
559	819
404	650
23	155
482	799
572	63
495	615
454	388
466	689
385	395
611	526
80	216
741	86
647	353
702	200
568	32
549	873
658	289
631	249
409	672
599	482
584	161
452	213
521	254
446	260
527	310
491	682
986	294
48	332
512	570
496	509
614	914
446	754
309	185
488	25
363	22
411	441
916	65
521	497
136	158
390	566
631	956
478	21
525	768
583	342
378	164
301	78
835	14
200	118
593	760
797	301
651	748
841	161
87	162
625	297
372	619
524	692
605	594
823	11
511	297
336	333
489	236
462	120
440	518
340	458
581	866
514	436
70	99
66	166
333	120
51	58
623	540
334	992
280	127
536	428
378	757
384	574
493	566
918	295
639	884
533	724
331	126
152	83
486	986
618	399
8	289
515	262
686	253
169	159
107	157
333	64
365	270
96	128
457	92
39	80
382	953
584	47
988	234
26	285
7	121
568	567
213	328
592	617
523	558
349	937
247	237
490	832
355	333
374	520
607	984
682	317
603	530
161	114
359	610
556	152
1	257
523	7
619	613
257	251
533	563
517	624
184	20
344	929
640	665
586	525
585	521
392	56
369	734
507	600
661	920
632	237
525	923
561	99
702	81
521	191
496	149
510	112
519	791
638	195
965	167
746	18
700	308
184	132
558	345
952	281
430	3
404	549
810	289
817	327
442	183
117	240
887	215
595	409
404	624
192	90
134	332
348	553
297	106
581	13
442	922
436	612
620	214
484	407
152	86
564	946
569	519
472	366
395	40
263	197
673	35
642	600
541	486
624	86
391	441
705	2
523	769
981	119
531	377
713	167
480	926
991	151
501	15
950	274
391	798
204	200
942	98
400	649
220	9
627	367
130	114
219	88
890	329
522	500
903	303
767	121
464	751
495	671
360	62
986	222
859	288
555	934
661	826
742	278
751	63
659	45
584	509
446	838
455	270
347	412
602	81
588	349
501	77
225	193
470	976
795	8
423	664
640	117
575	41
691	270
556	459
576	490
524	59
391	589
548	790
358	86
602	401
516	861
666	190
807	44
567	64
646	373
524	751
541	79
813	53
375	31
454	482
878	85
537	467
430	158
395	273
269	269
512	455
403	426
444	418
483	924
609	630
425	763
22	81
652	752
345	579
485	366
416	731
646	741
431	134
959	261
385	481
696	790
122	949
239	731
83	354
238	755
737	514
73	486
804	738
815	949
253	807
878	683
754	712
1	917
852	371
13	850
219	367
775	657
976	446
159	519
748	880
152	672
741	886
750	968
683	941
667	405
947	834
753	800
704	858
798	479
102	841
964	568
293	368
228	434
725	469
927	641
151	831
157	414
87	903
926	547
900	623
153	983
859	604
188	850
206	589
204	714
958	704
856	816
759	394
748	885
687	386
925	889
969	613
869	692
53	360
256	571
61	737
939	593
892	557
237	954
968	639
111	876
884	415
3	386
864	585
125	420
961	427
944	930
730	884
62	392
316	906
200	412
7	732
816	679
101	567
923	398
32	461
161	573
315	672
143	554
181	704
23	943
948	712
990	987
767	699
980	895
979	599
108	688
876	656
853	617
709	654
55	486
130	991
834	906
737	752
29	347
268	660
912	618
758	594
861	712
278	928
997	378
262	364
785	412
717	543
987	643
253	668
928	619
963	682
884	356
230	775
769	347
247	792
667	594
254	867
257	718
26	723
816	774
275	991
251	987
799	572
899	485
839	661
969	944
94	742
834	370
258	907
926	975
805	721
829	851
47	744
330	594
683	876
194	415
101	409
329	735
981	956
820	975
129	524
307	555
153	526

150

400
400
400
400
400
400
400
400
400
400
400
400
400
400
400
400
400
400
400
400
400
400
400
400
400
400
400
400
400
400
400
400
400
400
400

19
16
12
12
19
17
12
13
18
12
17
14
10
16
12
19
18
13
20
20
16
11
14
12
18
15
18
19
14
19
19
11
19
14
12
13
11
20
19
15
13
11
14
10
11
10
10
16
20
12
19
10
11
10
17
10
12
20
15
10
14
10
15
18
15
15
12
12
16
19
11
12
15
17
12
12
20
19
20
11
17
13
17
10
19
20
16
12
16
15
16
18
13
20
11
10
10
14
12
14
18
14
17
20
16
20
17
16
13
10
16
20
19
11
14
20
12
12
19
19
10
15
11
17
20
18
18
13
14
15
14
10
11
10
12
15
11
19
11
15
17
10
18
12
13
14
16
17
19
18
10
19
18
13
12
18
18
13
14
18
19
14
19
17
19
14
11
18
11
13
12
10
17
16
18
11
20
11
15
20
11
18
17
13
19
12
12
20
14
19
11
11
16
11
14
12
18
13
14
19
15
17
20
15
10
11
16
20
11
10
12
12
12
20
16
16
16
16
19
14
17
11
10
10
12
10
12
20
18
19
19
20
13
13
13
13
18
20
17
16
10
12
15
11
17
18
10
15
15
14
14
16
16
19
14
14
12
13
18
19
19
18
17
20
12
19
17
16
13
18
19
10
17
18
12
20
15
15
18
13
16
11
15
20
18
16
19
13
19
17
17
11
16
18
12
13
12
17
13
13
19
16
20
13
12
19
15
13
17
14
19
19
12
10
13
17
20
11
20
10
17
19
17
10
14
11
12
10
15
14
13
16
10
15
18
20
10
12
16
13
10
19
10
20
12
19
20
14
18
18
19
17
20
14
14
19
15
17
16
17
10
20
14
17
13
13
18
20
19
13
11
18
14
12
15
20
12
10
20
19
20
20
13
18
12
16
13
19
11
12
11
15
19
18
15
15
11
14
10
11
16
18
19
18
17
17
11
17
12
10
12
19
11
11
17
13
18
20
13
11
13
20
18
11
12
12
12
10
10
16
20
18
13
19
11
20
15
18
19
18
15
19
11
17
16
12
20
11
17
16
11
17
11
12
16
18
10
10
17
19
17
10
10
11
14
13
10
16
15
18
17
10
20
11
15
18
16
18
17
13
13
11
11
15
16
14
17
19
13
14
11
10
17
13
12
20
12
10
12
20
12
17
11
10
14
12
18
15
16
16
19
18
15
16
11
17
14
18
10
20
18
17
16
10
18
13
10
14
17
15
14
14
12
16
16
19
11
18
13
19
15
19
11
16
20
20
15
14
18
14
20
14
11
11
15
18
14
17
18
19
14
19
18
18
13
16
11
13
19
20
19
11
17
12
11
17
19
12
18
16
16
12
12
15
12
14
11
19
13
14
19
19
11
17
10
12
19
18
19
13
16
10
12
11
19
17
12
10
19
17
15
13
11
12
12
11
13
19
16
20
19
13
18
13
13
16
11
10
11
17
18
16
19
15
19
20
16
14
13
13
11
11
18
19
10
13
14
14
14
12
18
17
18
16
15
20
16
17
10
19
17
14
15
12
20
17
12
18
13
13
13
12
14
14
11
20
16
14
16
16
16
16
20
19
20
18
17
18
18
13
16
12
14
18
15
14
12
19
11
11

249
243
327
385
209
333
254
257
289
251
334
369
310
282
297
251
201
336
299
324
284
204
304
346
240
386
318
373
276
354
220
359
266
280
286

0

1
