700
35

874	150
456	611
348	464
727	268
839	71
580	513
375	417
800	208
957	589
703	183
491	339
459	479
720	643
407	422
473	539
376	436
837	433
535	509
801	607
757	291
883	65
767	548
588	607
730	576
737	72
669	147
707	28
766	41
599	114
818	735
366	207
624	191
109	545
407	104
247	616

663	506
870	650
891	349
629	514
951	220
813	94
901	420
522	640
487	372
831	461
883	629
706	403
809	361
794	429
909	540
775	530
931	151
919	2
485	384
661	462
481	419
744	200
666	619
760	354
996	397
841	73
731	118
525	589
903	20
994	635
899	441
803	458
495	664
503	596
456	628
827	58
527	479
570	538
756	180
625	453
458	366
752	555
521	338
750	415
864	537
718	265
855	258
904	597
681	65
629	345
835	379
519	468
767	174
898	438
364	397
585	451
692	92
423	368
635	654
841	142
964	343
717	573
664	577
950	464
599	653
788	377
335	426
668	252
766	358
554	586
710	164
839	598
718	83
443	550
482	356
672	250
693	95
846	4
731	425
831	35
758	555
647	594
554	492
849	338
706	649
769	293
890	77
916	386
874	316
453	549
346	638
410	408
449	480
740	408
678	326
804	331
697	610
710	319
943	418
783	509
666	369
507	366
603	550
507	633
714	312
618	648
906	93
986	336
621	623
485	345
947	445
854	609
827	602
849	54
802	194
396	533
722	14
908	627
387	435
862	409
802	630
817	95
713	285
359	570
774	33
818	363
413	461
882	340
777	233
358	639
364	600
679	56
857	215
887	441
687	660
962	322
373	596
819	80
463	560
349	603
486	530
657	632
685	378
795	412
697	436
479	602
698	595
775	274
432	426
950	348
352	470
666	53
482	576
767	204
343	407
350	396
930	239
504	620
692	492
889	240
682	627
453	591
666	231
855	335
925	119
770	628
956	43
779	379
754	636
729	107
555	601
836	666
970	41
955	342
826	529
815	376
841	324
810	159
343	462
976	120
820	635
955	32
496	360
384	613
420	505
815	401
599	622
447	648
437	591
981	18
791	291
499	446
693	350
992	278
638	336
800	606
534	443
841	254
397	565
676	107
448	578
341	398
496	420
843	148
612	388
841	348
965	509
866	591
850	377
554	643
813	391
876	625
948	576
481	460
756	609
727	123
659	581
841	61
925	237
525	347
571	488
727	641
767	341
344	586
630	365
804	142
631	412
850	49
412	560
715	154
601	665
788	85
353	432
667	100
670	637
731	649
809	4
662	510
802	623
977	543
893	543
896	362
394	401
941	298
528	380
491	497
519	443
564	415
723	25
541	608
394	616
992	315
474	647
926	67
816	587
792	304
916	359
945	255
470	561
744	152
849	132
977	76
946	564
746	258
859	650
815	495
980	402
625	666
625	468
491	354
958	159
625	443
982	137
775	32
459	506
631	376
775	642
864	17
907	623
769	514
835	588
791	220
863	503
730	21
867	167
861	398
538	595
622	349
629	590
911	468
775	533
640	651
757	609
845	608
902	207
595	513
732	365
471	434
624	652
879	450
783	561
803	596
712	287
618	394
948	444
377	387
671	463
763	114
883	63
585	359
973	627
807	281
812	415
640	452
402	334
910	42
690	83
659	450
746	659
477	399
978	190
892	535
748	554
660	595
977	210
567	557
682	97
781	571
989	621
685	304
829	190
821	630
492	657
967	393
944	418
624	658
820	232
990	60
949	496
663	470
421	468
810	107
651	613
433	648
764	40
540	404
789	645
441	615
913	337
635	609
853	560
826	588
695	586
361	608
813	476
739	243
743	175
869	149
870	226
467	373
958	592
981	357
417	456
789	71
802	248
351	540
902	333
649	477
992	401
811	411
727	6
685	591
704	213
995	535
715	323
679	116
613	389
985	317
676	581
382	596
800	13
504	350
865	425
629	636
395	534
991	316
920	583
736	341
851	216
774	504
925	534
689	361
901	28
863	264
905	543
908	646
693	321
988	31
941	469
794	369
957	398
508	362
840	263
610	447
354	476
395	599
493	390
489	352
843	339
470	354
432	342
607	576
856	9
768	103
821	535
818	120
735	383
944	403
977	174
350	624
914	566
906	37
811	587
803	158
597	347
545	367
848	518
910	176
448	476
768	622
810	663
835	40
824	661
897	304
838	354
406	659
335	498
811	402
795	211
779	605
803	380
842	245
878	279
413	352
630	465
829	291
834	617
850	543
511	439
442	427
792	584
446	338
987	13
803	336
891	555
596	444
943	608
403	402
746	552
840	82
721	424
819	440
602	394
979	2
713	466
999	632
717	171
873	468
735	72
724	514
736	478
608	654
767	351
872	266
391	590
556	509
718	223
741	352
858	504
843	71
879	653
972	509
934	502
612	635
827	643
696	224
546	396
346	372
762	282
603	563
900	243
633	495
356	447
870	92
792	46
676	602
743	80
945	281
860	161
722	147
356	506
930	631
348	376
458	427
689	445
688	120
537	556
695	502
411	426
518	493
909	86
722	528
459	333
724	107
684	203
788	25
828	194
572	502
379	338
439	659
934	442
617	355
918	540
734	173
777	31
598	416
445	646
523	486
716	486
815	586
868	409
893	270
755	472
853	255
736	469
678	636
611	607
825	131
407	512
679	247
811	541
406	505
826	449
861	561
651	512
732	512
612	437
786	552
833	534
639	397
365	415
375	404
656	386
456	461
612	486
868	232
925	285
744	121
748	420
817	470
664	80
346	304
634	55
832	760
897	936
884	876
333	971
270	660
269	731
657	134
884	901
158	652
940	840
525	12
148	562
358	781
392	685
758	977
695	860
312	237
31	702
821	841
60	391
25	893
180	483
360	200
327	533
269	693
607	133
140	459
495	152
402	902
39	44
209	391
208	436
548	733
244	704
300	511
371	960
579	195
179	576
115	261
198	934
300	343
125	192
23	126
967	911
213	432
151	565
276	467
268	535
436	74
16	248
36	70
261	519
394	164
686	876
935	888
620	315
823	809
363	761
92	628
141	316
110	950
150	308
106	265
221	5
161	861
654	928
528	882
275	30
376	7
291	69
355	275
26	153
372	171
974	948
441	966
93	536
71	911
777	888
633	43
503	79
824	745
161	950
419	291
359	952
324	937
78	91
45	242
145	684
172	591
149	627
296	339
105	253
234	91
327	979
805	986
763	889
633	964
974	860
203	500
649	211
127	144
54	533
597	744
70	752
157	937
563	940
783	797
255	802
497	903
653	269
568	113
385	263
779	931
111	85
703	825
59	857
427	881
349	808
28	774
141	439
610	692
370	792
840	787
51	458
225	459
147	109
47	710
459	892
220	904
102	87
2	531
5	230
139	106
114	256
211	52
256	93
164	896

150

400
400
400
400
400
400
400
400
400
400
400
400
400
400
400
400
400
400
400
400
400
400
400
400
400
400
400
400
400
400
400
400
400
400
400

13
11
15
20
16
17
11
13
17
13
15
14
13
18
18
13
19
13
12
13
15
20
16
17
14
17
16
20
10
16
15
10
16
18
13
14
18
14
13
12
16
19
10
20
16
16
10
13
19
20
10
16
12
17
17
13
16
15
10
15
10
13
13
13
15
14
16
13
18
20
19
18
17
12
12
19
12
10
10
16
16
11
11
19
12
15
16
14
20
17
11
11
10
14
11
17
17
13
20
16
18
15
20
20
14
16
16
18
20
17
17
10
18
20
15
12
14
15
16
17
17
17
14
11
10
16
12
16
20
12
17
16
20
19
19
17
10
12
11
19
17
11
13
16
15
17
14
15
11
13
18
12
14
19
15
11
15
11
20
17
10
16
15
10
20
10
14
16
13
18
20
13
20
15
15
12
19
12
16
12
19
20
12
19
12
19
19
10
19
20
14
19
16
19
13
19
19
19
13
11
20
18
14
11
17
12
10
15
12
12
15
19
18
17
10
10
19
13
18
19
18
10
15
14
14
12
11
14
11
12
19
18
11
14
16
10
18
13
17
14
19
15
13
18
13
13
20
17
10
11
12
18
18
12
13
17
11
19
16
17
18
19
11
13
17
18
18
13
14
19
10
15
19
15
11
14
17
11
13
16
17
14
20
10
10
13
13
19
18
20
10
18
13
12
12
10
14
14
10
15
19
12
10
18
15
17
19
19
10
20
17
13
10
10
16
11
20
14
18
16
13
17
11
19
18
18
13
15
11
14
13
19
14
14
17
15
18
10
10
18
12
18
17
20
17
13
10
19
12
12
14
11
13
13
19
19
17
10
17
12
11
18
20
15
12
20
10
12
18
13
14
18
17
11
12
18
17
10
12
12
10
14
17
11
17
11
12
18
13
20
13
12
18
12
10
11
19
17
17
14
14
13
14
19
15
15
11
17
13
16
17
12
15
12
16
18
19
19
16
14
14
17
15
11
12
15
14
10
15
12
15
12
11
15
20
15
11
18
11
18
13
11
11
15
16
15
10
18
19
16
12
20
19
12
13
18
14
12
16
11
10
16
11
10
20
10
20
11
13
13
20
10
16
11
20
18
11
17
15
14
18
19
20
12
14
16
13
11
17
11
17
12
15
19
14
16
20
17
16
19
17
20
10
13
18
17
18
20
16
15
10
18
11
15
20
12
16
10
10
11
12
16
18
15
15
10
11
19
17
15
17
11
11
16
13
15
19
16
12
18
12
12
13
14
15
20
15
13
18
18
18
14
19
18
16
20
17
17
10
18
16
19
15
20
12
15
10
20
12
12
15
19
11
13
18
14
19
12
18
18
18
15
14
13
10
15
12
18
17
11
12
10
19
12
17
16
18
11
13
20
20
18
13
15
18
17
10
13
19
20
15
13
14
18
16
19
18
13
17
10
18
11
11
20
12
16
13
10
19
10
19
11
16
13
11
19
17
10
10
16
20
13
15
14
11
12
18
19
10
11
15
19
12
13
20
20
11
13
19
19
14
13
18
15
19
14
11
17
20
12
17
10
10
20
14
18
16
18
14
10
15
19
15
19
10
18
18
13
10
19
20
19
15
14
14
17
11
19
13
20

29891
34499
26209
34010
38460
27561
29777
33399
28127
39102
30033
26910
24723
29228
20985
35355
38311
34162
20901
20742
31696
33199
31404
32716
20071
36488
30744
27085
35515
20318
36652
36201
34311
29809
39522

0

1
