700
35

368	446
356	82
849	446
421	873
249	410
255	810
24	265
781	720
517	969
700	206
986	465
877	793
503	622
245	430
301	517
826	670
503	366
341	741
520	600
570	192
912	705
206	69
228	243
748	16
333	381
16	240
938	617
172	452
212	296
701	633
233	6
663	92
795	486
496	240
317	399

477	972
639	201
258	789
162	174
285	606
784	450
461	451
625	176
274	962
753	611
706	789
525	905
526	409
308	651
662	385
743	313
437	788
898	815
499	141
471	852
73	705
894	981
878	661
640	143
282	399
183	699
634	566
945	824
320	745
947	716
886	322
117	682
566	481
226	719
892	234
445	25
528	795
97	738
153	74
994	846
582	119
210	646
808	981
879	740
949	323
654	534
719	815
40	363
546	615
682	157
762	820
957	714
590	457
415	32
62	600
129	733
746	140
533	753
156	834
985	184
225	374
109	782
259	919
646	871
885	97
226	225
807	263
321	545
343	101
263	194
204	369
529	158
298	858
320	50
497	691
872	5
5	258
165	91
952	606
868	871
277	318
229	159
428	359
794	482
246	407
324	976
64	636
733	358
642	503
468	677
856	517
324	590
601	693
722	736
501	11
775	32
980	983
557	792
998	4
149	566
855	684
684	860
675	669
906	416
231	624
582	957
57	358
356	105
212	502
358	147
442	787
725	3
5	683
655	719
576	131
706	244
22	623
35	70
526	370
358	20
71	576
401	918
706	971
832	20
743	933
223	575
498	456
112	23
386	599
192	193
713	326
803	199
171	566
667	484
690	832
367	165
616	40
40	410
153	252
405	752
204	260
169	724
803	305
337	303
839	795
102	128
292	234
905	789
281	510
40	950
770	49
120	540
383	364
311	231
721	582
73	435
725	126
899	797
695	507
698	341
571	999
586	218
144	0
136	408
64	635
94	674
721	265
169	218
141	886
967	38
70	579
659	380
672	879
359	997
959	366
882	882
92	972
692	292
490	678
502	195
209	153
758	670
667	615
166	281
953	44
364	302
627	931
412	836
889	505
566	401
910	277
866	92
846	126
400	386
903	672
596	948
798	76
157	662
711	683
56	941
993	38
990	533
536	738
468	317
101	821
292	541
92	465
849	62
33	327
561	502
747	232
272	825
617	357
43	262
597	138
456	851
7	922
669	422
87	277
617	452
677	371
132	823
536	358
621	780
858	240
439	792
92	100
541	400
687	568
832	546
547	862
64	656
735	846
551	593
357	130
677	904
988	594
667	665
848	759
759	632
85	625
246	185
11	680
850	203
160	965
635	818
960	723
618	989
164	904
674	110
650	158
450	724
140	143
236	549
699	561
879	71
624	768
175	876
572	112
351	498
352	654
309	87
962	342
291	311
745	59
30	793
753	86
924	668
438	775
964	467
434	367
983	645
794	139
683	440
241	877
283	520
858	525
327	983
787	73
54	535
203	556
557	78
316	603
530	57
817	561
862	819
261	657
80	903
241	407
343	658
969	778
232	806
695	683
889	838
768	946
104	685
231	986
896	908
909	633
922	302
396	336
659	992
810	549
748	727
241	159
801	251
899	39
442	339
329	883
632	539
741	50
989	798
717	401
477	595
891	788
403	30
138	295
263	820
62	822
331	953
98	108
475	683
910	10
231	109
65	632
544	314
383	274
591	383
881	792
80	876
931	188
273	706
162	172
138	974
224	279
885	59
713	927
33	581
934	969
40	226
554	107
815	363
692	661
682	224
229	504
305	373
526	698
68	165
333	433
391	110
442	107
184	729
274	397
776	261
549	580
672	792
919	744
301	551
512	155
156	638
214	980
238	226
991	193
519	296
922	341
174	800
904	930
569	78
351	786
451	894
235	278
258	651
167	812
941	265
206	15
372	372
263	107
625	172
77	797
320	137
855	846
953	576
779	459
359	389
245	771
45	913
934	638
931	839
113	352
619	256
169	169
500	398
615	786
350	748
621	464
992	72
572	933
878	856
28	896
274	536
821	906
908	843
104	200
898	50
641	486
131	918
275	446
855	632
493	36
865	507
283	790
867	215
496	848
876	140
200	473
362	160
936	309
532	964
534	860
44	814
228	568
220	706
90	293
423	918
277	977
443	327
420	82
488	556
17	279
180	754
80	637
865	149
681	627
428	992
282	682
855	108
298	370
451	546
150	589
593	748
825	467
897	609
763	462
744	958
993	862
752	440
810	74
230	13
990	984
395	998
760	542
690	380
209	843
426	636
484	361
704	154
2	18
464	259
767	185
434	97
243	884
131	578
298	26
787	247
528	864
569	370
259	620
919	406
6	910
729	979
287	990
275	803
63	781
68	631
315	18
393	444
568	64
519	501
64	481
650	746
292	660
590	246
967	51
351	165
7	880
739	115
958	879
929	633
114	868
351	943
467	298
309	542
742	264
702	455
443	168
278	616
660	178
634	538
814	81
784	800
379	422
294	167
86	239
64	441
49	728
697	769
960	773
25	253
712	65
849	308
727	755
40	979
908	725
798	357
906	366
703	537
428	212
81	550
508	541
467	773
46	998
877	200
282	467
44	892
471	389
438	166
869	857
635	837
99	534
439	557
90	151
210	851
304	537
954	865
375	426
827	877
993	752
223	541
571	806
654	188
227	23
462	384
506	697
606	923
282	981
199	886
945	683
885	11
398	989
484	669
476	796
291	248
125	865
197	936
997	608
731	143
424	998
173	478
290	36
716	338
33	779
573	376
244	90
877	650
181	27
8	700
95	592
206	642
110	401
424	351
71	10
8	525
811	129
64	382
560	628
967	247
613	178
501	652
764	986
146	273
397	538
465	611
645	523
156	283
33	391
534	657
643	577
425	110
455	669
228	394
471	156
717	926
699	175
750	345
215	954
567	643
283	215
725	314
203	793
446	564
515	941
406	498
958	824
504	538
474	142
468	61
80	789
171	908
281	995
993	375
812	778
782	298
370	434
908	731
860	371
435	346
88	3
916	251
978	526
707	283
626	535
815	147
270	989
739	96
615	909
314	352
109	459
236	630
102	555
601	554
911	661
739	94
31	323
378	562
224	206
875	272
674	770
749	341
270	983
55	859
422	353
283	903
599	901
403	543
684	408
420	531
808	978
833	838
716	637
102	482
507	645
504	413
583	603
394	431
616	465
428	25
908	7
222	564
924	542
110	139
325	620
69	761
508	279
402	435
83	452
739	290
688	682
105	685
372	176
550	607
854	146
778	997
955	56
218	124
103	587
590	34
333	311
8	256
891	854
960	549
935	393
235	963
835	576
218	11
242	397
265	433
993	729
382	834
132	249
219	789
273	594
640	706
986	448
624	219
240	895
66	989
384	740
344	962
321	917
607	581

150

400
400
400
400
400
400
400
400
400
400
400
400
400
400
400
400
400
400
400
400
400
400
400
400
400
400
400
400
400
400
400
400
400
400
400

11
20
11
18
13
20
20
14
19
14
19
12
16
11
10
10
15
20
19
18
16
12
20
14
16
19
16
13
19
20
11
14
17
20
20
14
18
18
20
16
19
14
10
11
11
15
20
20
11
15
11
20
13
20
14
16
13
18
18
17
12
11
13
20
14
20
11
18
17
16
12
15
18
10
10
20
15
15
18
18
11
15
19
20
18
20
14
14
17
13
17
14
17
15
18
16
15
17
10
17
12
18
14
12
14
20
14
16
12
14
17
17
16
15
17
17
18
12
11
17
20
14
12
18
18
12
20
16
20
10
20
10
14
11
14
11
11
15
13
12
15
12
15
18
14
18
20
13
20
15
12
11
14
11
19
19
16
16
19
12
13
19
11
12
15
10
16
14
13
17
18
14
15
19
15
18
15
10
20
16
15
20
16
14
18
17
13
12
17
20
10
12
14
11
20
12
14
15
20
16
13
10
14
15
17
20
11
11
11
14
10
18
16
20
14
18
18
19
15
11
17
17
10
15
12
13
19
14
18
10
14
10
12
10
20
15
11
13
10
20
17
13
13
13
19
19
11
17
17
10
19
11
13
20
10
14
15
19
20
17
12
16
17
19
14
20
12
18
12
18
13
16
11
16
20
11
19
17
15
10
16
18
13
17
20
14
12
11
10
12
15
20
20
16
10
18
12
13
13
17
14
10
19
19
12
18
12
15
18
13
13
10
17
12
20
13
10
20
14
16
14
18
15
12
13
11
10
14
12
15
16
11
18
12
17
16
19
19
11
16
20
17
15
14
12
18
20
12
19
17
16
11
14
15
19
18
19
10
12
10
10
17
16
18
15
13
17
20
17
17
19
10
16
15
10
15
18
15
15
14
14
16
17
19
13
15
10
16
19
13
20
18
20
16
10
20
19
10
17
20
19
14
17
12
13
14
14
17
14
15
14
10
13
19
10
20
19
15
17
10
19
12
19
19
20
15
12
13
12
14
15
13
14
12
11
17
20
14
19
11
14
16
10
16
12
19
14
13
14
17
18
13
19
19
16
11
17
18
13
11
14
10
17
12
16
13
10
14
13
17
14
18
10
12
20
16
15
13
17
16
16
11
19
14
17
14
15
17
18
13
12
12
16
15
15
20
15
10
10
20
17
10
18
20
16
18
13
16
16
20
12
17
10
12
11
12
13
17
17
11
18
20
14
13
16
18
14
20
18
12
19
17
20
10
20
16
10
11
19
19
20
18
12
17
15
10
18
11
11
11
15
11
15
13
18
20
18
19
13
13
12
17
15
14
18
15
15
11
12
14
11
12
20
10
17
17
20
20
19
18
11
18
15
17
19
16
13
18
12
15
15
16
12
11
11
14
10
14
17
12
11
17
18
16
13
20
12
13
14
18
18
19
12
11
17
13
11
15
15
19
11
14
12
10
19
13
18
20
17
10
12
19
20
14
13
11
17
17
19
16
16
14
13
16
13
13
13
15
10
18
15
13
14
11
16
18
15
14
18
19
16
17
15
19
19
15
20
16
18
15
13
20
15
15
12
16
14
11
10
20
16
19
18
17
10
18
13
14
15
17
14
11
17
18
10
10
15
15
12
16

21734
38472
22265
24994
26585
24013
29617
23154
31732
32529
36709
29202
22004
35143
24530
30002
25886
25394
21992
23666
23303
30339
26643
30956
32023
27534
39962
39436
39364
33366
24325
32240
30526
32161
39538

0

1
