700
35

666	795
568	124
322	744
50	193
577	183
529	926
847	5
748	421
771	330
923	555
664	309
928	549
15	642
594	802
563	753
651	561
266	213
959	285
810	539
650	541
20	41
23	719
433	724
911	502
645	224
530	773
346	969
49	819
144	647
813	685
488	416
990	300
235	779
706	270
564	270

536	592
638	385
523	326
931	90
476	848
162	630
912	844
541	628
331	103
14	716
291	914
563	291
27	459
634	468
555	463
558	854
664	886
199	268
162	524
659	282
754	987
683	697
228	447
922	404
377	46
566	127
641	640
856	377
51	977
821	12
639	910
718	975
792	462
549	974
14	848
509	287
871	913
231	538
558	33
840	732
484	105
302	683
47	256
409	79
902	201
873	242
760	511
847	699
592	85
344	672
611	963
874	207
890	714
734	315
726	442
385	344
711	852
208	41
235	854
319	523
707	619
524	427
366	470
767	290
578	237
33	868
833	578
677	87
336	285
22	173
991	218
938	122
725	720
472	511
852	988
916	964
295	354
167	671
524	21
817	721
626	134
392	802
406	604
188	584
109	456
376	987
1	715
595	373
148	172
259	765
648	830
420	282
781	566
493	876
204	737
703	957
738	654
730	918
601	668
257	966
245	658
354	891
508	909
146	765
597	82
749	60
983	624
769	764
984	517
986	182
672	988
173	869
52	181
363	554
669	951
978	78
688	514
413	373
724	140
119	667
398	72
105	106
77	717
389	892
952	769
819	143
392	401
508	685
746	738
567	33
189	242
27	837
676	373
852	389
332	137
233	956
490	779
209	335
675	332
652	377
531	480
549	287
672	554
200	328
105	643
163	864
441	429
75	71
53	323
389	955
877	212
467	912
438	178
729	536
448	642
901	71
10	265
643	87
555	361
17	731
289	177
970	57
254	845
914	804
291	144
627	706
584	701
870	48
923	293
285	27
97	330
839	51
628	883
262	723
693	338
37	706
391	42
569	314
456	895
307	146
906	210
118	410
365	442
401	828
976	99
78	410
175	331
789	839
945	658
50	325
284	913
578	354
277	434
88	257
766	61
180	50
905	789
312	819
994	453
425	420
200	80
287	409
835	716
625	28
782	674
451	792
517	675
189	375
18	579
569	54
475	68
41	225
600	180
105	822
914	394
156	586
726	601
152	480
341	453
278	135
885	40
718	848
798	653
177	996
810	305
883	949
464	312
964	8
10	609
567	875
851	57
294	71
854	151
168	728
876	611
101	587
89	333
121	46
851	523
943	919
899	749
872	591
48	872
21	765
486	969
706	910
229	537
261	493
742	385
862	706
105	532
459	299
420	137
477	281
212	213
191	805
329	424
755	681
795	282
645	442
476	162
490	588
177	37
782	781
213	736
44	128
161	248
190	996
822	365
204	617
376	301
716	796
290	255
202	520
987	191
690	414
43	452
280	876
590	303
607	77
369	994
439	226
86	900
770	597
510	596
438	146
574	330
706	1
33	777
673	514
874	536
54	755
532	178
855	36
816	561
670	176
665	908
726	192
530	208
252	6
954	48
477	239
827	236
110	482
554	650
485	372
792	933
820	204
358	316
425	539
92	977
781	443
731	781
447	720
595	980
892	167
700	645
862	291
287	417
420	496
66	562
711	781
811	565
820	775
68	896
761	320
223	374
44	432
932	997
240	392
173	195
341	5
192	486
529	691
367	667
377	105
298	681
822	402
1	870
355	780
42	530
964	402
842	263
213	868
853	876
170	982
808	657
618	175
259	756
938	359
395	751
575	242
975	578
744	412
375	785
619	487
258	23
456	55
524	735
977	380
838	825
333	560
970	125
967	997
915	170
922	279
747	356
849	714
903	137
586	370
471	833
401	317
734	993
214	825
140	343
567	819
380	712
226	922
913	106
372	143
662	7
348	521
486	532
392	626
81	482
801	154
148	832
231	419
661	44
762	798
525	855
129	807
769	34
782	121
832	464
446	775
942	608
926	367
36	188
226	518
7	143
403	804
324	583
198	34
391	613
103	280
398	844
611	72
28	244
376	393
495	130
928	333
280	527
428	427
773	744
207	592
157	642
348	895
702	517
648	393
533	356
739	225
884	555
591	68
476	231
87	297
313	533
478	574
666	298
729	431
598	82
361	34
882	315
42	973
93	141
147	819
728	679
637	553
825	642
864	41
385	885
926	736
768	268
839	738
327	551
799	34
920	929
166	284
87	581
653	521
280	864
876	35
549	841
242	203
629	441
438	755
304	820
150	21
121	17
735	510
567	713
37	724
534	874
644	752
951	265
949	930
760	999
551	343
919	947
234	387
756	912
96	882
181	48
808	410
150	751
82	216
844	11
485	31
470	137
683	637
481	233
767	232
90	142
602	551
220	145
400	457
717	429
957	498
954	191
440	564
542	218
821	724
410	470
757	241
686	795
661	457
446	282
776	400
93	180
754	993
743	479
722	434
157	713
913	713
564	618
679	302
990	457
143	934
632	239
118	289
883	298
623	296
344	326
223	545
495	142
566	255
312	831
335	203
450	373
930	897
807	537
193	470
868	666
865	51
500	438
382	201
879	151
780	593
966	192
864	60
633	312
833	287
294	475
801	209
917	978
525	635
476	235
543	584
951	495
659	25
751	233
831	471
804	455
111	227
607	897
966	70
755	937
692	253
188	14
603	523
229	936
507	999
796	437
70	974
894	255
622	45
568	407
962	303
285	309
101	736
838	508
747	467
251	163
792	165
10	620
370	187
450	901
245	273
652	259
298	990
820	199
864	601
659	277
399	741
379	203
759	9
911	202
682	731
398	812
663	632
285	512
13	369
576	28
912	620
188	148
690	831
733	769
108	533
192	412
737	27
29	558
92	482
411	849
882	164
929	291
66	703
28	857
626	711
467	14
744	299
57	874
207	193
288	188
691	822
383	734
266	884
791	485
314	817
679	255
601	969
475	496
740	510
95	286
797	367
852	325
606	591
457	965
912	375
508	3
173	794
663	209
816	605
92	349
413	314
152	653
434	200
234	206
8	49
847	158
289	31
128	753
368	341
819	664
121	183
927	275
50	10
860	890
363	775
659	855
166	415
471	616
58	527
241	841
194	512
688	623
174	414
262	507
831	258
963	936
968	11
952	141
962	32
198	993
141	846
327	519
938	623
381	37
725	433
716	623
546	994
67	986
758	311
15	899
724	264
805	973
736	925
416	362
475	31
4	112
82	157
760	523
542	385
725	71
167	310
482	494
313	442
636	999
231	260
581	729
81	492
84	30
994	758
858	475
710	496
235	757
616	131
103	32
770	242
480	468
801	352
572	650
122	410
26	373
273	443
873	314
896	91
850	953
181	903
569	444
705	588

150

400
400
400
400
400
400
400
400
400
400
400
400
400
400
400
400
400
400
400
400
400
400
400
400
400
400
400
400
400
400
400
400
400
400
400

12
20
11
13
16
12
16
16
12
15
15
17
16
10
20
17
17
19
18
13
14
20
17
10
14
20
11
14
18
10
12
11
13
20
10
20
15
13
12
10
18
19
11
12
14
11
11
13
12
14
13
18
17
12
18
14
17
10
18
11
19
10
13
19
16
12
13
10
14
16
12
11
14
14
20
13
18
17
11
19
20
12
12
18
18
20
17
20
19
20
18
18
18
18
19
18
17
13
20
19
15
18
14
17
10
10
17
11
14
13
14
17
12
12
18
14
10
19
14
20
15
17
19
11
17
14
15
14
14
12
17
16
17
11
17
18
20
17
11
18
20
20
14
19
19
16
13
17
19
11
11
12
20
14
14
18
19
20
16
19
19
18
15
15
10
12
19
12
11
20
11
11
14
20
16
18
11
20
17
12
13
15
12
11
19
12
16
20
20
10
16
15
18
10
10
10
12
16
13
19
12
12
14
13
13
19
11
19
20
19
14
14
10
12
19
20
10
10
12
16
12
19
10
19
15
17
19
10
14
15
19
12
14
20
19
13
19
10
15
17
12
20
17
19
13
17
10
13
12
13
12
17
14
16
15
19
16
12
19
15
16
10
11
12
17
17
11
11
11
19
16
10
19
14
12
15
16
16
14
18
19
10
19
12
16
20
14
10
19
19
19
16
15
10
16
20
10
15
16
13
12
20
11
20
16
11
12
15
18
13
17
19
20
17
16
11
12
20
15
17
10
15
14
10
15
10
13
20
19
19
19
12
15
20
11
12
16
19
16
18
12
18
12
10
17
10
11
18
15
13
17
12
11
18
18
15
11
12
14
12
13
14
18
20
14
19
11
18
12
16
19
15
15
14
18
12
19
12
17
11
18
16
14
19
17
18
20
10
14
19
13
19
17
17
11
18
15
17
20
14
11
17
20
18
16
11
15
13
16
12
17
15
20
17
13
11
11
20
14
20
11
10
15
11
14
18
14
19
10
13
19
10
14
19
11
20
10
13
12
18
17
17
16
12
12
18
19
14
11
12
13
16
14
16
14
16
10
17
14
14
18
16
17
19
12
13
14
20
15
13
10
18
13
17
18
15
19
14
15
17
17
12
10
17
11
19
15
14
12
16
18
11
11
20
15
10
16
17
15
16
20
11
15
16
10
11
14
15
11
12
12
15
11
11
12
19
20
20
13
20
15
12
11
13
10
17
16
17
17
16
15
17
19
14
19
14
20
13
18
16
11
18
16
20
16
18
16
11
15
10
12
18
19
15
12
15
10
11
18
13
15
16
14
17
15
14
16
11
17
10
19
18
14
20
12
19
16
18
10
13
20
19
19
15
16
19
18
15
15
10
15
11
20
17
13
14
12
13
15
13
12
11
19
12
16
16
10
10
19
18
10
15
10
12
12
10
15
12
13
13
10
15
16
16
10
16
12
16
18
18
18
12
16
20
19
15
15
14
17
17
13
20
16
20
12
18
13
14
13
16
20
16
12
15
15
19
20
18
18
19
12
17
19
12
13
11
11
12
12
15
19
17
13
14
13
17
10
18
13
11
19
11
20
17
16
16
19
10
20
17
18
20
19
16
17
11
12
20
17
11

2
3
4
2
3
4
4
3
2
3
4
2
4
2
4
4
3
4
4
3
4
2
4
4
3
4
2
3
2
4
4
2
2
4
2

0

1
