700
35

421	977
745	182
614	489
243	818
587	148
952	602
877	52
505	405
105	433
94	168
247	547
122	449
368	81
929	677
174	707
334	884
403	601
83	700
216	678
488	185
912	101
69	554
485	651
336	673
837	94
876	914
893	357
969	757
518	813
331	593
490	184
249	324
691	665
807	292
368	23

56	452
884	822
587	104
834	591
576	936
516	339
980	648
586	372
995	682
335	540
265	358
525	121
663	510
340	263
565	92
207	702
263	447
246	857
741	684
40	88
866	952
169	996
179	456
686	241
873	676
878	951
941	946
255	125
679	498
633	796
449	675
978	180
6	963
365	373
61	49
327	173
906	352
16	771
402	476
472	239
278	123
320	714
414	920
588	801
874	116
380	158
186	884
245	359
120	277
282	475
916	746
151	719
327	258
724	980
446	691
723	407
794	851
956	181
623	668
499	614
482	380
969	795
169	551
245	412
933	951
397	570
188	513
938	473
935	806
666	83
829	199
217	90
31	639
521	920
289	83
258	864
309	536
923	898
97	159
951	80
452	712
452	708
597	386
52	537
215	303
407	319
692	51
554	92
8	73
762	169
75	942
12	941
487	463
634	320
750	165
838	29
723	642
11	108
654	636
505	209
882	774
630	537
48	435
328	431
326	146
331	480
254	681
721	411
180	586
183	733
633	498
729	395
602	963
740	478
301	654
722	800
218	99
588	904
929	563
428	68
726	739
510	143
960	204
99	442
327	736
509	464
923	926
44	577
766	821
711	616
310	275
491	329
875	356
474	630
359	635
951	72
481	495
27	476
209	929
870	361
283	559
272	576
82	998
547	646
116	237
488	917
431	638
656	274
786	31
656	354
967	689
116	13
154	72
41	481
858	705
122	361
431	95
262	400
183	456
119	4
79	216
497	606
950	699
864	575
917	464
205	373
418	688
473	416
821	318
258	947
745	400
525	355
119	575
653	631
573	135
872	3
930	499
705	556
393	364
222	792
488	18
516	529
461	633
467	41
990	690
890	845
617	773
153	665
648	131
32	772
936	792
621	893
998	705
964	742
145	213
471	401
35	447
670	901
773	377
235	694
797	147
797	950
212	621
712	26
755	601
360	797
302	806
857	213
976	385
204	190
329	476
391	924
278	89
608	749
885	159
766	11
854	982
940	262
639	484
741	336
358	589
73	446
429	708
48	612
235	514
13	93
582	369
776	937
848	364
748	819
208	757
316	76
613	353
458	943
497	837
760	995
331	294
219	309
297	272
842	344
136	961
168	249
207	32
305	27
999	381
68	798
311	178
4	375
378	559
708	959
277	930
616	359
948	653
313	738
504	759
564	263
82	917
790	500
428	235
840	998
419	733
314	650
255	845
624	452
140	50
406	701
563	823
663	784
156	846
241	606
469	567
820	643
665	119
212	339
449	47
766	801
309	23
7	970
285	212
278	130
643	606
911	132
944	769
853	899
24	847
120	813
673	368
815	456
631	81
474	993
25	712
318	882
974	354
966	519
470	215
334	551
891	594
167	603
21	426
954	503
433	629
263	703
571	454
306	275
376	42
98	479
237	798
470	932
700	30
964	755
383	711
478	869
312	950
638	87
460	757
33	52
92	607
43	843
295	38
661	588
852	741
601	254
846	70
354	78
321	542
521	836
951	515
33	107
305	884
938	775
207	613
471	336
310	772
606	218
476	596
116	834
130	495
757	327
843	457
540	455
198	998
954	38
755	654
456	515
128	220
651	986
35	28
482	156
413	22
39	230
718	665
69	851
830	120
200	880
713	843
286	353
411	634
955	715
72	267
108	787
813	576
759	315
366	183
38	455
295	955
830	593
938	889
137	353
88	836
165	675
902	335
498	836
496	1
714	746
939	111
655	196
259	224
593	238
928	32
525	548
498	189
527	553
682	459
263	941
832	413
228	447
586	848
638	162
610	443
660	107
503	558
586	810
174	179
722	830
815	637
836	373
845	118
565	840
972	605
18	9
265	317
962	852
403	503
166	871
473	528
278	732
31	853
0	228
171	863
424	464
684	774
260	709
846	985
980	885
120	465
314	246
239	797
850	917
828	191
737	468
389	212
951	446
597	961
632	405
402	491
973	577
143	449
891	687
451	126
376	956
829	200
866	503
535	176
208	423
882	147
578	902
49	365
529	642
153	787
686	152
710	722
517	108
358	644
619	289
332	837
47	943
421	401
482	474
422	115
432	456
224	100
611	735
723	669
44	503
408	660
995	333
241	908
263	525
892	787
733	711
844	249
609	963
688	81
826	600
868	350
55	864
574	319
355	370
514	697
251	674
578	909
371	969
422	287
238	975
472	429
803	943
161	151
754	103
939	628
540	676
960	187
795	980
422	32
821	158
633	73
681	25
717	358
824	745
410	374
923	783
431	828
51	81
683	425
216	58
464	291
420	701
903	30
694	129
971	405
370	337
162	858
593	66
970	278
788	965
662	835
806	353
981	265
744	229
771	604
56	545
146	970
955	154
544	816
10	135
989	493
243	751
956	692
359	886
342	68
254	342
809	738
802	257
14	320
57	972
144	774
57	549
248	330
10	239
151	824
662	457
38	745
255	708
926	108
542	101
82	573
556	188
767	908
823	155
25	826
884	488
474	46
391	572
456	30
279	453
143	759
606	695
679	495
119	474
777	115
794	356
351	992
920	449
383	770
300	921
985	829
944	821
381	644
91	933
493	913
851	957
981	31
238	159
417	253
856	510
300	531
723	742
170	109
131	959
973	714
826	262
815	144
755	167
520	754
571	624
31	306
704	911
770	742
921	474
624	800
32	237
432	410
990	286
587	747
198	554
334	195
359	237
317	461
638	628
163	901
814	736
242	365
659	89
66	176
279	65
558	858
149	367
476	316
959	639
84	423
111	498
798	356
95	20
228	876
145	274
709	473
703	522
857	988
569	171
63	680
746	49
546	687
59	379
705	820
318	542
612	471
307	726
658	800
322	741
68	943
3	432
155	59
417	678
329	517
67	747
71	794
324	739
397	171
728	534
536	195
140	335
184	812
715	285
675	920
722	10
977	512
142	790
998	2
523	986
602	566
201	262
568	506
861	776
560	154
287	381
270	654
873	220
408	489
435	790
646	754
673	601
130	279
291	62
217	795
72	675
120	125
415	750
219	414
434	12
643	892
247	727
899	944
96	575
679	191
293	394
863	631
301	73
659	163
162	916
560	851
9	845
415	497
163	621
105	512
74	599
769	508
436	779
170	475
925	845
557	983
602	880
660	470
616	88
570	371
640	198
777	856
968	357
786	812
319	977
355	680
904	51
230	124
45	61
39	88
22	105
452	157
316	308
865	63
74	648
902	579
129	729

70

400
400
400
400
400
400
400
400
400
400
400
400
400
400
400
400
400
400
400
400
400
400
400
400
400
400
400
400
400
400
400
400
400
400
400

15
15
11
11
15
19
19
19
19
16
13
17
15
19
13
12
19
17
20
20
14
17
17
11
19
17
20
10
14
16
17
10
10
12
15
13
11
10
11
11
20
18
15
12
13
18
10
19
11
16
11
10
17
12
17
16
10
18
12
10
10
14
12
12
17
17
19
20
20
11
13
12
12
16
12
19
16
10
18
12
20
20
15
18
10
16
16
13
13
17
11
19
14
13
12
11
13
20
13
11
10
19
10
18
13
14
10
11
18
10
10
20
20
10
20
20
20
15
12
19
18
12
19
13
18
18
18
19
19
17
12
14
13
18
20
20
20
19
10
13
20
16
16
18
17
20
20
10
18
11
20
15
19
17
15
14
18
15
13
12
11
15
19
20
19
17
16
19
20
16
16
16
16
10
17
19
13
12
10
17
12
19
15
17
19
14
14
20
13
14
10
20
17
10
13
20
11
19
15
17
15
19
15
19
16
18
10
13
13
15
19
16
16
17
12
16
18
10
13
12
10
14
17
15
12
11
16
17
17
15
12
10
11
10
20
15
15
18
20
13
17
18
10
11
16
12
13
19
11
10
10
16
16
16
17
12
18
14
10
14
20
11
20
16
18
12
15
19
14
11
15
14
10
14
16
11
19
13
14
14
11
18
17
17
10
10
15
14
15
20
17
10
18
17
14
18
10
10
17
17
12
15
15
15
10
13
15
18
13
20
13
14
18
11
10
17
10
17
11
19
14
17
14
18
16
15
19
11
17
14
19
10
17
18
12
11
19
14
18
18
10
19
16
13
10
16
15
15
13
11
12
12
20
20
14
16
14
15
14
20
14
15
14
12
20
19
12
15
16
14
12
20
13
18
11
19
10
12
10
14
20
12
15
19
19
19
10
16
16
14
19
17
12
18
11
19
16
14
12
15
13
20
15
14
10
20
14
13
11
13
20
13
19
15
14
12
11
15
17
12
17
14
18
13
11
16
12
19
15
14
11
11
18
15
11
12
15
17
11
17
20
12
10
16
13
15
13
15
13
10
17
10
14
20
18
16
14
13
19
19
12
20
13
13
12
18
12
11
18
16
10
10
20
18
16
16
15
13
20
10
17
16
10
10
13
11
17
13
16
11
15
11
20
15
19
14
11
18
15
16
12
11
17
17
10
10
14
18
10
14
13
15
14
14
15
17
17
20
13
17
11
15
14
15
19
13
16
14
18
14
18
17
20
14
16
15
20
11
20
13
17
16
19
20
14
11
11
16
20
19
19
18
16
15
11
14
15
12
11
10
19
15
12
18
19
20
10
12
18
20
11
14
20
13
16
20
14
18
20
19
10
18
15
12
14
19
18
16
20
11
12
19
11
16
15
18
15
17
12
19
18
17
18
20
19
15
12
15
16
14
17
12
11
14
20
20
15
12
19
11
17
20
16
20
11
13
17
19
15
20
13
14
13
12
16
15
20
20
12
16
18
14
13
18
20
20
16
20
18
11
20
17
16
19
10
20
17
10
15
16
13
19
13
14
12
17
19
11
10
19
16
12
18
20
12
17
17
19
13
12
15
20
11
14
13
12
14
17
20
13
20
16
12
12
17
19
17
19
19
14

31941
23159
27044
36187
20890
31338
35723
25288
36579
33155
28110
34819
28150
25533
38603
26403
29429
31015
28886
20460
28041
21813
23441
23033
20191
29365
21121
25179
38628
31447
33866
22400
31175
38923
27160

0

1
