700
35

52	121
391	183
17	53
418	8
14	265
930	50
738	516
39	243
333	31
322	65
732	273
963	354
319	667
41	822
838	214
898	232
130	824
98	8
969	428
310	806
789	435
720	286
736	399
581	84
333	333
731	275
931	407
524	141
110	631
487	881
123	617
611	378
351	961
485	801
823	714

908	248
972	494
150	192
716	176
27	43
255	878
411	263
325	141
443	238
904	455
118	153
815	56
688	142
203	299
406	179
692	173
709	645
371	34
947	113
849	177
93	279
190	816
597	96
916	664
59	15
92	313
771	19
681	120
486	246
154	888
28	51
194	94
682	229
416	77
866	295
734	478
278	700
870	575
618	210
602	320
554	51
825	329
315	676
250	942
645	304
935	222
711	439
572	309
299	832
12	324
725	181
706	24
849	147
549	228
970	552
426	322
868	35
887	562
936	609
799	401
168	779
965	531
578	216
313	895
286	87
867	629
547	283
194	23
669	148
843	31
31	181
149	749
146	831
903	296
227	787
961	199
764	606
906	510
304	980
274	224
679	565
315	900
235	271
975	534
250	257
170	150
500	76
867	7
760	384
752	613
162	211
234	323
910	75
764	426
941	534
253	107
746	535
108	4
525	250
705	401
164	146
900	488
876	438
868	136
926	239
738	213
721	561
57	133
705	587
490	236
968	183
325	692
389	262
97	280
62	793
673	148
385	205
258	130
489	92
75	27
585	77
855	68
638	144
192	791
215	852
790	237
64	751
980	514
95	987
965	263
977	601
403	45
490	234
826	578
49	54
143	154
364	240
856	181
746	651
997	373
296	761
928	79
232	220
312	287
916	432
244	964
102	30
21	238
44	295
737	281
923	503
121	774
229	712
439	161
918	314
732	227
372	302
816	254
170	78
798	15
647	321
180	737
134	116
951	64
250	116
865	142
990	29
276	184
967	325
114	218
365	75
892	429
421	176
774	273
172	891
371	64
532	134
759	275
77	877
218	135
804	591
439	211
921	414
116	271
203	181
788	173
502	84
897	480
666	286
738	90
10	294
871	592
607	211
990	543
76	797
144	78
189	779
833	276
0	757
102	864
233	202
0	146
102	148
547	306
827	275
754	171
53	907
235	965
191	674
886	60
100	988
85	233
989	107
829	207
945	527
100	827
974	548
328	781
169	135
196	682
362	289
79	894
53	247
487	263
268	883
680	58
906	653
809	415
209	297
695	41
65	738
141	103
320	900
211	180
982	83
537	310
221	729
671	594
921	83
578	165
917	104
245	909
30	768
789	587
730	532
251	274
565	260
860	621
152	842
563	147
185	716
630	170
794	477
867	331
555	75
130	935
168	698
739	539
43	759
0	49
560	233
699	453
35	911
202	222
11	964
727	587
645	305
242	79
246	162
202	764
701	255
106	182
859	155
965	255
847	412
972	211
246	949
813	415
951	516
895	44
536	11
690	411
975	468
35	972
435	40
599	199
715	64
282	66
62	744
877	79
275	910
875	454
515	16
41	75
832	364
78	141
536	90
840	464
837	462
914	282
58	824
783	118
801	41
9	319
903	136
477	61
69	721
878	266
792	66
249	932
96	782
727	494
5	745
685	200
391	126
92	874
527	218
841	370
244	907
539	300
25	106
192	778
51	170
229	275
812	210
89	932
877	619
198	70
129	888
993	226
184	907
792	207
210	951
108	55
229	754
194	321
891	586
672	99
970	399
87	903
46	987
442	210
817	652
259	820
780	334
298	895
424	268
69	248
875	56
314	678
837	12
249	668
280	717
717	378
795	515
800	13
247	196
188	821
128	902
317	782
814	155
820	633
976	428
255	838
629	192
91	865
196	119
765	339
901	309
518	83
841	626
357	48
580	60
860	200
672	646
359	126
771	570
816	659
935	226
226	715
641	159
259	53
215	774
6	759
284	933
99	87
635	62
722	376
875	383
737	555
854	12
813	634
730	663
257	128
508	48
11	50
768	327
999	5
709	211
792	380
653	171
84	91
281	818
177	951
700	340
578	238
948	451
872	600
915	314
653	187
724	420
859	263
303	180
826	572
535	168
874	488
299	679
753	37
964	102
589	99
728	539
754	469
687	179
143	160
923	306
246	703
302	823
481	39
692	336
296	858
727	570
561	224
690	277
263	947
225	916
469	123
868	33
204	108
20	69
976	278
813	199
136	964
510	123
687	637
268	105
312	869
763	362
521	266
631	254
426	318
833	468
832	450
340	236
10	871
819	373
769	610
688	148
900	411
706	204
577	30
491	287
45	264
243	208
177	738
477	184
903	300
875	154
843	329
882	466
208	713
327	688
770	282
751	530
847	9
604	70
733	27
37	948
255	192
227	227
906	413
455	72
172	134
845	175
5	56
152	732
825	518
991	589
888	1
140	173
705	56
570	278
259	674
732	167
990	153
33	67
42	713
692	575
667	635
311	111
218	739
822	485
459	314
626	65
14	937
865	265
841	255
204	668
333	155
883	251
279	32
166	851
875	324
285	978
313	179
83	283
628	204
816	77
503	172
303	227
216	887
44	235
333	60
87	270
241	228
613	202
358	144
45	267
729	402
129	804
730	446
12	290
882	47
90	679
684	323
110	250
315	233
494	317
719	636
936	54
36	985
946	76
78	83
76	901
0	115
252	138
902	563
72	808
185	719
114	952
516	176
25	825
74	24
294	80
919	153
805	438
906	219
784	524
880	507
247	894
977	562
619	867
453	617
500	576
824	722
422	729
468	424
132	493
748	918
841	815
405	844
933	774
943	757
487	561
216	463
702	891
356	441
364	783
160	454
681	767
647	597
343	728
717	917
219	598
132	645
385	819
15	585
392	600
444	699
967	907
538	667
690	727
447	774
426	907
932	676
311	369
296	484
327	367
907	690
667	706
566	587
28	370
409	878
362	804
587	889
638	916
634	518
70	535
587	367
939	758
616	376
118	361
882	834
263	438
449	516
209	592
696	744
338	410
730	749
484	684
492	491
506	716
450	520
844	970
67	366
41	429
514	441
541	785
510	679
816	722
735	714
332	385
463	790
527	504
299	559
337	987
528	750
629	443
535	739
539	634
363	831
521	533
354	751
54	607
596	990
419	569
925	834
649	346
726	770
240	521
360	668
957	802
497	449
665	594
715	730
745	810
497	752
625	842
644	640
897	805
892	800
79	535
627	913
786	797
256	545
222	639
797	927
591	437
129	395
394	356
107	560
373	640
717	676
303	580
860	833
437	840
642	445
821	681
964	980
433	925
457	359
492	770
639	913
735	938
279	586
428	726
686	780
232	576
492	444
724	879
793	743
175	568
604	798
508	818
388	632
308	393
570	690
481	346
632	382
381	552
940	737

300

400
400
400
400
400
400
400
400
400
400
400
400
400
400
400
400
400
400
400
400
400
400
400
400
400
400
400
400
400
400
400
400
400
400
400

19
18
16
11
12
11
18
17
19
18
15
14
19
13
12
11
20
10
12
19
18
13
12
19
15
20
16
18
11
10
20
15
11
15
10
13
11
13
14
19
19
15
16
11
11
14
20
11
17
18
15
12
20
11
12
20
11
13
10
15
18
20
16
19
17
19
17
20
18
19
19
18
18
12
11
17
17
10
10
11
16
12
19
19
20
17
11
10
14
11
20
19
12
13
12
19
10
20
14
12
16
20
18
19
17
13
14
20
20
19
20
14
13
16
12
12
18
16
20
17
17
19
15
19
18
10
17
19
12
11
20
12
17
17
13
16
11
16
16
16
17
13
13
15
12
11
18
13
10
16
16
14
17
18
15
13
20
19
13
19
19
11
14
17
11
15
13
13
19
10
17
11
11
11
11
18
16
19
16
12
19
15
13
14
20
10
15
11
12
18
20
11
18
14
10
15
20
19
12
17
13
17
10
16
19
20
17
11
19
10
20
18
10
12
12
10
12
10
18
20
14
17
10
17
18
20
10
16
18
13
19
17
16
20
19
17
12
11
14
15
18
10
18
11
14
10
11
20
19
12
15
19
15
13
20
15
20
20
11
18
15
11
10
16
11
12
12
17
10
18
14
19
15
20
15
20
16
10
19
17
16
17
14
20
12
20
13
11
13
10
18
12
15
14
15
11
10
14
19
13
16
10
13
15
10
20
13
14
20
15
19
14
17
19
12
19
15
12
11
20
16
19
15
18
17
17
19
14
11
19
19
13
15
17
15
15
19
11
16
20
20
12
15
12
13
10
15
17
14
19
18
19
15
16
12
13
12
20
12
17
17
15
12
13
14
19
11
18
11
19
12
16
12
20
12
10
16
20
18
18
13
11
20
12
11
18
16
15
18
13
13
10
15
19
10
15
16
19
14
17
11
13
17
11
10
20
10
18
13
19
12
11
19
12
17
11
16
15
11
20
19
11
12
11
19
17
20
11
15
18
17
19
17
16
18
15
20
18
17
18
14
10
13
11
15
12
10
19
19
12
19
19
17
10
16
20
11
13
15
10
19
13
10
14
16
16
12
15
10
11
17
16
13
20
16
10
20
18
17
19
13
11
10
20
15
18
11
14
19
10
11
14
11
12
15
18
13
17
17
20
19
13
12
15
19
11
10
11
11
14
13
20
20
18
12
13
18
20
13
13
18
16
13
15
19
17
12
11
17
20
17
14
20
18
15
20
19
10
20
12
14
15
14
13
15
12
12
13
12
15
13
20
13
12
10
16
14
14
10
18
20
17
17
14
12
19
17
11
15
20
12
13
12
17
16
12
17
12
14
11
13
12
14
13
17
20
15
11
10
13
13
18
13
20
19
13
17
14
17
19
16
14
13
13
14
11
19
16
13
10
11
16
12
16
16
14
16
14
16
11
15
18
19
20
13
18
13
14
12
16
19
17
17
10
16
18
14
10
18
20
15
12
10
19
11
12
12
19
12
15
10
15
18
16
12
13
20
19
10
16
10
13
11
18
18
20
16
11
16
11
18
10
12
13
17
15
12
16
19
19
14
16
18
20
19
14
16
16
15
16
18
15
17
11
13
11
10
14
12
17

287
232
346
370
263
288
264
214
233
318
286
289
357
279
202
201
299
239
258
354
259
210
271
328
230
326
288
211
276
319
229
280
391
361
298

0

1
