700
35

121	845
95	845
772	97
845	53
622	492
4	240
457	372
147	103
601	537
318	997
888	378
792	292
321	998
78	107
278	264
935	453
888	326
449	453
208	818
215	981
44	171
555	628
411	503
161	277
804	661
847	165
668	324
909	117
636	94
712	756
440	244
956	835
877	898
660	150
643	916

641	652
178	966
833	15
299	19
764	85
734	2
397	567
231	924
324	753
163	204
254	685
682	547
850	185
225	914
188	196
70	297
673	404
813	357
187	956
22	706
316	42
1	947
882	309
729	90
256	232
117	892
969	651
665	585
125	206
45	131
861	16
800	578
888	634
228	205
400	551
781	641
666	312
211	135
537	639
818	219
709	377
637	453
193	9
227	822
975	107
500	558
293	243
112	926
662	538
26	279
236	306
553	381
549	432
80	961
291	11
263	101
990	583
696	100
748	241
648	539
999	496
569	593
774	539
149	299
843	150
888	458
670	118
295	744
382	424
415	623
488	467
846	32
297	934
697	323
835	480
923	520
394	367
164	871
736	616
272	941
772	327
981	353
368	593
276	788
57	817
684	186
653	601
841	243
920	319
856	615
796	279
197	707
13	742
488	656
876	408
532	627
26	969
529	646
942	205
708	602
337	509
526	623
53	184
111	705
850	310
168	690
836	551
735	264
185	283
37	193
273	308
710	577
687	657
923	451
176	863
991	315
20	780
716	590
722	59
243	162
836	137
700	567
472	537
975	387
581	558
953	436
590	409
823	70
52	963
413	387
759	312
11	722
781	366
693	220
14	275
988	289
698	107
205	205
115	947
179	971
447	639
750	1
161	53
602	621
960	119
142	953
23	851
773	171
290	993
630	522
471	496
387	398
6	94
996	397
872	268
801	218
764	239
64	28
852	355
869	658
988	660
187	874
487	533
358	385
780	634
150	986
783	293
940	588
31	877
725	621
74	973
688	358
387	564
211	771
34	950
36	725
159	51
323	100
656	618
331	31
669	93
235	146
443	564
11	232
332	999
103	24
162	879
968	341
731	543
885	360
701	543
708	299
304	60
781	265
270	8
747	446
972	408
65	698
518	393
693	338
185	690
852	188
429	576
159	275
71	692
655	576
447	436
848	627
496	539
302	875
259	825
331	994
515	469
740	271
266	687
410	405
978	338
864	100
347	470
887	172
871	88
343	611
100	837
306	234
721	106
701	3
227	172
24	286
553	590
24	954
207	715
970	86
157	194
894	487
275	99
33	923
727	286
848	265
767	83
994	212
942	389
94	195
444	356
240	975
820	193
352	404
274	107
176	153
685	64
418	361
261	29
487	629
472	499
897	621
522	569
87	60
751	475
815	14
172	279
17	707
888	535
750	507
189	97
406	604
138	740
283	849
734	318
482	630
916	48
43	229
486	609
325	908
845	140
731	58
31	330
77	924
292	785
525	545
58	304
98	667
675	212
340	658
278	882
346	640
107	973
492	581
18	832
906	581
219	105
472	583
805	64
791	520
92	135
998	604
332	739
719	170
18	885
835	7
265	796
628	444
808	305
855	207
414	543
965	402
203	169
733	330
142	320
137	159
71	107
4	249
109	63
940	54
105	762
136	179
508	347
15	54
939	488
340	649
445	598
940	180
165	853
977	316
118	281
731	388
711	40
107	983
195	154
17	331
425	657
99	785
587	607
926	367
40	201
41	763
758	267
522	554
407	536
664	509
702	331
147	222
149	221
698	337
91	243
316	321
492	664
958	295
782	39
733	307
598	434
276	880
991	346
265	24
7	168
782	544
302	215
464	515
310	263
219	671
878	382
139	682
21	865
331	25
550	658
375	643
162	317
0	963
651	356
61	237
837	136
74	866
805	335
798	453
917	594
42	119
787	538
364	486
211	891
38	914
121	942
71	332
819	99
263	172
606	505
887	487
25	828
772	285
844	218
345	595
949	490
855	302
445	637
878	560
263	674
753	585
184	890
42	29
843	464
975	175
322	70
816	78
974	628
479	421
203	207
55	891
531	543
842	254
284	213
600	642
204	313
881	660
743	298
723	366
755	509
189	988
994	523
93	859
38	903
961	227
828	364
891	447
740	112
822	540
886	588
832	109
270	67
746	72
312	960
947	579
210	858
514	639
50	45
683	339
705	5
255	302
179	110
423	424
220	870
625	580
537	583
12	61
150	965
987	361
211	861
120	221
292	292
939	505
242	770
879	625
480	478
642	342
212	949
790	271
207	158
490	512
492	520
396	349
373	398
320	679
706	166
142	230
256	50
417	439
300	195
867	163
979	353
44	290
31	783
80	812
442	580
501	569
390	462
333	924
188	806
873	57
845	510
966	419
715	319
557	632
846	12
180	675
177	714
358	653
66	711
258	290
849	499
576	359
183	750
955	239
104	972
31	160
456	596
239	103
158	316
144	734
927	608
593	383
160	320
57	66
856	496
729	464
824	400
897	43
691	598
835	216
757	523
141	837
836	435
897	222
896	6
572	544
874	551
966	518
368	398
289	910
92	332
962	59
532	618
246	721
212	797
499	635
168	52
107	720
997	486
524	365
694	540
681	271
70	935
701	535
880	510
650	552
276	100
451	450
798	194
76	182
112	833
548	444
832	352
928	482
638	375
843	241
31	60
299	154
239	22
173	709
352	612
384	541
509	569
292	258
863	373
846	30
444	659
543	508
938	240
245	327
983	418
636	371
153	13
391	648
164	695
428	575
724	679
917	809
457	223
794	756
625	106
454	116
613	852
484	273
623	830
631	856
750	808
153	586
38	400
493	733
755	708
954	866
415	671
292	522
29	584
472	56
170	537
115	414
570	187
567	36
582	674
203	470
390	161
609	901
124	463
652	311
519	944
817	953
326	463
799	721
82	483
738	858
713	733
488	63
212	631
198	436
715	897
434	226
430	64
539	279
335	715
620	73
961	754
128	611
350	747
153	624
462	891
430	103
634	80
240	592
582	76
516	243
356	872
818	856
663	708
461	965
445	992
660	717
156	642
694	866
813	902
619	989
460	768
509	67
281	348
441	908
564	13
766	973
377	744
179	421
571	52
517	714
313	357
22	352
190	587
684	743
440	985
586	246
457	720
304	426
338	30
665	911
474	34
952	720
904	787
370	290
518	195
536	296
745	905
155	437
976	956
210	356
808	698
357	742
575	869
905	989
250	336
571	776
317	443
225	629
425	792
377	55
608	315
326	352
409	826
508	877
515	248
308	605
244	433
350	332
362	915
840	883
497	780
74	657
394	683
53	652
673	893
428	902
506	840
74	450
620	211
520	962
887	761
499	788
586	133
574	678
682	727
170	570
866	896
354	723
187	348
197	479
599	792
243	611
440	677
819	842

150

600
600
600
600
600
600
600
600
600
600
600
600
600
600
600
600
600
600
600
600
600
600
600
600
600
600
600
600
600
600
600
600
600
600
600

10
12
18
15
14
18
19
14
16
14
19
18
13
17
14
19
18
12
10
18
15
17
18
12
16
19
10
18
11
13
16
20
13
20
15
20
18
13
18
12
18
19
20
20
10
14
12
15
13
11
11
18
17
17
19
17
10
19
12
11
10
20
19
10
18
16
13
11
16
10
18
16
17
12
16
15
14
17
19
18
10
14
18
13
19
12
18
12
12
15
10
14
14
17
17
15
17
11
15
17
17
16
13
12
14
11
13
13
15
16
12
20
20
17
19
18
12
15
14
15
15
18
13
19
15
11
16
18
17
11
12
18
17
13
11
15
13
19
18
12
11
14
13
15
18
17
12
15
14
19
17
13
11
11
19
11
12
16
18
17
16
13
19
16
15
15
11
20
14
15
20
18
11
12
10
17
12
20
12
15
11
12
10
12
12
16
20
11
19
10
10
10
17
10
18
11
12
10
17
17
19
20
17
11
14
13
16
16
12
20
12
14
13
13
10
20
11
17
10
19
13
15
10
20
20
18
14
13
12
16
17
18
19
10
17
12
10
15
11
10
12
20
16
20
20
19
12
14
10
10
13
12
19
11
20
18
20
19
19
20
18
18
10
14
14
19
19
13
20
13
20
11
10
18
15
18
15
11
15
17
14
18
13
14
18
10
16
12
10
18
19
12
11
19
17
15
13
11
13
18
14
12
20
10
14
12
20
16
20
13
17
18
20
15
12
17
13
12
20
18
19
15
18
18
10
15
14
11
10
12
16
12
16
13
12
14
20
17
15
17
10
11
10
15
15
17
13
10
19
20
16
13
11
11
16
12
18
15
14
12
19
20
19
18
18
10
11
20
19
12
17
14
10
12
12
16
20
11
10
10
13
12
18
18
19
11
14
20
10
10
18
14
12
12
20
11
11
10
17
19
11
18
20
17
12
17
16
17
10
10
15
13
12
11
17
14
10
10
15
18
15
16
10
15
18
15
10
18
19
16
19
20
14
12
16
13
19
15
15
15
16
13
18
13
11
14
16
20
19
20
11
17
11
10
11
11
12
18
18
18
18
15
20
10
12
11
14
11
10
19
10
18
12
11
13
13
10
10
18
12
11
15
20
15
19
14
15
17
13
20
12
14
18
19
20
16
18
10
10
11
20
19
13
19
13
11
20
11
10
13
16
17
13
14
11
17
18
15
19
17
12
18
10
10
17
18
12
20
18
14
13
13
10
16
10
10
10
20
15
17
16
10
19
17
13
18
17
20
18
10
18
17
11
12
13
13
11
14
18
19
17
19
18
12
19
12
10
12
18
12
20
16
15
18
10
19
14
10
12
12
17
10
18
20
10
13
19
20
12
18
10
17
16
10
12
10
12
12
16
20
18
17
15
20
18
11
10
14
17
17
15
11
13
17
17
10
19
13
17
13
14
18
12
12
10
11
18
19
18
15
10
19
16
16
12
18
13
17
13
13
14
13
16
14
10
13
11
19
11
16
18
14
17
15
13
12
13
12
15
10
17
11
13
12
16
17
10
15
13
17
10
17
10
15
16
15
20
20
20
11
12
10
17
11
11
16
16
14
16
19
12
19
18
13
17
20
19
16
19
12

33975
29307
34689
33245
20045
39386
39261
21834
35740
32555
30125
28934
26665
29725
29588
35069
29490
32687
27071
39263
31208
28451
29060
33051
29669
34650
31985
35697
25441
26297
38157
20698
23708
38323
34074

0

1
