700
35

537	871
582	39
715	680
406	33
120	832
469	107
85	523
318	210
372	575
911	78
830	30
260	872
642	686
748	67
128	493
345	667
835	438
435	779
455	351
11	869
701	200
577	582
304	6
531	754
180	872
150	89
641	987
437	969
747	667
205	712
868	197
479	383
425	749
950	460
104	171

61	696
31	288
476	294
30	298
596	565
34	972
570	395
236	747
426	647
377	462
700	192
34	529
125	263
668	364
473	184
365	82
506	643
92	559
125	955
172	444
870	109
225	946
165	949
284	571
470	892
537	72
566	49
425	367
357	909
629	518
770	109
904	148
190	527
328	311
110	541
291	491
740	495
532	143
852	901
713	250
452	480
114	355
832	233
349	858
363	599
729	388
268	681
923	201
670	25
332	168
185	400
297	560
425	795
562	296
787	744
74	110
317	692
61	538
643	414
833	910
818	935
600	711
60	742
111	147
599	224
623	583
521	448
798	239
50	890
699	749
190	194
468	863
919	813
149	294
361	204
291	4
555	602
83	473
289	983
12	387
407	89
206	934
711	94
759	648
544	470
87	916
150	431
734	923
70	980
861	169
905	804
290	495
965	411
47	515
207	59
836	866
642	226
631	210
716	497
999	541
843	181
880	536
421	326
865	198
719	572
546	258
492	151
631	169
948	419
421	752
846	368
675	718
866	857
427	441
583	768
953	942
156	642
668	861
644	850
105	479
611	60
741	139
947	293
924	804
129	806
257	981
27	927
984	393
817	879
900	413
767	539
414	73
796	545
368	420
327	88
760	42
386	469
585	976
825	786
3	502
273	872
846	597
951	294
980	751
897	131
14	298
769	993
31	547
684	430
144	749
960	476
99	225
246	49
411	625
254	769
859	996
926	788
636	385
459	774
391	771
328	214
643	942
882	706
1	979
50	421
376	545
821	997
983	887
71	133
357	740
733	799
54	515
167	755
878	928
663	601
106	732
477	471
765	214
845	338
207	174
7	408
267	386
108	350
33	560
6	404
9	746
845	704
166	277
709	308
122	178
991	79
196	36
1	458
655	815
259	737
408	728
569	382
650	779
746	536
346	974
25	331
908	935
766	285
175	82
185	815
754	216
830	787
295	487
434	731
424	353
797	384
708	454
165	14
166	449
291	482
509	601
997	813
645	973
116	244
331	246
682	461
350	241
853	214
0	408
329	908
498	997
753	941
803	34
667	99
809	624
974	741
952	633
824	861
348	366
624	259
858	7
460	80
948	134
770	47
522	24
796	359
563	379
172	885
661	967
517	453
273	845
329	625
339	338
743	729
283	826
706	580
157	335
745	829
618	970
970	585
955	990
247	385
344	26
64	30
242	838
797	239
92	401
122	770
490	177
857	917
860	374
482	249
493	187
921	283
874	105
727	591
976	778
499	205
221	731
411	906
594	603
344	223
994	245
445	195
934	45
327	889
579	126
419	320
921	666
231	399
138	329
269	170
350	296
96	636
28	481
895	421
249	204
280	83
948	644
96	433
650	757
783	52
246	3
533	592
260	357
218	594
48	858
898	926
602	600
888	797
636	528
823	239
971	599
237	8
185	956
350	874
918	531
114	599
932	83
802	709
903	485
82	879
79	661
885	292
101	686
965	248
650	383
458	403
570	566
852	16
498	306
196	267
365	97
761	745
590	356
213	30
876	636
607	134
249	735
290	842
717	16
742	419
830	600
685	676
946	381
329	248
188	808
217	383
362	755
518	785
452	879
271	145
748	731
102	557
929	608
653	535
761	925
229	36
97	427
104	793
902	248
908	993
243	773
173	592
632	281
154	10
993	188
225	842
997	621
352	292
8	909
183	518
433	715
785	623
731	329
137	364
844	851
285	789
12	174
418	992
769	609
638	558
581	689
331	430
649	188
172	238
767	511
298	650
106	510
502	884
200	928
863	433
969	281
224	79
75	125
598	214
465	238
875	701
136	593
525	329
704	674
618	686
864	302
31	861
634	233
624	125
563	164
971	986
368	785
356	915
93	13
260	772
116	167
469	463
749	420
824	164
931	265
938	469
970	307
291	963
824	13
657	373
400	943
157	582
911	267
149	274
903	667
663	320
717	605
429	44
232	149
202	657
467	602
424	249
626	294
767	542
718	962
437	522
719	859
922	193
981	647
82	169
720	660
931	736
640	784
552	319
505	186
35	380
331	895
138	823
507	774
968	169
27	999
4	835
429	673
91	311
945	558
245	545
826	904
740	188
757	74
59	7
949	973
172	925
104	411
437	250
303	628
255	944
901	409
358	971
181	344
123	686
90	65
260	576
46	216
707	950
104	53
876	757
143	797
403	716
36	112
369	185
663	304
915	132
287	858
465	674
994	325
327	174
605	646
898	359
695	590
361	245
128	360
456	676
403	924
451	170
519	993
978	745
88	891
310	71
667	825
424	145
121	890
338	367
771	736
39	992
275	72
640	365
191	732
637	890
5	242
215	773
930	126
258	424
713	519
481	972
517	823
528	364
400	299
129	335
248	979
989	926
354	958
7	20
560	409
597	597
351	350
498	180
753	664
700	875
799	792
571	330
366	964
52	7
492	138
75	635
788	413
761	310
909	775
702	747
327	960
407	797
638	969
397	474
636	933
254	424
755	43
830	349
841	936
836	974
333	208
154	559
277	25
734	261
77	256
196	170
221	718
864	265
493	976
186	915
799	869
748	963
287	532
804	91
969	516
925	108
461	792
589	730
447	340
579	202
889	718
548	141
578	447
773	633
161	96
798	108
786	48
701	470
564	149
563	326
288	643
830	274
75	818
652	916
245	428
805	134
261	976
270	685
786	717
139	191
395	137
123	706
494	939
207	166
993	603
82	271
501	569
98	736
361	2
113	144
768	539
379	174
953	517
206	994
486	994
517	521
760	970
253	15
430	76
869	30
555	606
561	674
462	676
617	828
889	947
704	150
212	200
665	916
868	108
535	903
852	331
109	108
677	627
167	528
84	187
173	236
218	34
160	817
698	631
300	388
303	473
383	300
772	640
955	725
253	462
773	709
403	302
546	623
160	971
821	653
640	13
998	736
827	309
972	277
719	489
634	183
739	278
799	383
15	510
191	191
251	40
494	469
487	732
82	273
638	65
473	77
629	444
777	633
667	483
384	763
718	577
612	504
698	390
846	620
915	58
968	956
553	259
750	657
314	767
661	376
330	412
145	498
874	806
895	929
167	240
504	329
604	875
960	108
771	880
886	183
990	771
614	148
311	419
103	913
364	949
234	688
115	457
808	882
680	638
189	117
434	777
227	194
40	960
170	967
934	826
378	902
95	456
725	772
806	598
768	236
92	67
99	260
735	955
85	980
347	448

300

400
400
400
400
400
400
400
400
400
400
400
400
400
400
400
400
400
400
400
400
400
400
400
400
400
400
400
400
400
400
400
400
400
400
400

19
15
13
19
19
10
19
15
17
12
15
10
20
14
18
12
11
19
11
20
19
10
17
10
19
12
14
13
17
16
17
20
20
12
18
15
14
17
16
18
17
19
20
11
12
11
17
18
20
16
10
18
20
12
13
14
13
15
20
11
16
10
12
20
19
15
10
11
18
18
20
20
16
10
10
11
20
12
19
19
10
13
15
15
12
13
11
11
18
15
16
14
13
15
16
14
18
14
20
12
13
13
10
20
19
20
19
16
10
15
19
17
16
16
20
12
15
17
10
18
13
10
11
10
14
15
15
14
11
13
10
13
17
14
14
18
20
11
18
12
10
12
14
14
15
11
15
17
18
11
12
13
18
10
13
12
11
17
17
12
10
14
15
18
14
20
18
12
19
14
11
12
17
17
18
19
13
20
17
11
15
13
15
20
17
11
19
14
14
19
20
11
11
13
15
10
18
17
13
13
12
13
20
12
17
18
13
20
18
19
19
16
19
14
13
11
11
13
10
19
12
20
18
16
17
12
12
10
19
12
10
13
13
15
15
19
19
19
18
19
12
10
15
17
16
20
11
12
14
19
13
17
10
15
10
11
15
17
12
13
11
20
12
14
11
15
11
10
13
17
18
17
11
12
11
11
16
10
11
11
15
10
19
12
14
17
10
19
16
11
20
13
20
20
19
19
19
10
20
12
19
14
17
17
10
14
10
20
12
19
17
10
11
14
10
14
20
12
20
20
19
19
14
16
15
11
12
19
17
20
14
13
17
11
20
20
10
19
14
20
18
19
17
16
11
14
10
16
11
13
20
16
13
13
10
10
18
17
11
20
14
14
17
20
15
20
12
17
18
11
13
18
19
17
19
10
18
18
14
10
16
10
10
20
13
18
13
10
14
10
10
16
16
10
13
13
15
13
18
14
15
20
18
20
17
12
13
16
12
15
11
11
16
10
17
17
12
18
17
13
18
12
16
11
10
17
20
14
15
16
16
17
11
10
20
18
11
19
15
11
10
13
16
20
13
13
14
11
12
13
10
13
18
19
15
14
15
14
10
16
17
16
12
17
20
12
17
17
12
20
10
19
20
17
15
10
20
18
16
20
15
14
18
15
11
20
19
20
10
18
18
12
11
16
19
19
20
11
12
10
14
20
13
20
10
20
20
15
16
13
14
19
18
14
19
11
10
14
18
13
18
18
17
19
13
14
11
14
13
17
13
16
10
10
14
20
16
14
16
10
12
15
20
17
17
16
17
20
14
16
17
15
10
12
16
17
12
11
10
10
13
16
18
13
14
10
15
20
12
18
12
19
14
10
15
12
14
15
11
17
14
17
13
16
10
15
14
12
18
20
13
20
11
11
14
12
16
10
16
11
18
15
12
13
20
17
15
18
15
18
11
12
15
13
14
12
20
18
16
19
13
18
12
19
16
19
18
12
14
10
18
14
19
11
13
17
14
14
11
12
19
17
15
13
12
16
20
14
16
10
15
16
18
14
13
19
10
13
16
18
17
16
16
17
17
16
12
10
12
19
16
18
18
16
20
17
14
12
17
12
15
11
14
11
20
15
13
11
19
17
14
17
10
14
18
13
17
15
20
13

267
352
313
399
308
213
202
206
334
296
288
334
204
205
236
369
379
365
271
330
273
223
261
335
285
372
247
390
323
399
253
259
317
227
244

0

1
