700
35

545	146
386	31
612	644
769	398
587	288
348	431
617	653
389	267
471	207
844	335
862	353
513	279
478	655
497	383
666	575
423	47
949	546
644	321
496	568
953	521
375	311
506	350
551	402
796	594
804	600
503	33
955	666
532	125
556	772
261	53
872	266
366	826
31	482
776	744
307	921

870	350
949	432
337	566
488	318
567	275
410	483
947	400
390	302
626	20
543	540
924	403
656	99
593	330
544	640
519	21
346	554
516	639
484	218
512	635
519	136
964	384
537	368
597	457
421	401
493	264
596	336
713	376
581	542
720	660
503	264
349	375
687	653
505	595
580	169
372	662
662	482
832	544
457	302
513	63
355	93
623	404
629	439
561	390
948	394
452	122
749	511
783	443
803	343
726	457
709	524
827	515
714	443
399	620
958	550
782	574
544	310
616	434
491	445
375	96
594	591
483	663
881	515
679	336
880	423
521	255
434	574
826	631
828	434
647	577
595	41
594	11
511	626
704	424
427	27
952	422
587	374
359	556
346	80
568	530
481	508
481	234
522	646
661	8
863	379
960	420
846	639
508	388
503	295
748	458
560	316
478	105
639	364
589	16
376	225
588	499
981	335
743	354
611	516
760	336
581	584
334	58
929	525
526	577
400	317
347	323
760	382
888	352
615	384
652	238
522	86
387	21
829	487
456	189
542	399
399	294
494	596
882	609
951	343
896	566
581	621
562	73
445	249
380	419
452	45
587	411
941	656
882	510
484	472
574	585
867	536
948	660
856	458
651	80
385	620
711	665
705	448
390	633
403	485
771	625
540	116
784	624
626	287
627	489
954	621
449	166
541	323
610	636
756	470
609	405
455	352
335	437
684	425
470	290
494	651
358	16
335	25
608	369
826	552
672	520
638	175
430	534
967	445
613	544
555	445
776	469
614	196
555	113
742	568
384	496
463	410
499	154
912	506
521	173
541	50
416	499
622	518
624	5
574	465
540	447
342	286
666	251
412	36
908	642
381	192
460	39
449	430
903	509
988	515
734	404
711	385
576	136
986	387
646	41
695	603
522	67
904	426
537	649
680	427
422	315
674	433
580	386
505	562
441	503
475	144
405	363
621	138
542	550
580	106
477	283
668	541
558	607
482	601
695	620
931	420
525	245
437	509
356	12
517	611
348	19
808	536
836	355
651	619
586	518
632	570
764	600
638	249
369	635
593	598
553	190
346	382
787	661
467	25
439	229
999	597
545	365
746	532
653	555
929	481
665	253
780	611
711	490
594	441
508	307
409	27
365	576
466	142
450	422
917	573
526	79
347	166
604	655
444	626
760	655
562	90
533	137
627	34
407	105
787	339
627	344
463	163
596	502
372	449
795	433
862	495
398	666
761	591
624	489
810	534
419	423
522	659
715	456
539	215
642	531
628	606
656	262
413	85
420	465
489	536
599	40
619	353
633	254
412	135
456	120
368	335
637	46
465	287
439	170
910	374
663	510
760	383
626	112
629	351
996	508
834	582
375	518
893	417
345	519
363	434
651	157
947	511
515	609
514	307
916	608
538	422
754	628
545	612
953	351
871	580
628	119
779	610
470	569
369	524
708	452
499	584
541	91
586	632
938	653
694	661
857	652
900	449
583	401
636	590
413	71
780	346
657	184
429	641
568	207
393	296
834	530
741	564
886	546
978	401
646	599
818	500
493	144
595	244
918	660
430	18
916	518
361	432
334	520
685	336
587	175
548	584
385	360
757	433
701	349
549	257
926	590
423	624
366	488
627	610
575	558
657	75
507	10
360	651
905	539
615	266
991	591
984	348
433	113
903	515
450	359
338	171
423	496
419	562
335	480
554	490
769	552
486	498
805	616
423	108
411	126
695	376
560	653
958	341
787	439
663	85
573	382
575	25
388	135
861	371
633	480
474	467
504	525
761	647
649	166
506	553
971	642
650	186
614	36
507	568
554	75
470	210
384	43
366	609
514	538
591	644
471	590
838	381
696	377
647	665
446	393
872	609
348	328
596	546
463	475
516	407
833	382
666	522
589	338
496	141
588	446
371	625
931	453
473	604
452	657
688	505
878	355
928	494
640	656
343	194
385	161
388	238
474	160
515	552
434	251
529	28
460	538
702	404
587	311
441	167
431	515
605	427
358	575
968	542
753	664
679	637
971	578
354	623
940	612
823	502
339	326
467	306
504	523
602	316
891	378
695	462
655	598
864	347
504	70
418	319
840	502
377	436
617	280
414	239
379	366
719	416
356	379
695	658
877	522
383	452
791	586
648	26
786	422
525	633
693	409
433	358
541	630
917	628
730	453
364	167
434	580
913	429
926	558
686	350
515	255
838	437
545	209
487	573
553	591
422	508
444	173
888	539
567	142
591	18
463	574
714	509
858	607
380	464
623	33
460	645
656	634
458	209
605	250
633	36
707	341
495	489
605	355
355	119
700	520
720	430
515	303
492	570
649	42
479	17
449	200
915	624
919	463
368	366
697	422
506	563
911	506
351	147
393	516
479	434
953	403
423	80
501	626
757	626
668	484
433	391
551	324
729	459
863	368
398	29
426	614
709	466
350	362
947	513
909	394
336	536
453	170
595	346
488	456
488	58
995	664
627	135
802	608
364	370
604	359
493	653
361	363
460	376
350	485
590	230
976	519
527	265
621	630
602	198
640	302
639	401
353	368
709	431
489	253
977	663
792	544
857	366
605	42
776	630
32	453
783	733
281	49
162	74
914	915
268	731
33	170
19	375
917	694
867	851
53	368
695	720
733	105
620	844
76	401
248	382
106	333
144	463
869	800
759	122
122	272
420	978
332	898
852	145
115	977
231	44
371	779
270	631
40	529
142	886
869	192
32	307
779	670
81	416
678	32
861	104
106	825
117	436
796	42
949	803
320	922
679	848
190	603
401	752
656	730
803	983
754	31
833	668
312	245
147	885
525	971
750	899
240	265
586	726
149	256
880	299
165	859
873	40
79	971
204	425
0	554
825	284
412	679
291	331
922	747
890	789
949	266
538	890
812	947
364	671
693	940
225	882
791	95
819	66
230	511
79	311
977	935
224	330
180	40
944	6
817	673
280	634
926	127
858	291
168	598
914	816
214	577
204	911
899	712
717	245
308	282
522	857
60	562
40	915
794	169
305	127
5	330
8	12
962	763
13	355
595	751
315	598
843	204
117	874
122	551
734	920
340	836
977	37
475	764
299	482
974	319
133	785
28	377
718	283
960	322
42	193
284	100
483	696
194	564
963	720
128	799
50	844
472	960
312	312
169	15
579	937
264	776
809	960
227	885
513	974
252	573
0	573
480	759
263	512
183	722
281	276
301	457
563	826
24	824
677	42

150

600
600
600
600
600
600
600
600
600
600
600
600
600
600
600
600
600
600
600
600
600
600
600
600
600
600
600
600
600
600
600
600
600
600
600

18
19
13
20
15
13
10
15
13
12
12
15
16
16
15
13
20
18
13
13
11
20
14
15
20
18
17
17
12
14
17
20
17
17
12
18
19
11
17
15
13
15
16
13
16
10
12
13
19
19
13
19
20
11
20
16
19
13
19
19
10
12
13
15
16
10
20
18
15
13
19
13
15
13
14
16
20
13
16
14
11
17
10
10
18
13
10
11
15
13
12
20
10
18
11
20
17
12
13
14
17
14
11
17
15
11
20
14
19
16
12
10
13
15
10
10
19
12
13
17
10
10
20
14
18
16
11
12
17
15
18
18
17
20
13
13
16
15
18
20
17
19
10
20
15
17
12
10
16
15
16
20
16
13
10
14
16
15
12
12
11
11
11
17
10
10
12
14
14
19
10
20
11
17
10
18
16
17
16
18
19
11
13
19
12
19
16
11
14
12
13
11
16
13
18
16
14
16
16
12
19
18
16
18
14
16
13
17
18
16
16
17
13
11
17
20
12
20
16
19
12
17
18
11
13
18
11
20
10
19
15
19
19
15
15
19
14
11
13
19
11
18
19
11
10
13
10
14
19
18
17
15
10
17
10
19
11
19
20
14
19
10
13
13
19
11
10
12
10
10
13
18
18
17
11
14
14
20
20
18
10
17
15
16
10
12
14
10
17
14
16
17
10
16
17
11
18
12
14
13
10
10
20
20
11
19
18
12
18
20
17
17
13
15
18
18
12
15
17
13
15
16
19
17
12
16
17
10
12
13
14
15
11
14
17
16
14
12
11
19
20
20
11
16
14
16
12
11
20
10
10
17
11
15
14
15
12
12
17
19
12
19
18
16
17
15
20
19
13
11
10
16
18
15
16
16
14
12
11
18
20
20
13
12
14
20
12
13
13
13
14
16
17
16
17
14
18
12
17
11
11
20
16
17
10
11
12
10
12
19
19
11
11
20
12
11
15
14
15
20
11
15
18
19
18
15
12
15
16
12
14
10
16
11
13
11
14
15
13
18
10
15
10
14
17
15
18
11
10
13
19
16
13
12
18
10
12
12
16
17
12
19
20
10
13
20
12
14
16
11
16
18
11
18
10
11
16
13
16
12
18
16
18
19
15
10
14
19
11
19
12
11
12
19
20
15
17
16
19
12
11
14
16
13
10
20
14
13
10
10
11
18
18
12
10
12
13
11
10
17
17
20
16
16
20
12
13
13
14
12
16
13
16
15
15
20
19
14
19
16
19
17
12
20
10
15
12
16
12
17
18
16
20
20
14
11
20
19
12
17
18
15
18
12
17
10
16
16
12
18
12
20
13
14
17
16
18
15
19
16
17
17
12
15
12
15
12
19
17
20
19
11
14
18
20
15
12
17
11
13
16
18
20
20
16
18
19
11
11
20
12
20
14
14
14
20
13
11
19
11
18
13
18
15
16
13
14
14
15
17
17
19
14
11
20
10
16
13
13
20
20
12
10
13
19
18
19
20
18
17
19
17
11
17
15
11
17
15
14
14
19
18
12
19
10
16
18
12
16
17
18
12
17
14
12
10
12
10
11
12
14
10
13
14
15
12
10
11
14
16
14
13
20
17
18
10
15
17
11
15

26078
22636
31791
34490
26649
22130
39513
29815
26635
27943
26975
25331
29678
32965
27814
21350
34664
37294
21535
32650
28879
24356
30760
27092
31759
34779
21345
27580
21043
32023
21826
27967
20993
25459
34280

0

1
