700
35

40	865
39	571
58	297
745	920
888	271
233	127
324	260
919	61
673	901
699	394
833	16
570	698
905	560
573	143
645	713
973	484
846	752
834	847
94	398
518	491
427	179
528	225
786	188
654	668
610	215
74	912
995	87
673	865
604	639
968	747
498	358
235	229
836	920
950	777
17	689

539	893
967	803
760	605
821	55
241	486
147	556
398	252
631	470
297	778
535	284
382	175
517	347
995	892
852	385
543	848
430	732
854	352
841	396
301	992
521	933
534	884
91	249
176	435
651	51
882	335
286	652
375	638
776	840
372	912
714	535
528	45
186	149
326	626
990	514
975	659
238	546
124	411
925	542
330	958
698	141
485	35
963	15
749	302
136	922
565	919
71	455
668	321
169	3
82	80
893	594
867	525
929	771
207	156
832	949
874	736
883	437
515	420
449	69
231	521
937	149
346	638
828	119
153	270
571	666
436	306
741	628
568	188
16	905
27	414
52	329
76	613
749	705
88	932
479	650
993	875
532	153
436	891
686	679
247	773
607	673
183	801
510	135
555	707
559	621
308	52
645	292
159	719
862	612
323	628
508	5
365	829
11	120
401	599
788	870
799	148
803	97
229	588
791	35
3	993
712	153
500	509
512	235
217	354
262	529
711	309
130	876
833	638
693	339
975	858
265	888
764	635
810	397
572	885
583	266
766	779
834	529
842	866
281	441
431	81
561	964
529	563
267	191
66	910
168	755
331	549
68	733
220	100
108	752
478	262
814	307
72	817
857	767
733	312
889	665
476	288
797	333
786	12
635	993
101	810
724	556
243	72
169	358
542	224
94	833
78	772
792	415
287	144
512	71
468	177
994	168
479	966
387	799
942	456
150	432
680	147
848	556
454	987
505	465
501	716
459	629
274	487
149	481
749	754
238	932
170	453
136	192
172	335
246	487
575	772
216	960
843	985
529	195
321	868
283	587
190	476
10	993
428	734
224	981
697	195
978	559
93	820
820	947
453	921
88	735
617	184
547	643
839	211
537	476
788	868
410	314
315	873
818	550
853	650
198	609
38	234
417	652
512	873
195	611
357	876
248	117
767	513
714	688
299	340
316	538
319	785
602	645
29	671
896	971
294	679
289	570
39	629
178	122
889	238
619	314
344	754
119	13
86	438
934	205
771	859
938	337
122	551
787	145
264	694
875	689
264	481
626	964
59	311
8	911
938	817
874	979
969	86
103	503
401	732
425	724
701	425
444	194
718	836
532	860
203	627
295	457
854	646
262	821
167	724
502	347
894	157
478	190
677	707
125	86
475	436
532	28
505	134
590	456
183	747
321	812
627	880
258	707
893	243
777	332
326	193
870	98
354	475
72	100
648	725
413	504
989	537
735	269
886	807
78	5
661	60
500	521
544	475
699	674
614	214
561	387
620	514
744	877
32	880
887	244
81	696
440	80
111	143
402	207
349	973
1	574
534	849
628	427
308	547
528	222
985	209
81	824
481	390
773	965
273	210
620	737
404	333
511	819
256	380
976	385
406	188
316	855
60	913
938	837
819	585
589	353
642	463
892	822
225	573
319	795
84	15
956	79
830	808
953	781
722	272
584	645
486	901
367	147
977	649
390	815
596	410
652	697
618	108
950	336
62	913
796	329
647	417
174	726
905	248
498	326
145	492
744	444
189	394
90	604
816	372
381	619
237	487
190	367
82	63
754	209
82	750
330	938
984	137
816	331
545	713
99	862
73	759
141	191
823	140
949	592
497	35
229	199
299	626
401	523
384	920
238	746
382	649
372	354
609	684
678	784
143	514
160	336
618	479
766	887
397	256
992	542
339	794
351	29
687	364
100	748
942	930
259	7
465	500
43	827
93	26
301	798
712	36
430	459
55	148
324	379
441	416
571	307
137	456
465	891
543	12
27	872
997	768
271	495
565	970
363	666
161	483
901	685
143	988
808	261
182	770
321	147
298	717
223	599
827	494
215	760
221	674
747	563
54	922
487	321
52	677
589	958
975	567
978	771
627	104
503	742
352	690
152	163
883	221
168	476
413	177
733	492
912	848
439	842
497	814
10	917
108	201
987	519
364	457
603	615
931	995
620	480
633	147
962	167
643	473
590	619
627	228
359	938
301	776
62	320
99	726
141	832
656	233
519	121
550	590
105	879
628	584
8	295
209	947
428	464
205	684
634	326
683	307
606	265
100	616
418	569
757	567
660	940
539	570
331	368
485	319
279	213
801	523
115	256
333	991
893	724
418	771
362	854
312	490
785	723
729	560
920	183
793	875
620	345
220	783
934	792
17	271
113	920
896	158
923	998
819	410
653	137
859	135
580	936
443	715
364	981
523	49
710	670
38	827
22	562
353	334
918	178
401	495
410	984
388	42
330	522
384	318
197	700
936	111
627	912
782	975
983	185
90	844
111	310
209	968
67	969
243	619
91	542
557	705
67	188
894	62
305	342
754	69
628	973
920	478
645	236
606	413
743	114
958	113
332	522
876	800
61	177
469	49
762	875
116	329
723	538
845	194
232	408
151	196
982	965
459	60
21	384
177	946
734	85
759	106
488	320
961	557
211	511
235	931
311	330
176	272
138	877
944	917
626	128
61	430
493	373
659	670
62	793
567	427
653	831
180	435
35	782
672	105
204	591
658	244
493	970
327	335
855	604
820	224
457	199
615	600
449	531
580	173
431	822
710	742
789	71
466	56
490	172
135	595
864	396
779	652
746	282
272	144
164	803
601	653
628	691
838	761
105	483
151	124
977	314
18	561
117	253
831	519
742	809
388	351
310	899
194	825
620	461
522	984
96	155
162	878
535	940
960	177
314	591
390	757
345	996
862	169
368	223
359	275
305	746
321	378
358	970
820	813
325	740
311	757
598	124
452	270
181	944
107	499
895	517
630	22
563	920
148	787
812	104
864	220
701	813
926	929
629	609
68	661
488	765
867	736
606	114
456	764
760	230
932	269
979	743
710	75
499	849
476	537
182	401
752	621
779	266
692	827
830	197
491	977
57	411
69	355
653	863
191	844
62	509
564	371
264	854
34	157
62	51
558	250
722	296
556	572
617	812
494	161
868	109
546	626
649	836
797	40
74	150
568	261
663	655
802	315
512	343
708	321
252	631
31	853
911	355
353	508
725	227
938	94
288	64
885	960
271	793
461	713
851	258
373	561
303	162
195	384
449	585
509	20
327	7
803	423
307	789
926	49
236	336
24	529
425	228
79	561
774	857
784	239
150	495
813	213
93	131
861	791
395	780
765	156
761	764
897	711
601	136
117	21
299	439
897	208
884	128
176	2
684	467
237	113
447	674
387	286
87	110
865	113
921	815
443	496
602	642

300

400
400
400
400
400
400
400
400
400
400
400
400
400
400
400
400
400
400
400
400
400
400
400
400
400
400
400
400
400
400
400
400
400
400
400

19
10
18
18
14
15
19
10
20
12
15
20
18
16
10
14
11
11
14
12
17
20
10
18
11
17
19
19
12
10
12
12
18
11
20
11
17
20
11
13
13
16
17
20
18
11
10
17
10
11
11
14
14
12
13
13
12
17
11
11
17
11
17
16
18
18
16
14
14
18
10
19
13
19
13
10
14
11
10
19
14
14
14
18
17
15
20
13
19
20
12
16
10
15
11
17
20
16
15
11
15
10
10
13
18
10
18
10
12
11
18
13
16
11
13
16
17
19
19
19
16
14
11
20
10
10
16
13
17
18
13
11
18
15
15
15
20
14
20
16
18
17
18
17
16
13
13
14
11
17
10
18
17
10
15
19
14
20
12
13
18
18
17
19
14
18
10
16
20
18
10
20
10
16
13
12
10
17
13
17
20
17
10
11
10
12
11
10
10
13
11
11
20
13
11
11
16
17
19
20
11
18
16
19
12
10
17
10
18
14
18
19
20
20
13
18
12
15
17
11
10
11
15
14
15
13
12
11
14
17
17
14
20
10
12
20
18
11
15
14
12
18
17
12
10
11
16
20
17
19
19
12
19
13
16
18
10
11
10
13
17
10
14
12
11
11
17
16
20
11
14
10
18
12
15
17
17
17
20
11
15
11
10
19
17
19
10
16
19
10
17
10
16
14
17
14
16
11
14
12
15
14
18
11
10
14
20
20
14
13
13
17
16
12
15
14
12
10
14
20
17
10
12
10
15
13
10
12
11
16
10
18
19
13
18
11
10
17
18
15
13
18
11
15
10
19
16
10
16
18
14
14
14
12
10
19
17
10
17
10
17
11
19
13
13
15
20
17
19
19
14
14
17
18
10
15
12
17
10
13
20
12
15
20
15
11
11
17
19
15
18
20
15
13
18
12
13
14
13
13
20
19
12
14
17
11
13
14
10
16
18
20
11
16
18
16
20
17
12
20
14
14
17
13
10
12
15
12
10
19
19
14
16
14
12
18
10
13
20
18
14
10
16
20
18
18
18
16
17
18
12
16
19
20
10
11
11
16
18
20
17
13
16
11
16
10
17
17
13
10
20
12
13
14
14
17
18
13
10
13
19
20
14
13
16
18
19
12
19
20
11
11
16
15
13
11
16
13
10
17
20
18
15
18
17
18
18
14
13
10
15
12
19
11
13
10
20
11
11
13
19
10
16
10
10
14
12
18
13
16
13
12
13
12
13
17
15
16
17
17
10
16
19
10
11
14
16
15
13
14
14
17
20
17
17
12
15
15
12
15
12
18
16
14
20
11
19
11
20
12
16
12
14
13
19
11
16
17
18
10
10
14
18
17
20
13
16
15
10
16
17
12
17
17
17
13
13
19
12
10
15
10
15
17
13
15
14
15
20
19
17
12
13
15
13
20
17
13
13
11
14
16
18
10
17
13
14
10
16
14
18
20
11
14
20
18
16
12
10
12
18
10
13
14
18
14
11
13
18
14
17
16
20
10
20
17
19
17
17
19
19
15
12
14
10
15
13
18
18
17
12
10
18
15
13
18
20
10
20
10
12
12
20
14
18
17
20
16
11
10
17
13
15
14
14
11
13
10
10
17

29165
33382
34646
21984
25889
20482
21167
34321
35992
35358
23022
32876
39535
27103
20598
27453
38367
32782
30514
30954
26483
31156
28432
35278
37395
23915
24934
37335
29988
32643
34495
38785
31887
35700
20432

0

1
