700
35

149	828
459	870
94	245
583	514
339	774
674	179
305	408
892	618
162	68
450	168
434	263
508	910
315	124
431	930
125	241
126	580
623	234
65	964
801	851
946	478
568	848
85	460
68	697
651	217
889	260
975	695
772	387
115	239
469	638
902	868
130	832
705	919
758	397
341	223
887	645

262	995
351	383
623	582
585	294
640	800
229	301
69	203
268	901
957	52
446	983
432	83
869	810
656	435
629	765
877	210
968	36
332	139
236	412
618	480
395	240
94	683
457	942
238	170
202	581
991	32
236	698
346	20
679	169
125	906
429	854
279	973
213	267
419	252
50	36
793	324
72	494
742	208
760	529
156	816
382	769
638	505
804	578
530	974
742	122
743	790
670	885
977	39
10	745
370	565
461	555
423	359
756	548
96	424
280	679
646	138
678	683
532	141
711	27
454	485
783	734
533	195
475	262
663	845
812	211
627	642
923	361
931	965
903	863
199	458
759	475
993	551
803	488
256	108
159	742
75	21
188	704
73	199
499	143
684	210
956	136
580	429
401	337
648	246
665	305
213	533
579	279
905	540
337	542
411	882
76	149
913	102
516	583
163	908
97	104
611	153
896	310
535	238
736	753
962	43
552	561
216	191
662	246
74	156
821	48
391	221
973	608
49	861
245	355
737	928
173	310
992	962
223	705
456	512
210	301
568	588
619	799
528	897
119	169
301	944
619	609
232	726
23	185
720	622
730	32
461	596
528	291
126	671
319	782
719	756
186	100
109	65
123	53
815	730
372	737
649	578
442	354
290	864
908	377
932	737
722	929
53	103
878	521
404	112
630	562
680	565
214	140
516	843
918	675
865	736
8	978
716	480
206	976
361	830
355	894
475	916
651	350
611	931
615	477
382	798
377	769
246	430
186	566
616	889
628	511
412	492
896	48
678	101
934	15
978	146
316	587
790	446
453	358
97	802
192	525
127	681
682	364
520	791
432	90
799	599
69	462
950	734
360	183
833	883
296	254
703	955
283	809
780	234
869	706
393	472
232	72
915	505
824	325
639	665
346	345
583	191
498	621
382	780
792	632
512	613
235	301
518	782
129	397
15	354
364	949
902	173
374	890
388	810
767	155
282	673
253	565
10	805
694	502
783	69
146	238
798	995
716	659
917	165
770	950
766	153
941	964
992	200
163	512
788	831
128	779
747	254
687	230
14	426
831	160
709	57
975	20
5	36
961	638
906	684
656	271
140	308
125	840
716	161
934	484
119	707
701	838
713	159
13	887
240	47
705	407
723	998
266	533
963	502
619	873
93	953
611	127
445	745
507	374
180	976
872	135
928	802
457	690
191	280
710	147
193	366
211	996
386	524
152	425
666	807
864	281
842	533
558	894
91	271
534	964
2	663
368	105
261	484
715	831
999	590
242	26
349	188
822	839
104	873
454	981
71	485
589	809
278	183
83	333
472	657
512	13
825	890
126	503
990	74
142	644
691	633
71	258
688	97
802	972
600	884
989	135
942	128
286	79
110	955
135	277
147	753
670	270
855	381
985	710
460	197
528	155
978	312
588	910
703	905
213	776
966	272
341	277
811	298
636	733
526	841
392	585
416	271
970	643
653	286
884	188
741	632
329	167
567	936
325	877
612	489
888	399
74	782
891	488
747	570
854	101
319	304
509	143
190	856
210	457
238	496
49	315
484	223
411	180
307	848
339	212
183	390
832	11
909	636
891	55
618	718
152	946
863	224
650	799
427	700
36	369
619	53
439	145
109	437
250	591
717	160
451	701
971	395
188	778
579	760
575	685
657	361
914	995
133	716
337	376
210	474
904	909
544	163
987	290
694	550
551	137
730	833
633	91
797	180
402	809
791	654
0	812
415	163
805	394
797	277
18	776
814	258
475	487
109	545
23	372
788	668
328	237
985	829
527	389
634	267
452	726
153	227
257	785
931	300
774	887
443	9
679	941
575	7
783	526
809	701
632	115
818	857
89	250
373	547
103	40
278	225
584	641
282	412
160	384
612	388
132	307
457	974
881	702
586	470
373	9
790	789
589	494
360	204
222	492
372	980
455	783
519	951
291	351
4	203
483	368
444	936
872	912
32	993
760	845
748	366
659	624
61	483
702	478
195	716
88	527
146	465
947	676
138	473
137	537
313	660
842	380
188	916
97	343
488	427
287	770
522	64
243	109
347	191
784	220
469	938
921	934
341	89
368	148
375	460
157	550
551	605
771	325
152	375
976	888
371	605
919	923
691	32
63	739
253	441
110	732
552	524
475	899
430	972
23	930
967	866
58	24
348	839
777	168
475	225
349	914
464	181
355	782
843	419
795	99
66	197
811	520
136	522
653	399
446	136
838	872
216	753
782	455
939	316
358	72
418	493
576	120
83	332
253	456
724	570
101	485
629	95
674	258
394	553
344	360
317	924
388	242
429	798
231	548
651	372
75	305
397	525
312	449
667	187
631	202
991	311
63	920
44	346
265	804
86	599
53	251
363	787
472	86
790	141
561	643
463	92
927	129
483	420
961	983
493	623
159	211
171	571
136	375
982	862
973	465
362	82
246	173
337	561
545	668
773	919
257	569
120	449
17	253
912	648
463	902
139	520
132	837
777	239
939	211
792	968
26	197
999	261
187	507
204	642
311	33
666	752
592	99
510	137
125	707
146	940
319	581
63	913
1	930
507	174
395	724
374	897
387	631
774	724
124	444
938	512
198	332
698	940
891	725
280	303
930	657
892	964
677	104
302	891
622	507
277	143
90	738
450	136
784	140
708	321
254	728
653	584
338	835
377	521
206	184
114	361
624	714
900	405
593	122
656	488
90	420
973	84
699	189
13	528
366	879
238	734
880	14
8	864
87	707
567	838
667	116
54	124
250	117
531	409
356	607
22	980
733	808
95	93
832	512
647	86
956	594
826	162
916	291
100	935
875	197
3	883
357	573
45	980
925	417
558	749
965	398
555	342
529	809
548	97
662	779
83	42
819	401
74	824
98	460
205	429
204	816
939	193
358	554
682	793
459	333
874	956
534	902
209	873
30	157
411	588
81	919
976	300
480	893
114	220
536	451
294	980
156	696
779	385
876	45
998	832
527	428
207	425
997	611
463	4
245	681
721	829
408	15
62	460
567	288
599	189
390	861
240	984
704	782
305	19
377	272
770	290
12	996
832	422
878	672
694	848
878	757
614	890
875	21
504	769
551	428
480	288
875	386
398	242
496	113
338	585
826	908
127	405
904	93
986	495
364	973
84	511
243	831
276	990
482	336
877	175
348	105
462	283
202	421
367	714
430	200
893	893
801	893
188	51
694	445
382	311
636	929
395	572
913	507
992	716
955	197

300

1200
1200
1200
1200
1200
1200
1200
1200
1200
1200
1200
1200
1200
1200
1200
1200
1200
1200
1200
1200
1200
1200
1200
1200
1200
1200
1200
1200
1200
1200
1200
1200
1200
1200
1200

18
11
13
20
11
16
11
10
18
17
15
15
16
14
11
19
17
19
20
16
15
20
13
16
16
15
10
18
18
17
13
20
13
15
16
15
17
10
20
15
12
16
20
19
20
17
16
19
13
17
20
14
15
15
16
15
10
18
12
18
10
11
10
12
12
13
15
11
13
11
17
14
10
16
11
19
12
16
11
11
16
16
14
19
18
13
19
17
11
12
19
13
11
12
17
20
19
18
13
15
17
16
18
17
18
12
11
19
14
19
16
12
10
14
14
11
10
12
12
15
12
11
19
14
17
12
15
13
12
11
17
11
20
17
15
18
12
15
12
15
18
20
20
11
18
14
20
19
17
11
17
20
18
15
11
12
20
19
13
18
11
10
19
13
16
11
19
18
16
19
13
14
13
12
16
12
10
17
14
20
14
13
20
20
20
19
12
12
13
16
16
12
18
13
10
18
12
20
16
12
17
15
11
12
20
17
15
15
10
20
13
19
10
10
16
13
14
19
15
20
17
12
17
17
14
15
15
11
14
16
10
17
20
12
10
17
18
19
10
15
18
12
12
15
12
12
12
17
15
17
19
13
17
15
11
19
17
16
16
12
10
11
14
17
12
16
19
11
17
10
10
10
16
19
20
12
14
10
15
12
11
14
11
19
15
14
15
16
14
20
12
16
14
19
14
14
13
15
16
13
14
16
14
12
11
10
10
12
11
20
12
19
20
20
16
11
10
14
15
13
10
10
12
18
15
11
17
13
20
20
18
12
11
17
11
15
16
18
16
11
20
20
11
12
10
20
19
17
11
12
16
20
14
11
18
14
15
11
17
17
14
18
17
11
12
10
17
15
14
15
12
13
10
20
20
20
12
11
12
12
17
17
15
20
13
14
15
18
20
13
14
12
16
17
12
14
19
18
10
16
15
10
10
10
17
13
11
12
10
17
18
16
20
20
15
14
14
11
14
12
20
10
11
17
17
13
18
14
16
14
20
17
13
11
19
14
20
18
14
13
10
13
18
19
12
20
16
15
14
11
11
16
19
19
16
13
15
14
13
17
18
18
18
13
11
13
18
10
13
13
12
11
17
19
11
18
10
16
19
18
16
19
14
20
19
11
15
12
12
11
17
18
12
17
12
16
19
10
16
13
20
15
13
11
19
10
11
17
19
11
19
17
20
20
20
12
11
10
16
12
18
19
11
12
18
13
10
11
14
10
13
11
11
15
10
16
12
18
17
13
20
13
14
13
16
13
13
12
19
13
20
14
12
10
18
15
12
20
15
10
11
12
12
16
16
18
18
15
10
16
17
18
10
11
10
12
15
11
11
10
10
13
12
20
13
18
17
16
20
19
19
19
15
12
12
10
15
13
20
20
11
19
18
20
16
11
20
14
16
16
11
18
16
18
11
17
12
12
15
14
16
13
13
11
18
17
12
17
20
17
14
10
19
17
17
17
19
17
14
15
11
10
18
15
14
14
14
18
15
12
13
18
16
11
16
16
14
16
16
14
10
19
19
13
13
16
18
20
12
18
16
17
19
18
19
15
12
15
17
13
18
11
19
18
16
14
19
18
15
11
18
10
12
19
15
12
20
19
17
16

25999
21382
32385
38344
31066
27546
27799
26396
38928
34341
24088
37866
39089
24927
38383
25702
21290
20537
23704
29078
28343
34294
33184
34043
26018
32745
34135
22255
35412
29668
30315
31965
36209
37946
23674

0

1
