700
35

526	578
561	44
411	387
348	597
535	571
84	736
197	950
841	549
319	929
566	62
18	981
945	538
162	859
97	852
941	378
173	757
542	611
408	181
637	128
797	221
450	269
652	475
955	610
850	427
752	107
675	208
939	224
571	202
737	691
88	148
18	124
402	846
376	818
512	752
244	586

694	248
793	648
779	469
874	291
611	440
817	505
579	95
283	681
454	148
311	751
597	578
835	316
930	335
740	483
700	12
439	54
570	102
425	350
776	269
942	26
733	164
561	287
890	582
405	179
650	182
500	351
226	695
425	255
335	208
476	437
297	723
535	270
657	634
901	486
700	87
51	682
759	301
437	600
670	124
213	820
948	546
469	106
471	149
83	963
630	493
208	733
945	164
877	261
602	139
950	494
606	327
532	489
843	486
792	157
539	309
320	682
80	826
762	406
995	288
501	276
685	641
528	237
699	472
161	998
668	315
380	417
766	614
396	552
736	413
689	32
772	176
571	31
291	843
873	554
531	128
365	91
893	23
418	182
525	16
930	291
358	196
798	616
508	239
383	275
411	429
459	535
265	804
467	657
302	930
546	295
300	838
804	244
109	996
831	306
199	858
431	58
951	7
845	554
788	100
363	539
797	343
186	846
834	317
744	346
300	727
460	558
935	430
416	502
775	578
544	99
300	896
836	258
101	696
439	311
219	913
362	529
207	938
76	975
806	213
665	109
813	605
338	207
358	101
965	98
417	411
913	115
741	380
645	285
833	638
557	666
255	836
478	594
161	985
941	30
31	668
870	93
365	630
683	33
356	2
977	558
305	875
630	220
413	302
741	183
693	492
932	589
440	168
177	739
593	544
675	285
518	422
575	54
146	743
914	635
87	788
366	566
980	596
346	312
625	22
575	122
226	947
695	389
444	218
341	540
354	103
104	750
795	479
570	48
869	587
629	634
765	203
750	97
884	402
973	287
479	637
583	329
977	74
315	838
815	84
660	384
852	648
412	92
187	735
902	634
836	339
587	645
643	573
585	446
514	285
503	28
822	542
17	867
820	20
520	232
483	561
753	353
938	50
789	388
386	286
531	485
188	766
978	136
570	231
663	656
391	115
887	648
632	2
422	49
546	156
366	156
773	62
284	894
334	199
458	231
174	879
708	539
456	318
944	292
438	148
758	138
883	470
591	611
870	151
323	731
802	604
793	425
379	395
792	573
560	514
945	60
803	157
622	579
925	230
731	570
984	518
769	408
798	581
79	762
297	814
412	305
938	270
316	895
743	320
199	750
460	130
474	586
392	313
849	371
190	833
977	351
611	261
542	330
943	587
559	203
324	935
669	244
987	223
542	429
196	890
30	918
624	434
907	158
320	763
392	439
796	183
880	502
726	129
592	181
441	516
690	131
901	61
789	597
519	420
858	469
876	509
455	414
331	699
406	274
854	321
362	281
841	621
470	427
470	526
316	854
945	323
449	46
720	370
843	188
475	640
64	685
709	86
629	10
821	469
0	736
365	663
984	200
351	396
769	462
790	330
222	773
460	441
269	956
765	182
444	63
403	53
521	652
995	552
707	209
711	402
507	63
427	113
535	395
339	467
21	825
610	373
665	149
502	426
466	270
802	102
342	338
394	136
589	61
994	242
446	575
994	113
873	215
564	211
357	186
823	216
740	232
232	700
803	238
288	941
651	469
761	6
427	235
353	395
569	47
283	786
859	644
93	703
502	378
645	284
725	77
658	203
361	121
502	355
606	304
963	322
375	334
347	467
5	717
163	794
593	80
47	855
782	137
725	361
744	507
430	183
624	525
551	450
860	292
251	912
961	123
810	57
580	256
461	13
932	208
354	105
385	218
338	543
389	350
728	458
83	785
520	6
479	487
28	851
566	304
597	666
838	647
560	472
983	460
722	212
173	774
352	74
629	262
119	992
118	819
591	465
719	463
77	800
339	572
423	131
507	659
585	440
118	789
628	37
470	516
377	125
52	931
359	442
580	659
737	559
419	457
545	131
880	553
495	191
426	438
980	48
722	279
988	346
457	382
929	284
407	68
749	114
336	543
603	445
619	144
806	627
557	216
707	52
539	114
980	651
328	963
290	934
905	246
584	622
343	153
583	242
503	581
840	96
458	547
347	540
952	98
230	894
958	144
328	953
999	629
820	166
385	102
312	926
517	132
555	381
906	404
787	353
160	987
958	381
474	109
520	221
501	163
900	582
228	793
754	646
621	66
483	536
940	119
145	799
477	565
415	530
837	79
498	41
284	762
188	945
793	377
403	47
390	538
505	603
716	220
699	317
747	207
366	64
583	7
775	15
746	220
750	26
708	332
635	392
786	660
489	655
294	679
594	274
827	97
50	885
596	150
556	152
431	141
84	994
567	174
172	800
592	423
915	551
950	405
874	466
493	88
953	647
882	359
969	541
713	603
520	133
808	665
856	156
484	390
639	19
293	935
281	933
559	369
799	488
823	117
410	80
924	586
649	290
474	577
538	662
236	902
721	317
750	438
183	947
470	66
545	186
37	780
932	141
580	131
214	806
235	729
662	449
576	536
573	424
741	497
963	632
924	187
885	321
677	479
555	498
436	218
895	69
432	18
705	569
144	809
960	612
511	220
271	876
488	350
538	439
701	281
569	594
232	940
48	970
879	362
4	846
730	255
839	347
471	529
775	574
650	555
71	811
487	354
129	750
364	380
934	16
208	726
164	26
7	274
303	206
439	934
618	867
442	704
217	240
268	55
101	3
650	756
332	369
613	779
199	331
219	521
744	799
597	841
311	97
922	871
758	860
823	889
291	360
145	478
292	554
691	741
8	574
473	786
642	992
330	101
517	720
150	364
183	134
128	323
962	957
150	400
579	920
745	872
485	992
356	876
123	254
296	168
584	860
225	450
140	573
358	720
179	569
896	787
184	355
463	730
84	571
322	287
295	302
60	160
948	974
4	476
324	249
178	558
649	832
420	680
737	777
329	176
313	65
118	227
301	473
6	228
703	752
467	676
399	808
983	684
971	898
295	468
72	54
370	830
130	642
733	964
819	762
991	990
330	109
618	737
950	706
652	724
148	273
6	199
65	414
892	871
76	53
226	601
87	573
90	366
155	274
867	996
140	388
508	752
837	951
893	985
533	698
527	888
400	995
46	598
755	693
24	494
520	896
131	156
747	744
202	220
989	985
3	330
801	915
19	52
104	329
773	853
291	610
253	98
378	934
46	264
510	816
75	27
105	579
284	582
26	327
886	673
577	727
824	919
321	573
371	720
775	946
362	848
532	837
475	784
607	861
475	738
286	193
781	668
578	709
655	937
61	155
43	596
947	797
58	47
367	954
826	958

150

400
400
400
400
400
400
400
400
400
400
400
400
400
400
400
400
400
400
400
400
400
400
400
400
400
400
400
400
400
400
400
400
400
400
400

10
13
20
12
18
11
20
16
16
17
11
10
16
13
14
18
13
19
16
17
11
20
14
12
15
15
16
16
18
15
14
14
18
11
17
19
12
17
19
10
11
12
18
20
17
18
20
16
16
10
18
20
11
13
13
12
18
20
13
19
20
17
13
14
14
11
18
12
18
13
19
15
14
17
17
20
13
18
17
16
16
10
16
15
10
15
20
16
10
18
15
10
19
10
18
11
20
10
10
12
19
19
20
16
12
17
15
10
17
17
15
11
19
12
18
18
11
18
15
15
17
15
12
19
13
20
18
14
19
14
15
10
16
12
13
20
16
20
19
10
16
10
18
16
11
10
16
15
19
11
13
15
12
17
13
15
11
11
16
19
16
15
20
13
17
11
14
17
19
14
20
13
16
13
14
13
14
19
13
20
18
12
12
14
12
12
13
10
15
11
13
12
10
10
16
16
14
13
17
18
12
15
18
18
17
17
20
10
15
20
18
13
17
12
20
12
14
19
13
19
19
12
14
13
12
13
15
19
16
18
10
16
10
16
16
12
18
12
14
18
10
19
16
16
10
19
10
12
20
20
11
14
18
19
10
14
18
16
14
12
14
11
16
11
20
14
20
15
13
13
11
12
11
12
10
11
14
16
16
14
12
18
17
19
10
17
18
10
16
14
15
19
20
17
16
13
20
11
16
11
14
15
12
14
15
13
13
19
12
11
12
12
14
15
11
15
14
13
12
17
15
19
15
17
17
14
11
13
20
14
14
14
19
13
14
11
19
19
14
15
12
20
12
13
20
12
10
18
15
14
19
12
18
12
16
12
18
10
20
11
20
16
17
19
11
17
13
16
16
15
15
18
17
18
15
10
20
19
11
14
14
19
14
13
13
15
13
17
15
10
17
11
18
14
11
18
13
16
11
13
20
19
10
11
16
16
13
19
12
15
14
18
11
18
10
16
18
17
14
20
13
11
11
18
16
17
10
11
12
16
12
20
18
18
10
17
20
18
17
14
10
16
16
10
14
14
11
17
17
15
19
11
16
11
10
16
13
16
16
19
18
15
15
20
19
20
20
16
15
16
19
16
14
20
16
19
12
15
17
14
11
16
16
15
12
12
12
20
10
12
20
20
12
14
12
13
10
11
12
13
14
14
19
14
18
12
15
11
15
20
12
12
13
17
19
10
20
19
18
15
11
20
15
19
12
17
14
16
14
19
16
11
10
10
15
12
15
18
14
11
12
16
12
19
13
17
18
16
19
11
16
19
11
12
13
11
10
20
20
11
18
18
20
13
13
14
15
12
18
20
16
20
17
20
19
13
11
18
10
10
15
20
12
20
15
15
14
13
19
12
10
15
17
14
20
12
17
17
17
10
16
15
13
20
17
13
19
18
13
11
11
10
18
10
17
18
12
18
20
12
19
12
14
20
16
11
14
11
15
19
19
13
19
16
10
12
18
15
13
17
12
15
15
12
13
11
13
13
18
18
14
18
18
11
17
11
15
12
12
11
18
19
15
18
18
18
17
13
15
19
16
12
17
12
20
20
12
10
11
13
16
20
15
10
13
20
13
16
18
15
14
13
17
19
10
13
15
12
16
17

4
2
3
4
3
2
2
3
2
2
4
2
4
2
3
4
4
3
3
4
4
2
3
2
4
3
3
3
3
3
3
3
3
3
4

0

1
