700
35

112	632
499	95
816	829
749	245
147	142
377	721
151	672
234	662
442	97
845	528
262	129
974	188
616	951
115	153
768	76
675	928
414	523
424	366
977	352
966	612
714	150
203	693
57	139
671	168
176	188
767	827
959	874
193	974
952	133
164	123
654	736
421	707
859	173
839	944
307	946

443	646
869	655
207	929
597	405
181	854
824	494
412	126
273	246
594	83
656	264
507	440
803	13
966	83
269	870
125	998
685	956
134	478
839	101
802	577
493	209
495	990
562	313
990	988
667	887
166	140
628	70
749	332
76	568
936	717
724	651
293	394
117	352
732	532
322	745
854	178
281	169
93	834
9	283
6	357
987	707
832	261
647	169
462	176
657	577
897	973
757	35
830	672
563	313
745	757
364	401
533	334
532	225
533	529
588	909
773	117
370	317
828	155
762	190
403	67
932	787
98	517
118	67
64	433
238	365
326	325
971	706
625	567
207	68
174	589
70	826
849	568
169	867
176	618
573	223
21	986
591	314
641	352
981	338
695	408
272	348
29	450
456	170
499	675
215	587
480	804
377	303
830	591
28	520
399	2
30	676
566	182
15	718
373	598
245	868
385	319
4	296
427	529
404	444
774	576
421	348
282	522
211	823
835	885
404	282
23	424
620	833
785	994
481	185
75	519
250	873
289	183
114	193
598	170
663	222
285	199
810	455
645	876
407	700
2	200
208	967
502	505
125	680
797	608
500	305
78	942
118	14
590	133
463	264
680	245
985	723
461	336
528	918
693	253
616	208
6	21
86	904
596	628
116	278
882	144
494	664
293	785
782	706
751	386
543	775
634	360
414	988
617	367
827	203
751	237
978	62
156	822
56	606
809	709
938	669
971	865
730	1
112	111
955	254
369	689
298	381
59	462
223	321
211	603
358	845
94	976
561	915
839	920
384	637
707	177
4	227
604	632
781	683
167	239
629	842
184	933
239	745
682	983
609	280
64	941
238	877
196	787
330	650
349	668
658	964
16	636
859	137
684	260
414	573
599	986
971	812
160	910
725	109
518	715
936	243
374	36
944	863
67	126
789	205
476	592
741	54
610	680
160	420
189	763
790	593
755	843
84	908
729	750
887	605
305	754
602	82
226	169
468	356
23	194
290	543
859	922
474	343
743	508
461	114
216	724
369	159
59	905
9	184
511	325
552	116
911	104
992	119
907	648
736	180
434	579
70	424
779	353
501	715
306	153
480	631
913	34
742	640
656	855
865	322
339	206
686	257
341	314
516	379
225	40
717	98
128	724
690	673
471	304
606	60
645	683
953	760
226	444
461	841
602	11
327	669
763	629
690	426
340	772
466	69
343	378
956	898
905	890
896	808
405	229
49	636
944	391
369	27
84	183
486	18
862	807
99	444
213	156
629	73
3	504
906	573
326	34
227	762
340	417
341	21
921	51
752	588
547	140
548	388
48	488
874	873
625	124
86	149
70	594
424	699
821	342
252	707
827	290
887	19
997	452
537	647
422	312
463	768
568	802
154	27
84	747
55	303
743	611
804	508
168	944
921	273
290	775
831	829
595	640
543	403
646	435
829	686
764	419
870	926
121	755
813	718
264	346
809	542
318	225
404	364
164	296
899	390
763	953
94	844
135	279
589	588
224	354
549	76
363	871
560	574
130	81
199	219
854	490
319	133
429	185
288	856
958	697
774	692
261	284
322	753
99	605
584	848
495	136
543	321
645	213
874	930
540	15
894	222
590	576
538	654
950	994
399	655
347	948
639	744
512	152
604	257
818	956
31	518
458	30
31	199
706	901
8	657
994	134
304	912
7	171
761	850
881	625
105	138
653	267
66	391
325	226
15	81
489	966
833	827
104	587
870	716
111	327
932	217
26	66
849	91
434	947
153	310
992	189
791	828
592	648
562	517
188	673
891	62
44	266
941	731
567	153
594	892
791	725
217	397
942	871
497	90
802	75
613	988
299	338
490	157
443	374
945	241
970	553
926	758
185	991
368	681
484	185
605	284
371	93
832	272
499	670
679	330
838	260
127	683
576	883
531	881
592	920
411	935
200	623
590	173
694	784
61	703
209	880
334	484
479	534
981	427
839	957
46	243
157	772
86	341
394	78
687	368
245	774
139	787
725	341
625	722
39	75
65	519
6	470
21	840
164	885
380	786
361	153
999	267
902	490
400	704
650	503
741	27
500	196
265	955
491	175
472	700
737	679
361	777
448	686
129	154
57	128
796	415
461	447
32	762
95	468
684	885
473	504
423	913
323	126
551	704
668	295
254	791
443	678
268	312
380	247
495	366
0	499
427	265
142	182
463	84
308	991
261	625
785	673
720	831
70	874
990	812
428	7
2	978
242	547
884	929
872	592
469	944
793	879
207	986
744	506
421	321
512	312
399	701
480	772
747	320
749	100
362	918
590	234
531	126
995	812
926	554
994	12
442	589
693	257
139	820
965	990
642	826
739	532
249	500
654	566
484	89
555	975
533	517
283	63
755	593
556	380
354	496
686	628
89	20
237	956
561	435
451	771
365	349
92	218
716	119
855	183
740	201
216	285
472	116
495	970
693	241
74	53
886	255
956	101
496	229
365	669
714	108
120	657
72	405
79	879
660	946
35	34
992	707
172	727
572	861
957	649
918	473
161	292
22	477
63	878
450	942
732	313
771	175
210	339
67	828
84	96
299	895
88	105
719	15
615	87
985	353
128	577
351	948
612	453
301	740
936	562
572	219
162	225
603	1
250	488
797	774
701	361
394	487
410	253
190	362
749	593
503	337
619	125
838	244
434	231
500	539
133	74
217	90
512	601
807	206
833	594
214	51
877	582
566	131
571	810
82	989
599	628
263	220
215	718
275	853
224	877
323	694
373	223
431	976
755	447
436	288
288	611
808	307
812	152
949	39
585	613
458	839
789	62
407	193
133	21
230	719
383	424
635	607
547	875
683	348
301	991
866	704
615	610
601	42
441	508
313	655
346	892
666	132
499	722
897	167
779	489
23	978
481	612
408	721
972	421
22	732
42	228
512	807
539	771
640	416
179	752
572	550
51	568
1	89
730	862
478	741
911	83
266	431
488	319
276	15
606	343
117	799
913	486
367	429
534	31
674	571
6	491
356	963
827	543
387	460
102	21
463	261
117	141
20	649
612	627
408	151
346	647
81	785
717	22
96	288
18	78
822	428
457	589
304	249
707	71
76	444
137	623
652	456
826	870
812	856
144	228
427	905
949	285
20	46
383	612
948	51
701	577
659	353
948	965
750	592
617	315
507	751
624	106
318	604
546	691
366	907
701	655
409	228
743	833
441	764
474	98
649	40
960	110
490	585
633	391
428	326

70

1200
1200
1200
1200
1200
1200
1200
1200
1200
1200
1200
1200
1200
1200
1200
1200
1200
1200
1200
1200
1200
1200
1200
1200
1200
1200
1200
1200
1200
1200
1200
1200
1200
1200
1200

15
10
16
14
18
11
15
11
11
13
19
13
15
15
14
11
12
13
15
16
20
19
17
15
10
18
16
18
19
18
11
20
13
19
12
10
13
13
13
11
19
14
19
20
10
12
10
19
14
19
14
19
16
15
18
17
13
10
18
11
13
16
14
12
11
16
19
13
19
14
17
10
19
17
10
10
10
19
10
14
19
18
20
19
16
20
17
17
18
18
18
15
13
18
16
10
11
15
19
13
18
16
19
12
15
14
11
18
20
16
11
11
11
18
13
15
12
13
15
18
12
18
20
20
17
10
11
14
14
11
12
18
11
16
15
19
20
13
16
15
19
14
18
11
17
16
14
17
13
10
17
16
10
18
17
14
14
15
13
15
18
17
19
14
17
17
10
16
15
11
17
20
15
15
14
10
19
17
18
11
16
20
17
15
12
14
16
10
16
14
14
11
10
15
13
13
16
18
12
20
19
14
17
11
15
13
12
13
17
10
19
15
15
14
14
16
11
16
12
20
10
10
16
19
19
11
15
14
16
17
19
16
15
17
11
19
12
13
10
13
17
12
14
20
10
12
12
17
11
15
20
11
10
18
15
13
14
10
10
12
18
12
10
18
10
19
18
20
12
15
13
19
11
12
17
14
10
14
15
11
18
10
16
17
16
16
10
10
14
17
19
20
19
18
17
17
20
20
14
15
14
11
16
13
19
18
13
17
16
19
17
14
17
15
13
18
13
17
17
11
20
20
11
19
15
12
10
18
13
11
12
10
15
16
20
15
15
20
12
15
20
17
18
18
18
18
20
10
13
19
14
14
18
19
18
18
17
10
17
16
17
16
11
15
17
20
14
18
11
20
12
14
12
20
11
19
18
18
12
13
10
18
12
19
17
20
11
13
12
18
14
18
16
18
10
14
14
18
16
20
13
12
18
15
12
13
10
13
16
12
18
11
18
17
18
12
18
12
20
13
17
20
14
14
15
11
16
19
15
16
13
17
11
12
17
17
13
15
18
17
17
13
11
10
16
16
16
16
10
19
12
19
16
16
18
14
10
20
10
19
12
11
15
19
14
20
11
16
17
14
16
14
20
15
19
16
12
13
13
16
11
14
18
12
19
20
14
18
20
12
20
13
10
10
12
16
14
14
18
12
16
11
10
10
14
11
15
14
19
11
15
11
11
17
18
10
11
13
15
17
20
15
11
11
14
20
10
19
20
12
18
10
10
19
11
12
17
16
16
11
12
13
12
18
15
16
18
16
12
14
17
19
16
17
17
15
18
16
11
14
14
16
15
15
11
11
18
14
14
16
20
15
14
15
19
10
14
17
19
20
20
11
20
17
14
17
13
17
10
15
10
17
14
17
14
14
19
19
14
17
17
17
12
17
19
18
17
17
16
15
13
13
16
18
19
15
14
13
17
13
20
18
16
10
11
11
16
11
20
10
12
12
18
11
20
16
18
10
13
12
16
15
10
16
10
17
12
11
11
13
16
10
17
15
20
14
11
10
14
17
16
16
12
15
19
16
12
10
14
10
10
10
19
18
18
14
10
10
12
16
16
19
13
13
17
12
14
18
16
19
11
19
14
12
12
16
15
11
16
10

30677
37698
23464
21530
33875
31186
26920
22081
24775
29131
21394
23466
21268
25962
38430
23310
28354
30841
33287
30651
26597
38691
32631
22888
24668
30965
36769
30726
31536
24338
34119
37204
29438
26566
30249

0

1
