800
40

616	503
436	871
397	95
181	44
203	712
553	44
569	354
514	646
773	945
443	291
439	63
818	294
82	460
815	513
633	541
640	469
496	968
87	573
672	693
10	171
609	663
241	136
562	963
385	357
976	343
108	536
687	151
521	17
590	232
257	256
940	565
344	499
871	39
883	480
756	74
264	411
984	901
805	660
977	956
286	496

735	414
916	74
33	359
122	46
178	525
546	362
12	825
556	985
932	318
338	681
15	280
452	492
702	450
79	553
893	485
600	399
633	448
61	433
128	826
28	810
213	645
42	587
994	251
999	159
474	101
325	481
939	190
980	664
432	924
391	117
247	66
648	594
67	673
918	995
199	246
826	13
861	812
183	214
898	882
163	345
849	38
917	6
800	464
94	972
500	761
283	993
895	950
799	338
808	706
875	845
894	450
58	786
343	550
317	425
968	263
641	963
130	286
518	994
246	414
934	115
167	989
483	575
495	523
690	368
903	957
352	665
687	629
72	529
339	947
959	376
24	849
404	600
38	525
800	357
448	116
876	909
903	17
339	548
22	357
404	215
835	951
671	192
946	499
963	690
793	787
411	560
727	544
37	688
110	285
427	741
307	615
663	994
279	339
105	817
595	427
299	259
644	733
554	912
963	912
586	429
778	37
560	707
49	782
403	234
715	858
362	787
458	809
400	816
519	565
179	42
504	47
495	683
573	754
548	365
961	566
317	781
692	284
819	514
142	694
448	510
610	586
152	424
99	743
814	268
906	679
768	385
147	316
31	894
827	764
235	517
270	668
460	719
665	245
526	454
144	680
907	537
956	24
405	862
210	270
138	166
582	821
953	618
780	178
930	921
65	794
656	34
229	425
89	607
136	843
674	931
307	472
75	273
819	7
24	699
299	856
151	36
393	377
150	781
134	558
613	83
626	523
364	366
822	624
869	135
831	72
453	452
477	557
176	312
840	507
729	24
578	979
186	237
839	383
130	919
136	580
551	497
256	988
171	416
738	398
135	384
401	410
848	112
598	582
104	157
548	505
447	574
165	74
634	159
381	641
616	625
533	29
620	176
805	210
461	708
682	627
957	129
665	694
650	741
333	633
418	457
998	934
327	711
347	444
706	831
112	284
183	686
829	647
7	723
580	189
936	505
124	662
523	838
327	804
737	8
524	441
72	182
280	568
483	263
577	149
176	376
893	394
739	316
518	683
416	998
762	584
237	940
431	242
569	311
326	246
164	501
575	450
407	140
387	858
225	321
219	598
240	351
480	601
524	861
964	840
646	269
271	250
601	28
593	2
4	491
800	398
652	695
503	149
826	318
955	465
271	165
57	866
983	726
262	97
287	214
698	571
159	564
412	656
311	843
915	287
116	376
78	513
761	714
855	859
275	158
115	25
623	88
705	3
402	996
330	546
216	695
897	395
204	463
163	236
442	915
258	200
796	809
469	145
392	969
689	505
472	758
374	296
707	195
585	970
341	988
388	457
862	649
977	573
638	167
363	389
835	306
746	258
342	408
494	457
305	136
28	172
363	521
340	807
891	813
17	799
247	809
915	314
557	662
767	900
526	689
945	756
692	692
385	202
68	938
447	463
293	896
136	56
376	533
210	500
320	555
953	797
260	659
377	294
960	631
97	522
856	517
784	901
602	200
457	390
0	902
439	237
739	593
324	766
723	24
161	211
202	991
510	832
577	829
44	274
942	321
792	876
77	823
373	773
983	565
482	408
714	728
221	239
422	434
735	732
115	819
735	758
477	812
656	311
178	850
28	771
179	123
698	304
251	15
559	373
713	284
297	757
415	152
656	540
711	327
48	196
604	326
117	268
194	751
982	464
703	534
867	470
522	297
101	218
984	854
861	1
855	424
820	794
780	47
689	92
709	220
524	274
860	845
742	620
423	131
631	793
183	519
898	588
802	689
227	328
316	624
414	806
752	529
354	126
571	565
201	456
862	892
347	969
443	992
12	562
17	287
413	360
538	549
319	807
126	686
955	46
801	894
72	219
768	647
511	946
175	219
193	190
424	991
527	781
75	460
566	189
517	312
865	297
209	991
935	778
462	570
853	681
265	799
858	606
20	670
386	376
821	628
61	130
312	121
225	679
382	453
18	942
816	416
528	542
710	493
668	552
335	618
654	484
748	760
921	287
615	795
17	893
952	906
681	587
412	329
870	989
99	423
707	825
257	947
274	20
685	234
36	177
181	84
331	924
30	570
649	605
361	437
268	843
266	24
507	263
934	116
207	102
29	781
108	789
766	271
14	545
663	961
146	222
357	205
472	974
683	616
36	586
4	380
262	975
668	823
560	917
924	403
443	325
582	929
812	353
275	349
199	644
545	996
415	85
534	978
149	919
916	811
19	822
247	989
648	52
589	996
9	102
585	929
624	872
101	145
535	208
171	97
65	565
944	674
564	302
670	346
164	96
639	525
102	310
836	496
679	270
413	903
644	548
893	875
522	4
89	843
443	12
411	696
661	185
497	861
315	314
691	276
642	696
623	399
650	656
469	819
378	248
847	533
448	867
363	372
988	414
385	713
526	130
577	95
243	671
638	233
512	340
766	200
912	559
531	196
730	895
413	457
355	991
394	263
86	576
755	974
268	434
77	749
559	980
48	843
368	663
478	161
763	966
177	848
689	8
885	697
440	215
911	269
729	642
73	676
812	127
493	234
889	549
431	841
681	19
933	852
251	568
511	383
131	188
80	639
869	675
155	725
731	19
953	105
173	103
540	308
293	902
675	689
151	215
506	563
937	183
857	671
915	497
376	244
574	554
211	163
807	185
349	908
469	669
95	694
700	344
491	409
147	803
372	480
400	691
995	149
598	803
526	720
479	979
369	681
69	7
617	782
649	686
429	15
348	793
652	492
433	658
756	306
256	597
727	800
616	146
95	922
503	801
364	428
298	936
216	64
901	698
811	671
560	841
486	559
731	25
301	983
662	155
220	718
666	884
405	951
863	534
191	994
706	231
553	508
852	873
2	93
881	114
653	220
500	402
863	898
732	776
522	666
349	544
755	889
370	215
482	976
463	8
783	580
781	154
66	330
39	146
997	152
223	934
417	781
716	329
123	539
987	918
748	381
210	449
854	340
312	720
179	794
208	613
552	676
269	606
417	486
104	385
554	99
892	292
284	907
360	160
944	534
658	400
432	834
600	130
989	795
786	764
331	660
49	530
192	602
22	279
306	318
579	621
976	814
592	26
216	305
856	19
805	313
602	822
68	408
485	54
604	295
978	210
736	899
989	665
260	409
869	778
650	976
481	405
810	434
791	789
939	329
638	377
103	892
384	589
79	63
959	162
328	423
300	31
820	912
681	322
251	988
630	801
48	581
680	30
936	755
136	548
506	29
874	861
349	361
782	272
308	800
565	563
779	731
327	617
759	579
785	888
544	689
653	750
894	292
184	779
390	875
614	566
321	952
306	451
504	909
958	881
538	80
281	123
984	945
361	916
789	991
852	827
214	809
981	481
48	403
45	589
949	905
699	494
240	259
523	535
318	447
149	812
2	199
368	968
839	510
429	972
346	433
857	205
381	982
1	171
698	901
479	693
643	587
720	940
786	17
292	752
351	376
141	699
297	517
622	773
661	538
170	390
205	148
939	997
927	456
795	62
774	559
37	70
304	91
593	516
191	494
92	732
105	386
494	207
876	78
276	937
585	455
146	903
92	192
777	363
455	689
704	242
797	950
43	962
811	330
958	948
583	28
443	133
147	705
544	392
446	68
306	920
468	775
688	417
899	56
260	494
765	865
32	767
270	890
191	754
859	961
587	320
262	995
869	591
727	367

70

600
600
600
600
600
600
600
600
600
600
600
600
600
600
600
600
600
600
600
600
600
600
600
600
600
600
600
600
600
600
600
600
600
600
600
600
600
600
600
600

18
19
18
16
10
12
11
17
15
20
20
14
19
20
16
11
15
14
19
12
12
11
15
12
14
19
11
18
19
14
13
18
12
20
19
20
10
10
17
10
10
17
14
20
12
14
12
11
15
13
14
20
18
18
10
11
10
13
10
20
12
11
20
12
19
16
20
17
17
16
16
19
16
10
17
19
13
13
11
16
19
14
17
19
17
11
10
12
20
14
19
17
11
20
19
10
13
11
19
15
13
16
18
10
16
10
20
11
10
14
10
13
16
17
10
18
12
19
12
14
10
16
17
14
20
18
16
12
19
17
11
14
10
12
12
18
15
18
20
17
20
15
11
10
12
15
19
15
11
14
15
17
10
15
18
17
10
12
13
14
11
14
19
12
11
18
20
17
20
14
19
18
11
18
15
16
17
19
10
13
13
20
15
19
14
11
19
17
19
19
13
16
15
18
16
12
12
19
12
10
19
19
13
18
16
13
15
20
12
18
14
14
14
17
10
15
16
10
20
12
11
17
11
17
10
20
16
15
13
12
19
12
11
13
15
12
13
15
10
19
11
10
19
15
10
12
10
14
18
16
11
16
16
16
15
15
14
16
10
11
12
18
18
20
18
17
13
19
15
12
17
14
10
14
13
19
15
16
18
19
11
13
16
15
14
15
18
11
18
14
19
15
20
17
13
11
10
19
15
17
13
15
20
20
14
16
11
16
18
16
15
18
12
13
17
19
12
11
14
10
13
19
10
12
16
16
14
15
10
14
10
16
19
17
16
17
19
14
15
20
13
14
11
14
13
19
10
13
17
15
10
13
15
18
20
16
16
18
19
20
20
14
16
16
18
14
17
19
16
20
13
20
11
16
19
20
18
14
18
17
14
13
11
19
14
16
15
14
10
11
20
12
11
12
16
13
17
18
13
13
14
18
10
16
18
18
17
15
10
12
17
11
17
19
17
19
19
19
15
17
14
20
13
18
10
12
17
19
12
18
18
20
11
13
11
12
14
19
19
15
18
11
13
15
14
12
14
18
13
11
18
10
19
19
18
10
20
14
14
20
19
16
17
10
19
10
17
17
17
19
14
14
11
17
14
10
13
16
17
17
17
12
11
15
12
12
15
14
12
19
13
15
13
18
16
14
12
18
12
20
19
20
20
13
11
13
15
18
13
10
16
20
19
17
18
13
17
19
19
13
13
14
11
17
11
16
12
16
12
18
16
15
13
18
19
10
12
13
16
11
11
13
19
19
14
16
12
11
13
16
15
12
13
10
17
17
17
15
20
16
18
18
10
14
16
20
16
20
17
10
14
19
11
13
16
16
20
11
15
13
14
19
14
12
19
20
20
12
13
19
12
17
16
17
19
11
11
20
18
12
12
13
11
15
14
13
11
17
17
10
11
12
18
16
14
10
17
14
18
13
10
10
18
15
15
20
12
15
16
18
12
13
10
18
12
12
20
14
15
14
12
17
17
17
16
14
14
12
18
19
14
19
12
16
20
11
11
14
11
16
14
12
11
18
20
20
19
10
11
12
18
19
14
18
12
16
11
19
13
16
12
12
12
10
18
13
18
11
14
15
15
11
11
16
16
11
11
11
15
15
16
15
11
10
14
19
20
20
10
14
14
14
18
17
19
14
18
14
14
12
20
11
10
20
20
12
10
20
20
19
10
17
13
18
15
17
11
18
20
18
13
14
15
12
12
20
14
14
15
14
16
18
18
17
20
11
20
15
12
15
11
16
19
17
13
20
18
10
16
13
20
12
14
17
20
12
16
17
17
16
13
20
12
13
16
19
17
19
18
11
12
19
15
13
13
11
10
10
10
10

20598
39251
36579
28117
29389
34591
28962
30179
26329
30153
22051
27981
37817
21741
21432
34469
37952
34081
22529
30671
28683
34244
21657
25499
20910
25676
31391
31740
36338
31971
26076
30637
37582
28868
37642
28874
28528
34437
36684
31520

0

1
