800
40

423	419
161	769
74	776
848	647
593	21
445	944
103	97
94	709
650	841
852	81
181	630
87	952
843	434
370	109
270	635
456	85
12	430
95	168
972	746
34	541
95	831
924	584
630	274
591	878
373	130
532	84
358	453
289	427
605	278
919	400
444	417
534	432
785	329
151	965
691	795
182	796
69	932
165	79
42	921
90	281

569	549
896	5
152	349
664	869
544	618
128	930
382	890
119	456
700	112
520	312
181	557
279	186
525	811
364	92
840	340
24	482
531	901
122	190
998	624
171	519
172	527
825	362
500	663
657	600
303	925
718	316
940	329
578	879
684	219
38	73
543	293
294	27
809	313
47	474
546	371
793	239
836	564
534	68
219	294
337	702
366	998
129	851
39	312
80	43
933	729
114	868
775	610
65	501
840	590
152	999
24	620
670	277
977	362
608	649
663	264
84	792
666	848
603	72
151	165
625	2
336	770
113	255
261	293
175	180
734	243
235	262
642	681
262	536
941	943
570	462
362	931
958	471
360	306
813	944
76	55
949	290
682	675
564	751
924	551
913	131
655	682
325	265
873	162
440	693
647	675
495	654
125	653
379	2
539	784
945	550
291	420
977	158
744	183
834	823
38	631
790	153
714	665
737	806
489	914
150	958
518	270
332	864
187	336
154	159
940	772
932	215
418	407
114	214
329	312
159	737
861	650
710	196
55	281
578	6
569	774
870	208
372	582
680	80
543	287
392	862
281	213
411	588
403	319
638	129
174	89
147	361
622	295
120	174
837	977
622	962
80	402
178	79
494	217
359	29
266	452
50	746
286	769
334	741
287	315
827	180
191	517
541	979
925	143
529	667
726	897
846	314
530	75
817	636
381	444
262	26
723	794
164	131
8	23
861	36
101	603
145	810
703	826
328	649
501	534
648	905
131	439
175	528
278	736
855	748
446	243
636	48
765	633
613	223
557	434
633	959
727	515
334	100
347	974
275	661
246	514
911	454
526	996
731	441
62	851
716	286
56	561
571	834
486	182
909	811
410	759
186	683
778	578
139	912
419	744
827	38
243	767
896	714
318	744
857	285
290	219
98	252
143	940
125	792
702	972
410	729
9	490
600	910
695	950
641	176
532	276
598	141
993	563
710	453
466	803
599	336
670	719
849	945
303	663
488	447
922	616
143	359
779	111
727	820
325	586
741	113
329	538
245	845
778	505
480	687
750	51
967	992
759	449
898	191
808	154
345	346
877	540
957	128
621	941
384	895
872	785
161	681
64	974
744	658
654	103
806	454
221	879
895	837
188	402
246	604
360	151
989	960
528	861
161	966
818	727
41	941
81	456
198	430
201	827
610	519
691	458
440	999
277	772
438	330
265	841
492	635
437	387
815	319
673	33
543	244
910	981
115	747
108	702
758	714
86	677
343	567
21	980
712	438
803	212
873	543
7	612
313	244
377	531
915	928
576	183
950	231
116	652
276	558
547	620
77	695
643	671
468	609
816	189
746	926
544	78
585	56
0	987
217	694
5	545
675	145
821	122
580	583
665	793
731	110
201	570
890	363
316	935
835	370
847	267
868	788
511	977
842	887
44	17
530	656
271	147
598	250
561	331
623	295
681	508
325	529
988	256
870	96
302	93
243	705
379	154
492	909
971	757
647	768
489	746
471	235
477	113
296	801
52	945
309	246
876	959
492	334
942	415
673	444
936	78
673	768
258	270
216	979
359	910
556	499
507	346
931	221
164	535
615	221
155	174
228	121
382	856
887	734
943	870
738	895
182	222
725	38
149	793
73	707
279	942
183	740
353	674
700	774
558	71
78	355
728	552
352	648
610	102
586	814
385	530
125	255
749	908
546	222
693	696
961	287
990	65
387	564
730	451
172	244
927	781
132	693
355	748
699	246
993	765
366	885
228	532
489	767
574	125
295	930
406	289
121	601
549	995
785	146
24	326
610	316
281	501
157	933
57	20
291	792
84	906
222	885
402	141
720	834
298	924
288	334
751	345
128	693
468	398
323	657
376	37
625	801
510	945
788	502
586	51
268	968
99	838
763	972
805	502
545	99
936	203
64	713
58	554
518	565
62	38
322	291
432	419
797	918
707	709
31	637
383	503
516	498
664	18
715	821
686	997
271	373
167	184
91	959
20	315
807	701
735	910
511	983
663	516
347	398
868	601
551	597
955	472
932	591
943	530
269	833
774	241
296	281
558	593
27	207
688	146
137	135
500	0
62	23
357	481
253	657
441	92
812	456
363	234
537	524
498	77
350	711
288	575
926	887
48	253
301	711
149	306
529	552
717	194
287	567
512	239
641	360
462	670
136	755
719	171
595	47
477	616
196	305
32	532
471	129
444	507
445	657
823	797
418	581
783	474
760	200
331	227
654	43
127	35
250	563
436	251
405	7
170	202
397	383
654	656
715	353
986	568
905	857
419	488
71	389
518	68
944	557
750	944
489	632
719	116
84	353
632	279
912	820
490	943
300	404
6	710
34	749
731	748
779	361
151	921
279	57
501	5
771	424
863	178
189	84
304	829
905	847
381	929
836	116
292	581
842	807
371	205
382	186
103	733
773	135
24	922
609	609
669	179
262	86
372	53
295	271
212	243
858	93
842	255
853	225
824	857
574	184
181	97
459	792
894	527
409	249
348	767
313	107
116	393
940	381
533	493
537	479
20	674
282	94
996	442
122	87
326	2
124	186
694	263
906	778
606	89
428	325
594	822
23	996
224	899
958	224
401	640
846	226
301	862
958	761
731	167
195	512
281	855
584	500
519	730
624	635
92	325
787	615
287	116
498	581
51	508
724	655
144	442
949	25
678	776
729	870
474	180
111	647
652	413
966	484
323	489
605	630
127	177
101	471
178	87
61	215
908	992
989	106
288	6
632	121
457	897
864	177
128	131
457	920
747	268
686	71
488	770
708	944
887	60
830	598
665	899
498	357
574	438
45	312
345	547
851	776
654	787
396	212
369	972
317	452
558	833
904	707
889	236
4	354
695	365
90	233
647	965
13	22
467	776
685	501
618	592
729	438
29	968
289	587
416	584
346	475
499	246
977	829
46	869
461	254
75	447
825	79
617	552
987	467
177	618
504	223
191	514
208	772
53	387
754	164
393	94
235	285
102	302
45	206
716	437
62	449
193	827
852	978
170	299
39	80
425	827
784	228
926	908
46	381
999	150
429	599
719	484
158	578
507	382
18	494
6	703
795	871
232	809
224	32
157	988
798	900
651	889
919	345
506	515
561	33
854	596
373	204
570	505
136	564
849	129
810	349
976	544
496	771
944	158
725	119
333	396
321	321
901	826
872	721
607	326
872	151
147	356
526	508
32	143
254	274
290	359
291	647
392	18
632	563
686	923
969	551
154	628
970	396
72	740
793	728
10	981
980	475
768	485
499	400
804	731
429	354
25	838
255	576
385	700
423	26
709	381
290	631
274	276
848	137
93	871
111	980
622	610
785	965
557	213
549	826
443	123
817	96
593	160
180	391
673	48
411	442
663	153
921	889
977	784
746	573
29	82
957	851
0	50
111	412
358	591
134	36
298	813
542	200
299	798
40	608
221	291
551	919
309	88
724	222
798	589
9	278
450	96
790	980
840	161
457	717
79	329
363	675
78	229
46	70
397	120
343	809
775	635
504	398
342	901
206	439
681	818
791	651
66	93
163	157
749	748
54	769
420	857
626	574
2	283
298	119
191	709
474	476
834	408
823	416
134	903
357	225
6	714
741	911
884	338
74	21
836	390
803	488
528	906
276	270
117	146
629	567
710	173
171	560
582	343
2	522
785	161
528	228
917	169
164	733

300

1200
1200
1200
1200
1200
1200
1200
1200
1200
1200
1200
1200
1200
1200
1200
1200
1200
1200
1200
1200
1200
1200
1200
1200
1200
1200
1200
1200
1200
1200
1200
1200
1200
1200
1200
1200
1200
1200
1200
1200

16
16
16
18
15
18
11
19
19
19
18
10
12
20
13
18
19
18
20
16
13
13
19
17
17
20
19
12
17
13
12
19
16
16
17
10
19
18
19
13
18
13
18
13
17
19
17
14
20
14
12
16
19
18
18
15
12
20
12
17
12
20
15
11
10
17
15
11
10
11
20
15
10
11
10
19
11
15
16
13
19
15
12
17
15
20
16
18
14
12
20
13
20
10
17
19
16
10
19
17
20
15
13
17
12
20
20
14
18
17
13
11
14
15
16
18
20
11
10
11
17
16
18
14
19
10
10
14
15
14
10
12
11
14
20
19
16
20
13
12
16
14
15
19
18
10
19
11
15
14
17
10
18
12
18
20
16
20
17
15
12
17
14
15
15
12
17
10
15
20
15
17
18
15
20
11
12
20
16
14
20
16
14
19
18
16
19
13
16
10
17
19
18
11
18
20
11
20
11
12
17
19
19
10
13
16
15
11
20
15
11
17
13
19
15
10
12
13
20
19
20
16
13
18
11
14
13
16
14
16
13
19
10
16
12
11
10
15
20
12
11
10
11
12
13
18
16
10
18
10
20
13
14
19
19
20
19
14
19
17
16
20
14
15
14
13
11
16
11
11
16
13
20
11
11
12
20
16
12
16
10
18
14
12
15
14
10
18
17
19
14
13
20
14
18
19
18
16
17
16
20
18
20
17
17
14
13
14
15
16
12
10
20
10
13
20
15
16
10
17
14
10
19
20
20
19
12
10
19
16
13
14
20
19
13
11
20
12
15
15
12
16
11
12
14
18
17
14
20
16
18
13
10
20
13
19
12
14
14
18
16
19
14
17
20
15
20
10
18
18
18
18
15
20
15
17
20
13
20
16
16
17
13
13
17
12
12
19
15
19
19
10
18
11
11
14
15
16
16
14
14
16
17
13
16
20
16
11
14
20
17
14
10
11
12
13
17
17
10
10
17
10
20
20
16
13
20
14
17
11
11
11
16
20
14
16
10
17
20
12
10
14
20
14
14
16
19
18
11
12
12
13
13
15
12
13
19
15
16
15
11
13
18
10
14
15
20
16
16
11
14
15
10
10
20
12
11
17
10
16
17
13
11
18
15
14
11
18
14
20
14
11
13
13
19
10
15
18
13
14
15
17
20
20
16
16
15
15
19
20
18
13
16
20
17
19
20
16
11
15
11
18
20
14
17
15
18
11
12
15
12
18
11
18
20
18
13
18
10
15
16
10
19
19
18
12
18
13
13
15
19
11
15
10
17
20
14
17
20
16
19
15
10
19
17
19
10
17
17
15
12
13
16
14
12
10
14
13
11
15
12
20
19
13
10
16
13
17
12
13
11
18
17
13
11
18
15
16
11
15
16
20
17
11
10
10
17
14
12
18
20
19
11
15
20
20
20
13
20
12
15
12
16
10
11
17
14
11
18
19
12
10
11
18
16
11
11
17
14
11
10
11
20
15
15
17
11
13
11
19
20
17
12
18
20
10
17
10
16
17
13
17
16
11
11
10
20
12
12
11
12
18
12
18
17
12
12
18
13
14
19
15
15
19
13
17
16
18
19
17
14
17
20
11
11
16
18
16
18
10
17
13
11
15
11
16
17
12
13
15
17
15
19
10
11
12
16
17
19
18
11
15
18
14
20
19
15
16
20
15
15
13
15
19
18
20
18
17
14
17
14
11
13
11
11
15
20
14
14
13
19
18
15
19
17
19
19
17
11
15
18
15
12
11
11
16
11
16
19
20
12
12
20
20
12
16
10
15
11
12
17
13
16
16
10
11
20
15
20
12
18
10
17
15
10
15
16
16
16
10

2
2
3
2
2
3
3
4
2
4
3
3
4
3
3
2
4
2
4
3
3
3
3
3
4
4
2
4
3
3
2
2
2
2
3
2
4
4
3
3

0

1
