800
40

171	38
387	312
566	404
475	434
362	222
782	387
245	84
946	809
867	451
707	36
522	224
641	821
845	185
813	356
330	346
964	1
1	237
873	376
644	383
994	92
85	311
839	268
650	871
82	797
256	997
790	700
309	459
69	766
265	952
780	191
685	888
677	926
440	218
460	104
336	484
818	486
349	351
910	561
718	676
197	803

825	833
170	424
344	247
129	871
978	478
790	778
883	51
287	13
217	920
61	490
970	841
767	695
489	123
540	239
326	43
615	614
111	420
896	394
262	274
364	979
955	343
200	371
886	993
252	338
270	681
542	964
42	947
144	926
796	558
113	266
503	52
419	692
482	337
122	865
781	257
831	22
875	179
479	352
951	844
49	937
935	708
697	174
661	21
246	139
483	809
266	794
381	803
283	91
463	896
500	376
4	195
331	740
796	72
379	400
836	311
123	50
457	13
193	798
227	111
842	492
862	361
563	812
611	586
419	36
838	138
852	554
19	691
537	140
536	145
294	88
456	159
102	384
787	46
260	585
258	56
352	950
328	746
897	54
201	277
279	444
352	549
626	681
947	779
534	691
115	633
14	588
72	937
561	157
339	768
836	853
285	335
479	4
389	982
31	70
899	191
14	765
113	43
100	609
554	925
144	215
644	232
856	315
382	856
703	373
33	765
212	996
338	285
706	272
900	655
885	526
580	552
874	17
252	964
839	223
804	406
366	878
257	903
903	149
287	686
231	405
76	94
261	997
65	164
667	407
21	895
763	787
425	171
788	22
262	567
642	434
313	307
717	638
756	451
546	583
428	535
300	309
706	961
237	285
594	36
332	248
892	540
886	652
85	131
0	83
406	568
968	520
722	816
471	319
327	454
444	300
809	634
115	893
160	408
788	557
750	740
549	409
282	866
881	741
731	430
163	195
467	490
994	450
730	173
956	180
464	519
398	738
235	469
849	510
227	996
643	233
751	335
47	800
212	833
608	882
871	783
58	72
466	35
699	129
628	927
780	477
242	466
216	140
667	542
310	589
871	27
206	858
97	743
609	282
319	669
751	128
347	302
607	958
802	344
373	598
769	575
610	444
824	997
815	363
15	119
847	377
801	129
17	784
24	937
489	306
147	379
23	240
420	745
238	613
45	297
570	843
831	787
333	15
519	169
250	630
175	410
337	992
6	520
859	441
895	340
50	179
503	307
68	830
367	819
933	838
129	659
499	854
997	565
388	686
508	162
487	424
38	394
613	494
789	887
126	417
924	537
212	800
921	426
325	252
730	519
9	109
772	187
288	733
806	473
825	815
307	834
488	550
587	88
575	691
495	168
173	973
696	226
573	265
356	872
885	730
868	307
336	815
978	420
343	631
424	914
494	806
719	716
39	561
122	324
708	746
388	71
777	773
873	900
609	30
580	596
642	939
461	41
38	945
563	390
941	822
648	231
550	309
799	187
992	786
350	890
694	195
91	799
232	699
180	95
50	22
153	475
136	533
407	73
931	901
562	534
129	291
650	601
852	838
84	808
549	609
501	122
268	252
918	566
578	658
867	32
899	916
260	10
860	765
183	452
307	987
961	699
826	844
102	941
215	38
49	413
761	699
598	955
511	191
210	680
70	908
853	960
272	595
124	588
157	921
970	41
166	282
834	259
492	987
624	361
645	653
447	107
783	577
590	928
840	997
594	452
108	453
50	119
509	247
400	809
959	319
873	974
757	616
385	162
983	895
587	376
335	421
913	993
259	715
748	476
725	319
411	462
442	502
109	339
135	623
162	977
906	584
668	831
47	401
398	33
240	867
21	884
591	253
514	678
290	306
556	294
276	18
893	507
467	628
426	798
810	906
936	699
843	102
407	943
711	273
375	838
864	379
876	561
54	530
959	937
64	353
118	131
914	854
465	426
497	266
164	556
287	919
745	43
310	498
904	106
654	440
226	731
593	326
970	28
261	82
205	50
702	266
823	663
732	172
434	474
568	234
558	922
730	237
630	83
864	975
732	515
388	948
764	39
623	389
670	680
636	56
197	416
375	877
760	318
586	366
218	917
706	600
744	170
648	188
176	537
280	641
1	798
141	415
668	315
954	70
533	874
481	564
113	755
219	613
896	54
401	619
771	716
817	690
217	297
351	756
214	593
501	686
143	926
282	136
830	871
9	2
70	91
400	742
474	165
209	112
882	879
276	99
334	818
913	471
390	783
133	890
340	357
154	98
615	963
376	653
964	346
186	250
466	700
619	840
876	966
234	932
962	433
682	207
861	678
50	982
502	318
541	462
811	186
440	34
296	655
337	207
224	125
259	953
48	743
888	482
228	454
623	655
941	974
113	757
268	236
52	396
820	134
701	870
421	608
101	551
891	222
735	416
887	818
885	2
444	184
18	559
538	515
363	93
294	710
6	682
221	776
423	856
914	436
196	719
670	265
753	481
887	741
361	479
371	542
72	892
519	67
531	67
270	821
606	11
21	779
362	158
299	928
150	88
305	521
69	206
472	166
999	436
450	618
57	615
563	184
795	398
758	298
743	958
812	864
506	202
634	252
444	665
500	964
464	970
317	254
294	815
126	558
112	631
390	714
194	97
154	240
718	486
866	583
174	897
211	16
357	148
19	780
333	477
357	522
807	913
742	450
303	272
348	409
21	736
20	643
234	968
956	117
141	396
76	553
984	764
461	336
124	935
476	487
289	664
658	41
34	970
498	878
851	770
812	213
812	680
873	572
152	204
470	654
713	616
549	716
739	370
113	799
222	857
214	662
331	91
156	575
212	953
612	677
188	918
629	140
778	503
834	219
633	651
468	578
444	924
645	447
436	53
932	949
73	648
326	36
347	405
242	194
531	87
479	303
175	950
977	697
543	649
259	821
403	982
342	514
843	805
430	836
720	779
92	253
541	123
53	433
187	454
161	450
796	989
684	497
632	964
164	133
103	379
803	939
839	82
883	520
515	499
606	694
564	572
369	42
521	902
814	214
938	367
390	47
31	117
879	521
501	684
119	895
347	888
944	452
850	455
430	534
972	277
941	794
18	519
607	147
197	703
349	754
695	437
159	482
894	358
304	258
707	927
836	349
152	279
237	320
549	399
203	518
36	420
428	655
349	429
995	573
549	957
43	221
683	675
805	263
764	893
385	887
19	544
438	31
615	620
115	817
557	555
276	623
797	468
474	153
39	419
286	828
406	565
455	561
732	534
113	884
870	728
742	97
428	764
649	977
352	529
62	834
987	65
858	2
469	897
776	217
496	9
863	426
866	590
253	6
164	700
960	215
517	613
680	685
668	349
848	129
688	500
579	379
269	693
655	922
464	655
454	283
112	437
54	576
255	111
963	178
74	146
282	83
524	405
413	41
792	577
715	925
684	820
313	975
972	969
809	991
599	94
633	495
458	530
424	695
217	574
218	594
493	599
841	871
470	245
190	442
977	59
681	10
566	27
482	217
783	649
321	908
78	987
456	297
315	868
157	425
283	452
132	840
282	715
602	503
208	388
165	383
988	846
764	159
485	896
111	968
185	866
709	99
830	80
774	695
748	704
268	249
413	179
396	167
620	520
961	288
669	608
208	51
90	222
503	100
495	848
684	284
317	379
535	808
746	703
46	641
559	558
143	114
273	353
410	203
280	425
835	300
897	451
408	353
309	885
169	927
734	593
117	224
872	295
939	419
333	97
477	31
566	461
110	318
576	687
13	637
145	171
216	881
344	350
99	89
837	497
704	532
943	33
403	112
166	894
747	339
241	483
14	421
607	449
924	337
153	615
210	865
92	795
822	85
947	734
98	674
942	888
517	955
330	883
170	590
586	541

70

600
600
600
600
600
600
600
600
600
600
600
600
600
600
600
600
600
600
600
600
600
600
600
600
600
600
600
600
600
600
600
600
600
600
600
600
600
600
600
600

15
10
11
20
15
12
13
18
17
15
13
17
17
20
13
19
13
12
19
20
14
18
19
12
15
15
14
20
18
20
17
10
10
14
14
14
13
20
14
11
18
18
12
12
12
17
16
12
17
20
20
14
20
11
16
12
14
12
13
20
12
19
20
10
20
14
11
13
13
11
16
16
16
14
17
15
12
16
12
13
11
16
20
11
18
12
19
11
10
19
11
15
15
14
12
15
13
17
17
15
16
12
19
12
12
10
17
15
13
18
11
18
19
16
18
15
19
20
18
19
17
15
17
11
13
11
19
20
11
15
16
11
12
20
17
12
20
12
14
16
12
12
13
10
20
18
18
13
18
14
14
11
11
15
11
19
17
12
10
16
17
15
13
20
20
16
20
11
14
20
19
19
20
13
11
15
10
17
13
16
20
19
18
15
17
14
14
10
11
19
16
19
13
18
18
13
16
14
18
18
19
11
13
11
18
11
11
12
17
12
20
13
15
11
14
13
10
13
10
17
20
20
20
14
16
14
15
12
18
14
18
16
20
11
10
16
14
12
13
20
11
20
16
13
10
12
13
19
11
14
17
15
17
17
12
13
19
16
14
17
12
13
16
15
11
12
16
15
11
11
18
11
15
16
20
16
16
15
17
19
16
20
13
15
18
19
15
17
13
10
20
13
10
15
17
18
11
13
19
16
17
15
17
19
11
14
17
19
20
20
11
13
16
17
17
16
20
14
14
16
11
20
10
16
11
11
19
12
17
20
10
14
19
14
20
10
20
19
17
13
13
12
19
18
15
15
14
14
10
16
17
16
14
20
19
13
20
17
13
20
13
12
12
18
16
11
18
16
16
12
19
16
16
10
18
19
17
17
19
15
13
18
20
19
13
18
10
13
11
12
11
19
17
14
19
20
13
13
12
16
16
15
19
13
12
20
10
16
16
17
17
12
17
15
12
11
18
11
16
17
14
12
19
16
19
20
20
16
13
15
15
10
20
15
13
15
18
11
20
17
15
19
10
16
17
13
14
15
13
17
11
12
17
14
17
16
16
16
15
12
11
17
14
12
15
12
17
17
11
16
13
16
19
20
15
19
13
13
19
11
10
11
20
20
13
14
20
16
15
13
15
14
11
15
13
11
10
11
12
15
16
11
20
10
10
20
12
11
11
11
14
17
11
14
13
20
14
16
15
13
19
17
15
20
20
12
11
17
15
15
12
16
20
13
13
12
17
18
18
16
17
20
12
11
19
16
16
15
15
10
13
13
14
18
10
18
20
10
17
12
16
11
10
14
13
11
17
15
19
18
19
19
16
10
17
19
18
14
12
13
20
13
15
11
17
20
11
13
14
15
19
12
15
19
20
13
16
16
20
19
14
19
18
11
20
12
20
20
13
17
14
13
12
17
12
10
10
14
10
20
16
12
18
20
15
18
19
12
12
13
17
19
11
17
11
18
17
16
17
19
12
13
12
10
10
17
14
12
13
15
12
20
17
18
17
19
10
14
14
14
20
16
14
13
10
18
13
11
20
11
12
11
16
14
11
11
20
10
12
10
18
16
11
13
12
12
10
19
13
19
14
20
15
18
10
17
17
10
18
18
20
19
18
17
19
15
19
12
17
14
18
11
13
17
17
15
13
12
17
19
18
16
11
16
11
17
17
16
18
13
16
19
13
15
13
18
12
17
18
14
16
15
20
17
11
13
12
19
17
10
19
13
18
14
12
10
14
13
12
10
19
12
13
11
15
15
12
20
20
13
20
11
19
19
19
19
12
13
19
10
18
18
12
18
18
13
10
10
10
16
20
12
11
16
20
16
20
14
13
10

4
4
2
3
3
3
3
4
4
3
2
3
3
4
3
4
4
3
3
2
2
3
3
2
2
4
4
4
3
2
4
2
3
2
4
2
4
3
3
4

0

1
