800
40

59	25
240	598
377	602
250	306
125	396
338	367
502	541
504	571
29	90
223	162
2	111
119	640
328	142
311	57
565	584
520	419
209	474
369	589
164	229
155	495
439	525
108	429
112	242
201	379
304	333
149	441
302	12
400	499
137	300
643	443
163	439
526	545
463	884
360	811
364	745
149	684
611	34
83	729
885	201
858	614

542	509
301	394
644	536
94	402
272	16
399	512
135	516
38	454
131	116
33	513
40	453
239	341
97	29
414	594
262	591
617	335
180	105
637	592
231	66
122	460
413	437
226	53
116	477
513	333
299	600
345	518
310	355
278	163
258	645
86	397
568	527
410	335
249	559
8	256
180	578
663	550
275	460
121	141
504	380
255	193
409	630
95	18
234	207
30	197
189	607
570	606
12	503
253	69
11	329
148	327
154	291
512	568
639	410
184	574
504	578
212	517
22	431
200	166
168	294
28	106
512	352
61	189
387	407
362	651
281	222
55	49
386	660
287	226
158	582
84	644
600	614
525	363
308	347
18	11
362	536
411	372
27	501
333	159
46	4
321	643
592	483
573	500
281	16
445	460
421	491
529	564
521	419
293	581
24	62
189	546
139	7
273	254
361	600
189	291
45	20
335	405
645	605
221	299
611	413
643	428
646	412
165	574
97	271
527	372
589	386
211	454
193	472
495	558
61	612
260	555
447	448
296	656
576	379
152	495
513	601
244	656
604	603
205	9
297	662
22	10
267	322
333	665
491	371
113	651
19	206
378	427
85	661
155	449
21	79
130	155
503	555
117	97
25	531
82	249
315	164
314	221
188	272
471	540
5	67
294	341
283	389
660	630
342	394
201	492
166	564
661	501
179	351
240	424
466	542
209	496
195	32
382	390
13	96
326	265
146	284
444	610
407	418
256	45
305	351
437	497
465	337
661	485
526	516
120	454
119	636
52	428
223	355
276	282
135	618
191	235
255	153
580	453
38	253
130	331
252	297
336	641
379	630
78	421
69	572
428	588
124	658
106	553
224	571
290	273
330	441
143	24
559	434
440	494
220	490
104	170
129	591
180	295
570	476
646	536
306	1
11	36
367	622
583	463
71	14
524	590
28	229
492	507
510	482
100	41
339	488
234	419
29	7
60	607
367	401
254	318
106	10
139	414
600	574
93	362
47	656
511	493
83	310
61	528
321	258
385	440
68	41
35	108
346	514
393	385
138	462
140	399
398	465
261	330
651	493
115	339
399	475
238	23
641	601
320	342
656	630
86	73
595	529
185	229
493	498
601	362
318	480
18	522
418	418
48	206
134	290
612	571
206	83
154	632
276	269
288	524
130	160
589	603
164	590
616	552
216	483
196	391
238	3
368	401
126	400
291	478
231	446
233	110
528	549
133	455
551	624
312	299
513	606
253	579
62	208
20	407
179	37
313	7
516	503
529	545
249	369
577	393
440	493
290	640
116	106
660	591
59	184
158	315
438	364
231	622
101	494
230	554
14	393
84	17
18	44
618	388
13	522
306	204
64	651
170	421
211	449
635	389
381	391
453	382
517	433
194	504
177	355
275	602
294	272
590	588
308	333
266	657
293	381
446	631
349	374
72	122
579	390
535	649
328	549
291	78
552	443
179	319
27	549
231	248
271	570
87	654
501	427
400	453
206	623
4	587
175	116
275	342
258	557
607	360
248	502
163	473
631	449
455	662
79	150
226	79
111	247
240	286
167	47
321	82
303	463
245	130
1	514
505	400
381	593
442	456
130	147
189	392
274	545
218	572
437	350
552	396
246	223
196	324
607	416
253	446
124	142
466	481
276	195
628	412
306	201
328	639
512	491
184	428
596	518
270	317
446	638
320	305
115	154
416	403
383	586
645	594
126	569
243	627
389	377
341	495
263	468
192	84
202	194
284	644
20	306
482	621
226	290
209	605
292	380
27	344
498	514
432	627
112	310
511	387
298	535
499	350
42	227
74	516
348	376
146	327
185	366
131	125
268	63
188	436
651	659
124	280
450	351
542	545
238	260
34	481
367	655
262	632
58	177
285	192
448	470
502	576
589	649
151	211
484	631
481	392
22	436
257	124
166	86
271	65
29	666
103	405
150	1
194	498
82	381
533	657
182	374
165	659
193	322
144	23
10	584
324	338
89	633
21	7
248	300
478	659
363	654
166	238
160	65
276	309
88	93
444	435
264	420
222	137
598	589
238	331
448	607
516	510
311	634
579	404
157	310
69	504
46	130
575	621
258	70
350	476
265	20
83	319
46	470
292	430
46	419
28	144
104	123
644	504
307	50
594	575
147	647
296	52
101	614
129	95
629	454
528	656
375	394
118	63
338	531
11	625
94	651
15	657
251	253
271	338
314	15
146	245
101	655
107	467
280	316
36	614
349	526
567	633
24	609
25	35
54	373
63	168
525	345
68	399
114	273
64	406
629	351
151	483
128	124
120	206
377	630
387	372
77	191
43	217
84	477
107	37
230	246
534	598
311	556
289	535
577	398
288	50
567	463
475	354
581	425
211	251
475	524
443	594
9	153
145	91
262	288
383	608
259	147
7	614
90	377
112	289
602	660
12	562
16	507
97	255
163	280
571	532
237	403
284	627
305	170
377	500
476	622
213	227
43	46
33	422
86	135
90	389
465	470
253	285
364	499
440	337
546	532
220	425
337	539
136	362
301	220
404	565
320	42
495	403
287	494
250	426
316	457
278	423
281	369
308	466
136	49
397	464
257	45
34	16
226	186
288	418
545	563
124	463
602	649
564	620
150	119
290	402
101	417
113	190
21	23
116	41
619	602
159	283
336	396
214	257
56	280
346	414
536	339
492	576
322	405
311	6
310	148
657	503
328	423
341	662
7	662
150	175
86	162
250	362
639	424
306	120
319	161
131	529
62	226
45	421
30	109
445	502
96	82
4	407
170	60
452	472
311	308
377	468
443	467
343	581
375	487
593	565
233	428
450	371
173	207
225	150
60	635
407	592
77	401
268	551
229	39
156	38
321	283
620	360
277	325
659	486
178	182
177	388
144	280
372	426
500	463
293	160
81	231
324	471
15	544
522	496
245	60
286	30
254	138
442	542
4	236
219	40
851	670
753	95
757	499
248	841
886	585
458	919
507	60
939	107
838	558
169	967
385	262
537	90
813	761
981	273
827	601
767	558
162	838
420	71
892	331
774	265
815	941
732	356
409	268
146	851
499	66
332	715
691	630
767	112
915	557
495	308
557	883
519	49
685	824
405	772
55	908
847	930
894	621
584	835
747	695
499	717
336	87
682	355
831	473
933	378
355	179
468	874
609	684
806	948
363	301
679	190
695	763
537	884
467	966
164	970
359	152
337	872
829	909
846	914
991	887
869	776
821	46
924	296
995	25
875	707
957	792
896	869
592	806
571	262
668	790
938	366
928	650
626	176
803	619
79	889
496	124
315	981
388	153
410	274
283	889
888	761
906	768
607	726
708	315
683	577
145	802
289	743
282	871
776	172
749	33
724	655
685	114
690	635
851	750
926	852
155	825
831	194
578	106
962	92
977	566
363	669
794	754
701	730
343	3
123	721
820	391
522	104
737	930
89	874
780	416
375	195
301	934
592	181
961	278
54	759
553	687
801	871
468	181
250	947
910	24
705	610
733	524
489	961
655	201
95	954
960	1
982	195
748	982
983	603
326	812
475	123
944	631
800	774
600	682
735	504
188	985
788	25
564	773
765	840
248	846
723	334
694	674
485	256
857	398
843	644
652	776
790	437
334	752
773	445
64	866
911	726
257	919
825	483
503	965
331	884
646	728
817	167
711	880
578	153
561	956
670	213

70

1200
1200
1200
1200
1200
1200
1200
1200
1200
1200
1200
1200
1200
1200
1200
1200
1200
1200
1200
1200
1200
1200
1200
1200
1200
1200
1200
1200
1200
1200
1200
1200
1200
1200
1200
1200
1200
1200
1200
1200

20
10
17
10
12
12
18
17
10
20
11
13
18
16
18
14
19
11
14
17
11
18
18
15
17
19
20
13
20
16
18
14
11
19
18
15
13
17
13
17
20
12
14
17
16
14
11
15
10
15
16
10
13
13
12
17
13
17
12
18
15
11
14
18
12
20
16
11
15
13
20
12
17
16
11
17
12
16
14
19
14
10
11
10
16
20
11
14
17
17
11
10
12
11
11
12
12
16
18
20
10
16
18
16
15
15
10
12
20
16
15
17
16
17
15
13
13
17
19
17
18
19
16
14
19
10
19
17
16
13
15
15
12
11
15
19
19
17
16
14
10
11
17
11
15
10
17
12
10
16
18
12
14
17
14
11
16
14
14
15
14
18
11
13
10
16
10
12
16
11
11
17
11
15
18
12
10
10
13
15
10
11
13
10
10
17
11
17
18
20
15
20
15
10
12
13
11
15
13
11
15
11
18
11
20
13
11
10
18
15
10
19
14
18
12
11
18
14
11
10
16
12
14
16
14
15
20
10
19
20
18
16
15
15
10
16
15
11
17
15
17
20
14
19
10
12
13
20
12
15
14
12
10
17
18
16
13
14
13
10
11
16
13
19
10
11
12
15
13
16
11
14
14
11
19
15
10
16
11
16
18
14
19
19
20
19
14
17
18
10
15
19
19
16
10
15
18
11
17
12
10
17
20
18
17
19
11
17
18
12
11
12
13
15
16
12
14
11
10
10
17
14
12
15
14
19
14
14
15
12
17
14
18
16
12
14
18
17
13
10
18
20
17
13
20
16
17
20
13
15
17
17
10
20
20
10
18
14
12
11
12
10
11
16
18
19
14
14
20
19
19
15
13
18
16
15
13
16
10
20
18
11
11
17
10
20
16
12
20
17
10
16
12
19
19
13
12
16
13
15
15
10
20
12
20
17
10
18
15
14
11
18
15
15
20
17
20
14
11
12
14
14
13
20
15
15
18
18
13
14
10
12
15
19
17
14
16
15
10
15
18
10
11
12
15
18
11
11
11
20
11
17
11
19
20
18
15
14
11
19
18
14
18
12
20
20
16
15
15
11
10
15
12
17
18
11
16
17
16
12
19
11
19
16
11
19
13
13
17
16
10
14
10
11
11
15
12
18
10
19
10
10
20
17
12
15
10
13
17
12
10
18
11
14
11
12
15
13
13
11
16
18
11
18
11
12
19
20
11
14
17
15
16
12
18
19
12
17
19
19
15
14
11
20
15
10
18
16
12
20
20
10
20
13
17
10
18
18
16
13
15
20
19
19
20
12
17
14
20
18
18
16
15
19
13
11
20
12
12
11
16
14
11
12
10
12
10
12
17
11
18
19
11
10
15
13
13
19
20
14
18
17
15
13
16
13
20
19
18
10
11
13
20
10
16
20
10
18
19
18
11
10
18
10
19
11
19
15
16
10
16
19
11
20
15
11
12
13
15
14
17
16
14
12
19
14
12
15
10
11
18
18
17
12
13
13
15
14
20
15
15
12
20
20
20
12
12
20
17
19
17
17
19
17
14
13
20
11
14
19
19
13
12
15
12
20
12
20
20
12
15
20
15
13
11
12
17
17
15
11
18
15
20
17
16
16
14
15
16
11
12
19
14
13
10
13
15
11
11
15
13
10
18
11
12
12
10
16
20
14
14
11
10
16
18
12
15
12
18
18
20
11
15
10
18
12
10
20
16
13
18
17
15
16
19
12
11
14
16
17
18
19
11
11
18
12
15
19
10
11
12
17
19
15
17
20
20
10
12
18
15
14
18
20
16
17
15
14
14
11
13
13
15
20
19
10
10
20
19
10

2
4
3
2
4
3
4
4
4
2
2
3
2
3
3
3
3
4
3
4
4
4
4
2
3
2
2
4
4
2
2
4
3
3
3
3
4
3
4
2

0

1
