800
40

13	370
77	573
293	413
888	800
351	478
590	528
928	898
404	635
78	650
55	351
163	337
558	491
555	393
411	357
427	561
206	437
433	361
306	489
141	417
809	964
755	796
587	459
681	820
140	507
382	390
735	672
872	706
593	610
935	923
277	562
907	808
264	462
860	585
898	42
580	319
621	867
755	487
978	98
508	990
920	187

856	911
48	458
38	596
758	818
352	459
671	734
127	612
833	804
985	917
346	631
353	661
186	512
6	400
915	980
85	454
561	660
965	913
538	341
826	875
681	734
253	398
756	862
853	771
724	693
5	665
483	640
731	984
736	771
473	457
122	627
968	860
124	469
342	612
298	356
369	638
433	577
734	927
536	355
132	638
188	383
723	978
460	564
203	444
654	365
267	357
264	587
676	843
384	441
610	389
941	695
819	675
624	340
471	637
842	669
645	442
470	370
746	926
247	393
378	358
610	387
343	462
232	449
485	366
819	676
741	923
595	365
348	388
718	727
67	527
765	998
133	507
585	654
902	739
898	994
514	448
954	766
596	437
389	512
661	559
647	354
880	785
100	360
939	757
649	347
391	462
218	557
449	404
979	763
930	842
955	872
597	504
815	736
761	678
916	694
16	334
583	439
55	446
971	950
532	630
503	650
330	641
200	352
576	386
663	396
0	575
934	978
468	475
134	635
579	425
579	634
237	495
981	669
217	376
678	782
975	773
135	575
401	413
754	996
874	925
506	493
797	756
436	440
831	982
182	433
947	682
582	393
323	599
925	944
776	806
981	693
865	760
755	815
923	667
696	911
316	653
433	638
819	730
167	359
36	355
330	539
706	844
92	538
488	405
447	513
831	771
222	387
122	569
912	737
453	642
272	418
624	458
370	511
157	652
23	390
762	862
700	829
909	754
521	566
920	913
34	577
565	585
174	347
520	622
707	967
368	496
349	574
330	456
275	485
139	622
898	821
15	622
143	367
153	430
346	638
727	824
744	739
249	664
686	933
815	757
804	752
92	341
989	931
252	630
210	559
355	390
372	584
833	744
852	845
503	389
76	583
655	654
867	801
150	509
441	494
314	473
860	775
238	333
727	749
654	578
51	502
856	709
451	568
177	652
732	993
664	530
969	805
34	366
855	671
752	707
730	947
532	620
973	708
54	590
907	887
810	978
604	538
905	865
734	806
622	372
353	619
132	355
386	505
436	662
127	427
813	847
769	982
95	486
858	901
44	352
15	626
806	941
126	382
710	906
862	922
989	690
560	439
681	828
611	404
627	636
423	482
386	356
918	914
731	673
68	346
571	542
610	345
547	646
233	604
432	395
151	367
228	607
96	648
426	505
160	442
571	648
550	583
669	949
425	639
160	341
965	979
883	765
987	874
419	520
53	425
395	399
810	689
397	424
9	505
540	345
766	671
939	990
619	338
840	778
894	723
597	537
819	797
571	661
239	470
248	460
343	644
918	863
738	902
300	368
163	497
507	536
287	659
480	572
827	877
810	728
363	612
883	766
908	860
192	422
185	436
961	940
180	527
823	707
831	937
500	524
906	813
145	397
911	684
436	429
745	701
371	350
811	681
20	633
957	673
420	479
778	913
955	803
929	695
270	666
364	626
864	871
194	430
192	548
346	350
763	735
581	452
785	826
181	494
592	657
745	798
678	949
358	611
158	426
209	592
769	731
600	344
970	925
157	486
427	388
19	620
406	385
635	556
14	546
509	365
729	769
204	572
951	951
273	366
173	647
497	471
78	563
922	709
592	470
523	543
921	781
177	400
20	559
569	422
876	686
475	380
887	966
659	568
39	517
828	988
524	530
694	872
669	740
494	456
704	980
628	383
708	963
993	719
150	409
345	468
693	862
742	898
155	414
712	835
681	784
792	996
657	383
143	369
916	702
29	654
536	500
166	601
4	594
929	991
41	508
614	534
595	394
251	397
846	781
508	431
314	633
562	386
979	681
978	956
212	634
843	764
512	427
999	778
875	753
361	407
784	947
591	501
649	472
495	441
722	971
44	601
441	366
167	361
275	483
185	583
733	691
406	554
166	336
91	422
331	602
136	516
822	929
324	580
4	428
330	566
78	396
112	646
516	526
757	835
912	678
178	562
207	398
666	610
927	684
757	957
496	593
656	573
834	728
724	785
820	839
774	964
600	652
82	399
597	374
928	906
928	972
375	632
259	352
896	882
718	681
616	553
77	626
473	644
117	626
880	875
144	358
611	336
595	357
262	635
16	477
197	534
945	714
234	442
115	365
827	913
645	458
640	536
127	344
183	591
72	538
664	388
12	597
727	886
855	960
819	729
708	816
279	618
79	426
696	989
362	664
656	459
613	341
280	557
905	945
837	717
564	465
584	640
880	686
540	650
859	698
756	921
37	388
375	661
732	808
576	335
738	899
895	901
765	693
724	764
172	351
955	760
437	341
655	569
989	900
258	558
642	359
73	500
716	988
744	953
152	613
625	442
806	959
694	816
54	427
345	654
421	462
559	366
424	663
701	780
637	475
666	569
47	578
542	385
235	632
104	617
687	962
757	824
705	770
152	630
701	998
252	607
63	575
130	446
480	439
484	553
867	973
603	344
293	534
903	951
136	664
276	397
277	466
136	650
396	604
144	511
392	352
345	574
977	880
643	350
4	495
760	911
74	664
128	391
770	847
342	528
730	676
260	527
329	474
416	500
295	460
545	437
659	463
359	452
482	541
192	397
741	823
276	544
978	674
91	419
134	602
247	572
977	697
274	429
359	469
517	542
758	726
511	587
222	486
132	505
552	338
870	666
500	357
377	570
931	672
610	481
975	822
770	761
176	379
953	864
88	541
981	745
962	667
694	972
401	401
366	422
191	560
164	661
371	601
790	726
263	415
92	407
791	858
446	597
864	957
477	393
919	809
790	690
802	892
270	472
104	494
625	522
905	776
376	573
512	576
829	758
441	388
679	917
222	378
61	546
555	347
562	551
719	936
56	456
513	620
667	768
969	809
432	512
980	805
293	663
202	636
161	638
143	572
667	701
16	549
446	488
647	374
546	551
322	349
675	984
300	421
937	747
184	592
866	881
199	447
784	901
232	658
506	564
620	835
493	263
327	733
51	833
266	69
807	405
873	182
648	87
467	198
789	344
317	939
317	815
295	697
905	25
473	311
466	292
341	861
337	691
567	140
878	532
732	343
171	253
168	68
258	714
883	314
996	220
839	151
910	543
932	372
613	696
63	876
862	9
922	652
939	167
399	44
524	694
41	687
853	372
510	281
704	0
334	710
393	93
893	24
161	968
890	453
368	687
4	81
950	257
19	88
179	69
158	737
325	297
909	657
958	105
478	294
833	376
1	977
758	214
335	215
279	759
750	158
389	59
394	172
703	103
685	437
132	757
21	730
733	231
715	24
301	205
91	889
801	515
403	800
702	119
461	957
219	144
251	263
441	884
464	63
431	193
942	358
320	313
383	950
169	8
270	799
236	38
804	325
727	424
767	370
803	477
257	749
296	754
937	542
333	828
712	535
393	81
750	660
341	120
238	330
28	76
621	97
167	991
903	221
955	295
400	41
272	790
699	572
957	398
797	272
56	932
14	724
501	249
545	273
399	14
700	477
743	363
182	53
477	798
140	845
548	125
354	89
255	668
467	99
882	366
237	115
574	172
291	59
264	145
476	944
910	454
767	191
966	569
851	409
688	185
443	18
755	550
911	627
682	429
721	62
398	982
168	931
88	946
395	175
257	809
343	916
161	777
986	339
603	942
311	207
641	970
667	530
607	232
423	158
912	114
614	762
901	87
151	235
935	658
434	165
734	199

300

1200
1200
1200
1200
1200
1200
1200
1200
1200
1200
1200
1200
1200
1200
1200
1200
1200
1200
1200
1200
1200
1200
1200
1200
1200
1200
1200
1200
1200
1200
1200
1200
1200
1200
1200
1200
1200
1200
1200
1200

17
19
19
13
14
12
14
18
14
20
19
11
12
19
18
17
14
16
20
16
19
10
15
10
14
16
12
14
14
13
10
13
14
16
16
14
18
14
16
15
12
18
19
20
18
14
17
15
17
19
20
19
15
10
15
18
14
18
19
16
13
19
15
10
10
10
12
14
10
20
12
11
20
11
13
20
20
20
20
16
18
12
20
14
18
15
11
10
10
15
13
10
18
14
13
12
17
19
17
20
17
18
17
18
15
13
13
12
18
14
20
17
15
18
20
16
15
18
17
18
20
16
14
20
15
12
18
11
10
15
15
13
11
12
18
18
16
19
16
15
17
12
13
16
20
13
10
13
12
18
11
15
13
19
18
19
10
16
19
19
12
12
12
16
14
11
14
19
19
17
19
10
10
14
20
12
15
18
14
12
15
15
17
10
12
11
20
15
13
14
16
18
14
16
19
15
17
16
12
19
16
18
16
18
11
14
15
15
13
18
17
10
16
18
12
18
15
18
15
11
11
16
16
11
13
17
20
15
13
18
18
20
19
12
20
20
12
10
20
20
17
16
20
16
14
17
18
11
14
18
11
17
14
18
20
17
15
10
18
16
16
16
18
16
11
19
20
10
11
14
13
20
11
10
16
19
15
15
10
15
19
18
17
19
17
10
10
17
20
16
18
16
20
15
18
12
13
20
15
12
19
20
11
15
11
20
16
13
11
18
13
10
14
17
16
12
17
17
15
14
19
12
11
20
12
15
18
13
13
10
17
12
17
13
20
13
11
15
11
12
12
11
10
17
16
11
16
14
17
20
13
17
12
18
15
11
18
20
12
16
10
15
13
18
16
13
13
18
15
20
13
19
15
19
11
14
17
16
19
14
12
20
19
14
20
19
10
11
19
11
19
16
11
20
11
14
16
11
13
19
20
17
13
10
14
16
15
11
17
10
12
15
10
12
11
11
20
13
14
15
12
20
17
19
15
15
13
11
17
11
16
11
12
12
20
17
20
20
18
15
15
13
12
20
14
13
14
11
16
17
19
14
14
10
16
18
18
19
11
20
10
20
15
13
11
16
13
15
12
20
16
10
16
12
19
19
10
16
13
16
10
18
11
15
17
16
17
19
20
20
11
17
14
18
16
19
16
18
20
11
17
20
10
13
13
19
12
12
19
14
18
11
15
11
20
12
10
20
16
10
18
18
13
18
19
19
19
17
10
11
18
19
13
15
14
15
16
15
14
19
18
14
11
10
10
14
11
10
19
18
15
10
10
18
12
12
14
16
20
17
19
15
19
10
11
12
13
14
10
18
11
15
19
13
17
10
16
12
10
11
18
18
18
16
10
14
12
12
20
20
20
19
13
18
12
19
18
10
20
20
13
13
17
19
17
10
12
13
14
19
20
16
14
12
19
17
13
20
17
11
13
10
17
20
10
16
19
19
16
20
18
19
12
13
11
20
15
14
17
10
16
13
12
16
14
10
15
16
10
19
11
18
11
20
11
20
10
13
16
13
12
14
11
17
12
12
12
16
11
15
15
13
15
17
13
17
15
13
15
19
17
16
13
18
11
12
18
19
13
13
18
19
11
15
16
15
16
11
11
14
16
19
10
11
20
19
10
14
15
11
18
18
16
12
17
20
18
20
10
17
16
14
14
16
15
15
13
13
15
15
13
15
14
14
12
15
14
20
20
16
14
19
13
12
18
14
20
14
18
19
15
12
16
10
12
12
11
11
19
19
18
18
13
15
16
16
18
20
10
11
20
13
13
20
16
19
14
15
13
11
16
11
14
14
14
11
11
16
10
12
17
19
18
12
16
15
16
20
13
10

215
351
211
369
292
294
307
281
280
210
386
392
330
340
246
250
225
257
345
276
391
308
307
270
345
290
202
260
321
212
378
393
344
247
238
300
353
387
302
206

0

1
