900
45

481	163
296	498
390	130
341	349
451	320
120	256
383	504
584	268
501	515
839	144
949	839
754	712
241	558
3	683
877	153
191	249
250	403
405	896
597	829
40	243
641	573
926	185
906	105
48	236
190	568
669	572
554	58
687	67
348	539
829	905
349	196
238	931
250	683
273	777
787	596
180	406
894	658
504	948
408	917
873	469
596	821
391	809
440	754
888	330
43	232

797	145
621	691
656	556
440	138
868	963
47	247
242	606
792	406
557	400
684	485
581	264
537	26
280	390
642	692
37	452
741	679
979	178
189	596
921	641
772	983
120	819
218	127
429	818
654	365
950	489
225	863
247	642
792	945
570	330
627	993
509	951
899	931
586	934
973	624
463	287
741	617
439	247
253	914
359	971
202	318
876	560
156	644
520	875
460	860
543	47
550	335
731	266
770	955
88	626
620	987
623	713
567	96
402	12
959	664
583	242
677	187
160	798
618	664
677	368
77	811
710	22
35	439
385	648
248	136
630	639
270	670
12	344
116	529
663	481
587	262
100	427
38	799
990	338
175	524
398	23
192	631
191	323
853	19
357	678
690	53
36	236
915	487
907	309
755	708
761	439
986	340
884	382
487	937
734	203
734	834
173	649
847	763
258	845
552	372
309	600
144	729
649	865
506	726
464	937
436	826
428	64
520	277
181	249
963	527
519	338
578	473
242	299
278	986
78	459
253	979
787	310
571	467
360	297
411	252
255	136
11	175
292	578
356	374
332	397
676	143
53	961
272	931
863	294
295	901
783	38
785	798
367	146
448	995
630	102
192	294
412	376
334	551
136	48
481	449
687	461
577	769
237	419
830	368
991	199
655	162
944	642
156	168
801	120
465	388
456	336
113	13
240	85
181	936
230	814
152	298
702	795
533	322
492	785
84	239
658	792
425	290
238	731
833	671
733	5
105	455
715	352
738	895
149	973
21	153
626	568
384	119
512	55
738	693
907	368
127	255
439	222
985	419
371	616
79	761
962	198
911	474
888	728
994	658
145	129
769	130
430	83
998	95
406	507
185	676
788	257
20	193
558	675
774	667
116	795
303	471
112	65
887	880
399	244
70	750
880	791
410	67
357	744
738	644
556	803
464	38
260	868
566	626
803	81
340	589
473	746
79	928
713	43
759	500
474	444
261	306
15	885
424	313
610	318
338	194
302	382
611	775
691	54
297	874
167	257
441	991
352	663
879	356
226	327
964	209
892	591
197	208
551	132
67	901
42	407
73	180
268	827
232	830
478	977
699	307
132	289
404	77
555	524
910	222
744	649
587	646
603	867
980	876
367	236
334	264
567	397
384	946
879	950
456	914
737	689
150	57
373	694
872	620
637	985
743	373
424	802
284	568
700	580
609	418
609	359
42	163
879	681
475	588
767	395
243	953
506	918
993	635
222	945
389	672
757	749
964	940
170	535
122	406
592	562
532	949
294	407
361	603
312	832
590	185
605	62
716	183
648	635
430	292
527	809
335	694
687	511
554	166
246	525
913	726
140	916
765	959
111	997
142	639
890	682
727	300
672	886
80	39
713	41
208	155
682	911
427	118
408	349
136	543
937	861
623	862
969	426
109	923
772	408
651	870
317	117
203	957
218	283
720	585
221	274
969	917
375	435
822	862
904	771
824	7
891	709
704	627
709	361
530	988
25	64
778	315
606	466
128	916
211	16
887	833
501	733
209	881
317	770
936	558
447	937
80	403
10	847
186	833
824	742
743	691
547	351
832	531
628	133
289	711
972	506
3	97
639	698
952	730
186	326
553	2
15	312
992	10
715	824
608	835
236	370
736	467
477	495
901	976
840	213
372	651
674	429
347	647
239	993
858	265
163	771
443	227
115	270
21	81
428	241
121	874
182	981
967	641
829	956
934	380
957	136
568	757
987	274
546	293
878	78
100	574
476	470
579	924
677	215
417	406
506	60
315	88
407	157
315	495
702	295
661	22
811	3
4	436
297	507
820	889
576	541
382	471
388	827
588	807
741	54
484	721
798	156
676	660
858	8
350	515
719	425
139	414
671	865
850	707
635	721
584	704
150	94
774	155
837	633
745	245
891	796
342	300
74	578
525	443
974	489
502	147
137	124
303	949
333	922
908	88
722	396
854	503
46	166
640	14
42	73
330	528
860	386
220	551
844	577
519	808
62	71
708	890
351	426
854	143
797	165
996	926
386	762
893	346
181	854
489	553
810	289
489	199
309	420
262	434
3	904
141	484
418	239
410	761
838	618
459	250
454	840
2	86
214	405
711	298
968	411
354	283
893	767
668	186
501	928
823	14
225	502
983	988
752	416
365	174
350	849
879	698
344	705
257	481
567	654
520	772
554	533
743	889
350	501
94	981
690	635
805	184
953	95
319	455
365	635
0	143
649	124
126	269
471	335
555	592
386	763
367	588
647	979
560	45
723	638
92	329
38	399
542	263
435	814
436	972
949	35
849	927
999	983
581	382
291	663
346	894
381	236
41	571
157	760
126	183
398	917
853	46
92	942
229	231
159	413
540	649
842	212
129	515
431	546
987	613
218	423
283	948
741	106
169	193
153	810
828	372
809	287
646	123
336	562
119	960
916	459
753	940
855	589
822	310
208	384
711	475
209	180
696	447
890	497
225	772
717	689
20	184
379	434
738	979
484	203
941	796
658	371
628	934
315	846
510	192
726	932
906	702
408	460
864	592
675	548
767	175
96	674
770	85
164	249
547	157
534	825
679	891
99	726
881	843
948	151
223	348
832	805
245	670
245	275
426	873
482	888
725	298
871	953
81	440
871	10
140	830
406	209
934	479
966	365
966	894
566	464
84	513
662	770
960	410
484	181
442	944
764	676
916	846
22	868
188	739
119	119
818	672
588	368
475	116
220	144
151	526
581	149
239	439
262	77
177	104
992	823
555	621
285	555
59	540
18	64
352	470
705	548
38	604
105	348
244	653
860	258
162	807
854	329
838	476
246	733
887	374
138	923
348	234
1	811
555	226
699	496
388	720
755	457
642	767
224	871
155	652
387	323
908	186
185	54
964	242
934	541
330	542
936	608
117	903
476	288
572	393
52	150
410	168
940	10
20	649
90	794
826	147
400	265
137	102
803	102
368	617
262	160
45	221
705	783
148	615
828	800
635	992
45	18
272	343
278	736
913	949
703	474
36	844
281	880
68	583
19	185
86	389
114	431
455	280
501	572
163	945
961	986
941	940
620	199
188	504
143	401
547	92
778	370
685	655
183	474
774	601
668	546
649	500
862	939
170	141
887	285
879	840
339	888
494	336
426	492
170	381
143	617
139	244
850	46
747	932
765	101
330	824
192	396
686	593
394	47
906	747
509	562
165	487
469	243
795	546
434	541
610	610
415	13
525	723
996	81
34	716
357	530
632	594
576	306
643	717
547	393
587	657
342	548
107	521
125	508
267	126
95	402
607	794
321	282
300	12
677	342
119	783
550	469
386	885
982	805
35	105
121	394
7	409
520	785
596	286
67	932
863	231
172	873
736	710
363	891
43	743
934	974
651	282
925	703
40	456
837	394
501	757
324	256
317	314
156	996
354	376
480	745
840	651
289	295
727	937
782	665
94	221
667	258
263	955
980	146
590	410
999	278
210	657
221	932
208	414
838	433
682	39
608	223
513	996
679	981
38	299
126	405
353	298
845	602
396	855
924	268
215	370
311	76
27	473
893	115
720	42
422	952
180	470
132	500
516	162
904	500
709	543
648	118
494	581
385	152
419	507
669	856
849	618
289	17
159	733
608	716
93	530
726	943
662	873
165	642
75	867
807	261
947	865
303	69
320	902
847	662
73	96
857	104
197	225
268	529
49	447
270	380
199	993
358	980
320	551
646	447
361	954
895	814
111	401
541	281
498	265
38	586
232	852
71	901
167	150
964	324
914	687
778	593
925	242
761	342
328	79
20	276
175	376
309	129
456	833
954	733
946	819
206	157
551	127
613	567
162	217
225	897
706	162
191	8
681	434
273	905
813	898
67	866
621	438
948	230
871	20
199	166
240	635
443	143
176	86
719	501
272	224
185	961
490	995
850	757
374	553
378	921
917	551
706	428
78	561
804	461
165	781
829	868
379	870
934	395
70	484
713	854
199	831
830	882
10	309
955	412
200	924
781	437
90	578
907	275
218	603
559	903
959	658
500	236
344	774
320	734
454	769
789	376
30	56
654	789
427	758
52	113
127	760
769	86
496	235
48	882
556	377
651	538
835	893
911	166
599	971
835	103
380	285
518	650
647	919
436	731
145	15
820	130
738	537

70

400
400
400
400
400
400
400
400
400
400
400
400
400
400
400
400
400
400
400
400
400
400
400
400
400
400
400
400
400
400
400
400
400
400
400
400
400
400
400
400
400
400
400
400
400

20
19
19
12
15
13
12
18
16
11
16
19
20
14
11
17
10
16
20
12
19
11
18
14
18
11
16
13
19
14
11
17
18
11
14
20
19
19
19
14
14
13
16
17
12
20
12
18
20
12
15
16
19
16
16
19
17
20
10
19
15
18
14
20
16
20
11
19
12
10
10
10
11
16
17
19
14
17
12
12
16
15
20
10
15
13
13
11
18
10
18
13
19
12
12
16
20
10
14
12
18
12
13
19
18
19
16
16
12
12
16
18
19
17
11
19
17
11
11
17
10
15
20
20
10
13
10
17
15
19
16
18
13
11
12
12
11
13
20
11
13
12
19
14
18
18
17
15
12
20
18
13
15
15
19
13
13
10
14
19
19
20
12
12
20
16
15
10
13
14
18
12
12
16
12
15
20
17
11
17
12
13
12
13
10
18
14
19
12
14
15
11
10
20
18
19
14
15
15
14
16
20
18
17
15
16
11
14
13
12
20
10
19
12
10
14
13
10
13
11
19
13
13
10
20
14
18
10
18
12
20
16
10
19
19
12
18
15
19
14
20
18
20
11
16
10
17
12
10
20
10
20
14
19
17
11
12
16
20
12
17
18
11
13
14
20
19
18
19
15
16
13
12
20
16
20
10
12
13
11
18
20
19
17
10
13
12
12
19
20
10
10
11
10
19
15
20
16
10
10
11
12
18
14
15
14
12
12
12
13
17
12
11
17
20
20
10
14
11
14
16
17
20
11
11
20
13
18
12
13
18
15
18
12
20
18
12
11
16
13
18
11
16
20
17
14
12
17
14
16
16
13
19
17
19
16
18
11
12
12
11
16
20
16
17
12
19
19
11
10
20
14
11
10
18
13
11
10
12
18
12
13
15
10
14
15
11
18
19
14
17
16
15
14
13
10
19
18
15
17
11
17
14
12
13
17
20
12
12
20
17
15
17
20
12
15
14
14
14
20
14
18
15
11
10
11
10
19
11
11
15
11
16
14
10
14
13
10
18
13
18
11
16
12
14
10
18
15
17
12
13
15
11
19
13
12
15
13
10
12
14
10
12
14
18
14
10
19
19
12
14
11
12
17
19
20
19
16
14
19
20
16
10
17
16
13
11
20
19
13
17
17
18
12
20
18
13
12
20
15
13
12
14
10
16
13
20
16
19
20
14
16
20
16
10
12
16
11
19
13
18
19
16
14
18
11
16
20
18
12
10
14
20
12
16
10
11
15
20
17
12
19
19
19
12
11
13
11
17
16
17
13
17
19
14
17
11
18
11
19
10
17
10
16
20
17
19
13
13
16
20
10
18
18
14
13
19
13
10
18
15
17
10
11
14
16
12
16
11
18
11
11
19
19
13
14
14
15
19
10
18
20
13
12
14
15
15
10
16
12
14
11
10
20
11
19
14
17
16
15
15
12
12
16
17
11
18
15
14
17
20
15
13
12
16
14
20
12
17
14
12
11
18
11
10
19
20
11
13
20
20
17
11
17
18
19
12
10
13
10
19
16
18
19
19
17
18
13
11
18
17
19
13
10
15
12
18
17
14
16
15
18
11
13
12
20
11
20
20
11
12
12
20
16
16
13
16
17
10
20
19
11
15
15
17
15
15
11
12
10
10
13
12
10
18
11
16
10
11
12
19
18
12
14
14
15
16
15
12
18
18
18
14
15
13
14
11
20
15
11
10
11
10
12
19
14
14
20
18
14
18
14
18
15
14
12
17
10
17
14
15
15
16
11
15
17
15
13
17
19
11
15
18
20
14
10
13
15
18
17
13
16
14
17
11
18
15
14
18
17
19
10
19
12
13
12
15
18
16
17
12
15
12
17
20
11
10
17
20
19
13
16
17
18
12
20
17
16
20
11
20
12
20
14
15
20
12
12
15
16
17
13
16
18
17
13
15
19
10
15
14
12
19
17
14
13
17
13
17
18
18
12
19
10
17
19
13
12
10
14
17
14
13
17
13
19
17
16
19
12
10
14
13
19
19
10
20
12
13
12
11
17
11
20
18
18
20
12
16
20
17
12
12
12
10
14
20
18
15
20

37070
20336
31932
36560
27214
25487
22265
20047
24549
39021
38214
27095
36120
35398
30613
32134
23004
30241
29279
36409
38842
30682
33218
34221
31755
28547
31252
20281
34441
31215
20070
24986
21062
28829
37294
35529
34830
27302
24097
34492
22098
24874
33691
26059
27804

0

1
