900
45

743	457
795	617
914	622
929	396
263	37
359	577
272	65
104	1
189	234
221	85
926	645
273	180
470	615
779	396
689	538
607	623
339	580
909	467
99	267
897	554
916	338
874	494
165	249
823	378
959	509
425	625
840	456
491	348
939	334
966	349
493	503
884	646
86	188
753	538
425	483
590	417
81	834
856	107
244	627
228	482
672	900
444	985
759	963
699	152
63	864

882	537
140	171
811	408
494	559
673	565
745	444
41	263
161	284
454	352
661	404
141	75
880	419
597	641
555	378
976	382
972	352
640	590
883	631
375	438
549	584
498	615
445	646
188	293
719	427
593	587
264	93
90	108
321	152
882	448
853	567
992	482
794	378
896	394
893	602
278	87
87	48
628	379
570	386
6	308
390	496
895	560
676	568
730	544
425	382
186	270
883	534
967	576
693	392
335	644
925	471
167	45
131	282
270	177
846	367
506	359
883	466
340	612
925	486
421	611
812	604
81	64
895	650
522	620
708	460
534	633
74	273
777	509
560	474
596	333
141	203
444	422
427	659
647	363
389	542
110	20
83	194
975	634
260	283
881	525
252	100
359	444
412	528
92	297
759	499
180	91
364	464
776	359
588	463
21	7
234	31
271	243
262	69
743	488
583	472
48	240
533	394
779	342
399	530
908	584
46	93
617	605
439	367
125	4
310	104
344	499
156	247
567	460
353	640
22	55
724	601
74	183
327	111
101	270
495	468
140	83
584	658
178	333
862	351
201	136
364	555
799	523
180	167
116	13
689	417
639	648
474	498
335	506
317	263
961	422
407	453
826	504
242	208
585	591
249	77
494	401
947	637
553	337
752	635
246	32
398	349
348	515
366	456
351	381
473	360
572	430
319	218
275	206
524	527
651	656
139	324
628	499
797	370
135	118
133	294
986	602
539	513
334	356
554	382
22	303
971	430
2	210
569	554
360	441
700	508
854	515
365	440
980	447
810	518
16	313
597	538
209	162
85	13
990	378
293	277
534	345
401	493
709	536
703	360
939	569
765	574
616	435
737	646
445	378
975	602
681	371
487	398
623	459
567	381
16	66
504	349
834	426
792	652
82	195
941	589
851	477
647	362
154	6
608	438
448	408
907	369
34	48
158	6
571	577
639	654
699	638
652	380
410	509
51	17
354	649
802	441
548	638
644	512
60	318
869	514
286	210
682	396
253	48
879	503
200	188
124	208
561	538
245	192
495	553
12	262
453	658
382	502
631	536
660	364
163	206
271	244
470	439
614	445
21	331
974	648
642	439
293	207
719	556
412	369
944	387
159	328
396	585
448	542
929	369
745	658
747	557
825	524
961	395
784	358
311	307
879	512
177	282
273	288
873	443
18	307
696	352
285	37
179	323
451	410
688	550
730	374
776	526
770	456
400	447
828	615
654	362
805	613
622	472
626	524
38	154
527	513
518	405
622	452
863	630
921	561
689	532
893	576
602	368
695	539
189	98
621	441
40	54
913	577
992	663
656	446
688	595
300	199
366	423
534	408
996	443
488	660
313	272
937	345
935	551
519	656
16	71
692	601
92	20
680	366
452	436
278	283
602	381
833	373
527	664
719	495
879	637
442	501
927	401
968	430
590	526
885	586
307	228
504	642
682	580
848	644
592	396
217	36
854	424
440	475
338	620
501	657
762	467
767	539
850	585
940	487
953	521
152	130
176	180
962	386
963	653
21	3
168	294
200	154
928	468
960	456
734	549
921	640
719	375
387	518
57	53
15	244
645	442
468	546
42	204
997	421
502	547
444	582
780	580
756	379
6	319
809	488
301	208
935	377
689	408
338	652
319	39
975	631
441	586
740	354
861	369
333	126
598	646
844	348
603	545
952	628
397	587
875	438
688	553
127	155
284	219
592	333
594	635
861	441
104	177
11	131
47	295
987	391
422	515
892	490
408	456
795	383
281	25
998	340
561	402
406	511
456	390
962	572
294	296
496	527
476	573
692	388
343	635
649	580
477	459
685	438
836	646
204	239
266	71
694	389
623	460
365	531
722	478
650	351
487	408
145	113
468	532
748	384
630	379
469	530
14	188
827	343
538	447
177	35
211	81
451	436
619	633
169	136
337	524
831	399
313	147
303	82
16	45
827	374
842	511
530	534
528	536
132	17
588	341
464	419
411	644
466	468
521	377
940	525
170	168
992	468
452	386
894	506
414	464
820	557
634	415
771	441
650	459
526	465
814	657
119	236
362	413
267	155
743	515
630	496
812	369
232	167
343	616
380	431
633	634
246	233
498	376
118	279
933	474
611	456
847	563
108	317
911	633
686	562
605	387
947	405
469	465
496	483
84	145
415	437
153	71
803	374
976	666
443	357
503	543
323	2
393	360
383	419
338	399
777	522
934	516
207	256
40	0
398	474
757	357
330	60
817	483
643	425
722	652
731	572
80	31
377	581
639	574
407	404
693	345
227	221
370	335
983	334
95	185
309	57
839	569
989	600
544	360
785	560
427	609
141	10
409	517
963	394
940	532
901	483
866	369
110	39
680	571
810	405
45	26
600	340
775	347
763	501
495	440
197	55
677	432
235	151
355	610
675	365
877	356
75	107
906	548
207	15
91	333
173	326
781	336
504	643
908	648
649	397
924	513
434	572
336	535
986	366
79	223
243	106
124	157
956	511
479	566
243	324
738	501
89	228
466	545
453	569
245	96
542	416
277	313
580	476
692	571
169	73
914	556
480	482
852	632
399	660
827	481
822	394
797	335
206	325
298	13
609	571
792	578
233	124
534	347
876	535
525	650
171	143
962	617
949	421
624	639
717	378
774	355
945	569
977	492
660	349
55	107
824	392
764	371
163	233
476	445
589	445
120	212
841	383
766	486
474	387
661	663
879	456
504	546
900	497
554	518
626	472
985	489
742	511
814	454
385	364
968	484
571	622
746	416
340	533
823	391
656	578
311	33
615	587
746	540
499	600
138	175
149	164
732	658
537	598
306	237
806	366
96	234
656	338
261	242
544	415
622	630
422	406
216	7
726	567
863	457
169	267
851	469
908	635
74	237
260	146
368	514
486	342
698	352
9	102
843	362
708	474
29	119
158	169
788	355
600	571
397	442
951	517
990	344
386	432
911	621
637	492
900	449
993	638
662	447
190	294
702	547
12	113
518	560
282	103
137	294
896	349
648	628
958	376
605	633
998	333
687	385
157	51
742	591
227	62
995	612
391	567
385	422
389	388
395	654
103	30
995	462
626	584
602	359
934	572
352	439
278	176
331	207
847	603
954	535
161	178
616	575
308	87
645	601
225	24
424	581
429	459
700	353
875	428
814	409
238	302
555	357
210	200
265	216
325	326
675	378
533	440
507	468
81	94
988	615
190	24
545	406
959	561
673	530
761	547
582	587
273	79
806	625
326	142
192	39
713	521
213	288
490	477
977	604
425	655
898	371
528	517
206	190
520	505
454	392
730	382
958	472
701	351
741	428
729	463
306	387
328	462
632	897
62	817
272	917
877	801
58	387
715	729
150	947
594	732
970	932
469	37
405	832
283	871
447	953
93	685
638	757
912	952
45	432
559	875
150	710
632	843
555	786
286	445
422	720
173	905
930	714
958	322
193	829
597	104
499	48
993	798
871	750
400	288
543	148
71	841
375	190
426	59
981	249
949	677
196	944
695	122
409	806
136	975
707	42
717	313
215	863
299	818
796	39
698	272
658	944
379	923
587	866
500	160
281	779
582	936
246	504
20	500
250	774
485	847
766	714
709	947
938	796
835	921
275	539
539	216
340	300
896	755
64	381
623	284
769	193
83	429
867	797
529	241
271	809
552	309
161	497
486	683
731	161
339	192
635	916
265	981
655	327
972	257
962	940
619	879
51	407
136	473
881	156
361	41
862	700
153	450
109	426
295	429
966	975
411	107
141	852
529	780
87	649
420	88
473	787
595	99
699	775
589	161
563	129
297	979
182	997
758	724
692	181
872	993
978	221
447	215
312	515
535	792
309	440
716	786
895	810
464	330
529	721
680	68
162	816
495	131
772	731
204	999
987	154
703	902
232	580
307	985
562	308
910	809
712	264
941	127
96	542
663	838
846	707
294	949
747	238
336	703
86	736
837	315
225	477
988	294
794	745
475	855
439	844
235	921
783	295
307	687
131	599
966	329
324	959
810	106
212	922
596	200
989	753
76	741
57	659
256	925
754	253
61	674
918	768
247	439
903	830
401	667
894	988
33	629
999	54
860	207
215	513
227	762
917	971
822	32
379	106
842	776
206	526
808	134
347	254
581	668
334	242
484	281

70

400
400
400
400
400
400
400
400
400
400
400
400
400
400
400
400
400
400
400
400
400
400
400
400
400
400
400
400
400
400
400
400
400
400
400
400
400
400
400
400
400
400
400
400
400

15
16
11
19
12
16
19
18
13
19
19
15
16
19
15
12
19
20
20
13
10
12
20
15
17
20
16
19
15
13
13
12
17
10
17
17
16
11
20
14
12
14
13
20
14
18
12
13
17
18
20
19
15
20
18
16
19
13
14
16
17
16
12
17
15
15
15
12
14
16
17
20
19
15
20
16
15
18
10
11
14
16
18
19
17
17
16
16
18
12
17
13
11
18
17
19
10
13
15
11
11
19
16
18
20
17
19
10
11
14
15
16
19
18
14
19
10
20
15
14
14
17
13
12
12
16
20
15
19
19
14
18
17
13
16
19
18
14
10
11
18
15
13
14
19
15
19
20
19
18
20
19
14
13
10
12
14
14
11
17
17
10
16
20
14
11
14
18
20
14
17
18
19
18
19
11
11
12
18
20
14
12
18
12
14
18
19
17
14
16
15
12
17
12
17
20
15
10
18
11
13
14
18
11
20
16
14
11
14
16
11
13
14
18
18
12
20
14
14
18
16
13
11
11
19
11
10
10
18
14
10
17
11
17
10
18
14
13
11
10
17
18
20
11
12
19
14
10
14
20
11
11
17
14
12
15
13
20
14
18
16
14
16
18
15
10
17
11
19
14
20
15
12
18
13
13
16
15
15
17
17
10
18
12
11
16
17
10
11
11
20
17
15
18
10
12
17
15
13
20
14
18
12
13
10
13
15
11
15
18
14
11
12
17
12
19
20
15
13
13
17
11
11
17
13
15
12
18
14
20
12
20
10
10
15
16
17
17
16
12
17
15
13
11
11
18
13
19
19
14
10
16
16
19
14
18
11
15
13
10
18
10
12
19
19
19
19
15
18
17
20
19
14
13
17
13
19
18
14
16
16
20
16
16
13
14
18
13
17
12
17
13
18
15
11
14
14
15
11
20
20
16
16
20
17
19
19
11
12
18
17
11
12
12
17
19
16
17
11
18
13
20
12
19
12
16
18
11
12
12
20
19
18
14
16
17
14
20
16
17
12
10
20
12
11
18
11
13
15
11
20
11
19
15
11
11
20
20
15
12
20
10
11
18
16
14
12
19
14
17
14
17
15
15
20
18
18
19
19
19
12
10
12
17
10
17
14
20
18
18
13
12
18
10
12
11
15
12
16
18
19
20
10
13
16
12
15
13
12
10
10
17
18
18
10
13
19
20
20
19
18
15
13
10
10
15
12
19
15
16
17
15
13
15
13
19
12
13
19
16
20
11
16
10
17
20
16
20
12
10
20
18
17
13
13
14
16
14
10
19
18
17
11
15
14
11
13
10
10
11
17
10
18
11
15
10
10
10
19
11
15
15
17
10
20
15
18
20
11
13
15
16
19
19
18
14
18
16
10
17
12
14
14
16
16
12
10
13
20
16
18
15
15
10
12
20
12
12
18
20
16
15
16
20
20
19
13
10
15
15
10
16
12
11
12
10
11
17
10
19
13
17
14
16
15
12
11
17
17
13
19
17
10
15
12
12
12
13
14
13
12
20
16
13
18
14
13
10
18
16
11
12
16
10
18
18
15
13
11
15
20
13
10
20
16
10
12
16
11
14
18
17
14
19
16
13
11
18
13
15
18
19
11
12
12
15
20
12
17
13
19
12
14
17
12
15
11
11
14
19
20
12
18
13
20
10
12
18
19
18
14
14
15
10
17
16
11
11
20
11
18
12
12
12
18
19
10
12
15
16
14
15
16
18
11
14
14
10
20
19
12
20
12
15
11
11
16
15
13
12
13
15
11
20
15
15
14
15
20
18
13
14
17
13
19
12
19
13
11
12
13
11
20
19
12
11
19
17
17
10
11
16
20
14
16
15
12
14
13
15
10
14
12
20
10
12
20
19
20
17
15
15
15
19
10
12
15
19
12
18
10
11
10
20
17
15
15
16
16
18
10
20
15
18
14
12
18
12
10
17
10
11
18
20
14
12
14
13
16
20
12
18
14
14
11
19
13
20
15
20
19
14
13
20
18
11
20
10
14
15
15
18
13
10
11
15
18
18
18
15
18
10
13
20
16
18
11
11
12
18

229
266
236
288
275
203
395
216
373
276
366
356
384
208
264
241
394
215
333
283
380
279
387
331
363
257
332
390
235
268
232
221
213
356
259
270
369
273
277
308
278
260
289
316
391

0

1
